  0.591093E-01  0.394000E+02  0.109497E+03
  0.618416E-01  0.761000E+02  0.903044E+02
  0.645739E-01  0.286500E+02  0.762890E+02
  0.673062E-01  0.261000E+02  0.659284E+02
  0.700385E-01  0.467500E+02  0.570860E+02
  0.727708E-01  0.763500E+02  0.490012E+02
  0.755031E-01  0.807750E+02  0.422722E+02
  0.782354E-01  0.440300E+02  0.371637E+02
  0.809677E-01  0.617400E+02  0.320906E+02
  0.837001E-01  0.561200E+02  0.286212E+02
  0.864324E-01  0.677500E+02  0.248227E+02
  0.891647E-01  0.458050E+02  0.222978E+02
  0.918970E-01  0.540700E+02  0.203238E+02
  0.946293E-01  0.651500E+02  0.177935E+02
  0.973616E-01  0.530800E+02  0.161692E+02
  0.100094E+00  0.573050E+02  0.143234E+02
  0.102826E+00  0.499550E+02  0.132087E+02
  0.105559E+00  0.636850E+02  0.118276E+02
  0.108291E+00  0.661300E+02  0.105870E+02
  0.111023E+00  0.602100E+02  0.979698E+01
  0.113755E+00  0.605800E+02  0.880879E+01
  0.116488E+00  0.537500E+02  0.809197E+01
  0.119220E+00  0.644750E+02  0.742001E+01
  0.121952E+00  0.598800E+02  0.678192E+01
  0.124685E+00  0.597045E+02  0.639538E+01
  0.127417E+00  0.533020E+02  0.571952E+01
  0.130149E+00  0.575985E+02  0.545076E+01
  0.132882E+00  0.601665E+02  0.498632E+01
  0.135614E+00  0.558980E+02  0.463338E+01
  0.138346E+00  0.588505E+02  0.442050E+01
  0.141079E+00  0.576555E+02  0.400993E+01
  0.143811E+00  0.563890E+02  0.381585E+01
  0.146543E+00  0.540280E+02  0.353345E+01
  0.149275E+00  0.548525E+02  0.336499E+01
  0.152008E+00  0.501730E+02  0.314667E+01
  0.154740E+00  0.528890E+02  0.296414E+01
  0.157472E+00  0.529445E+02  0.283088E+01
  0.160205E+00  0.528055E+02  0.266727E+01
  0.162937E+00  0.516585E+02  0.251391E+01
  0.165669E+00  0.520820E+02  0.242479E+01
  0.168402E+00  0.525925E+02  0.229225E+01
  0.171134E+00  0.531505E+02  0.220018E+01
  0.173866E+00  0.510370E+02  0.208580E+01
  0.176599E+00  0.497120E+02  0.197814E+01
  0.179331E+00  0.505545E+02  0.191607E+01
  0.182063E+00  0.496600E+02  0.183770E+01
  0.184795E+00  0.515585E+02  0.177332E+01
  0.187528E+00  0.485780E+02  0.167357E+01
  0.190260E+00  0.491625E+02  0.162873E+01
  0.192992E+00  0.508455E+02  0.156690E+01
  0.195725E+00  0.484495E+02  0.151795E+01
  0.198457E+00  0.492900E+02  0.145102E+01
  0.201189E+00  0.487880E+02  0.142742E+01
  0.203922E+00  0.479845E+02  0.136626E+01
  0.206654E+00  0.459390E+02  0.132625E+01
  0.209386E+00  0.481710E+02  0.128019E+01
  0.212119E+00  0.470795E+02  0.124584E+01
  0.214851E+00  0.477460E+02  0.122873E+01
  0.217583E+00  0.466855E+02  0.119468E+01
  0.220315E+00  0.465520E+02  0.115033E+01
  0.223048E+00  0.453129E+02  0.111657E+01
  0.225780E+00  0.449537E+02  0.108849E+01
  0.228512E+00  0.466566E+02  0.107288E+01
  0.231245E+00  0.449350E+02  0.105409E+01
  0.233977E+00  0.424051E+02  0.101960E+01
  0.236709E+00  0.437193E+02  0.100353E+01
  0.239442E+00  0.440051E+02  0.986128E+00
  0.242174E+00  0.433039E+02  0.965751E+00
  0.244906E+00  0.426900E+02  0.943526E+00
  0.247639E+00  0.426818E+02  0.944966E+00
  0.250371E+00  0.422143E+02  0.922296E+00
  0.253103E+00  0.420513E+02  0.903782E+00
  0.255835E+00  0.420718E+02  0.901499E+00
  0.258568E+00  0.419037E+02  0.888249E+00
  0.261300E+00  0.420566E+02  0.875366E+00
  0.264032E+00  0.417519E+02  0.863805E+00
  0.266765E+00  0.410291E+02  0.854197E+00
  0.269497E+00  0.416333E+02  0.846461E+00
  0.272229E+00  0.403287E+02  0.830235E+00
  0.274962E+00  0.407733E+02  0.821844E+00
  0.277694E+00  0.403426E+02  0.816049E+00
  0.280426E+00  0.395653E+02  0.809110E+00
  0.283159E+00  0.390725E+02  0.795697E+00
  0.285891E+00  0.398042E+02  0.778849E+00
  0.288623E+00  0.384587E+02  0.777094E+00
  0.291355E+00  0.378040E+02  0.766112E+00
  0.294088E+00  0.380447E+02  0.761572E+00
  0.296820E+00  0.382892E+02  0.759578E+00
  0.299552E+00  0.373664E+02  0.740465E+00
  0.302285E+00  0.369642E+02  0.731405E+00
  0.305017E+00  0.375474E+02  0.734561E+00
  0.307749E+00  0.360737E+02  0.720560E+00
  0.310482E+00  0.359722E+02  0.711349E+00
  0.313214E+00  0.363134E+02  0.711023E+00
  0.315946E+00  0.365842E+02  0.701946E+00
  0.318679E+00  0.358427E+02  0.699569E+00
  0.321411E+00  0.352818E+02  0.679517E+00
  0.324143E+00  0.350944E+02  0.690005E+00
  0.326876E+00  0.347552E+02  0.685335E+00
  0.329608E+00  0.352200E+02  0.679054E+00
  0.332340E+00  0.344081E+02  0.676203E+00
  0.335072E+00  0.337728E+02  0.668456E+00
  0.337805E+00  0.341542E+02  0.673949E+00
  0.340537E+00  0.337713E+02  0.665604E+00
  0.343269E+00  0.326095E+02  0.653982E+00
  0.346002E+00  0.333234E+02  0.661696E+00
  0.348734E+00  0.331674E+02  0.649490E+00
  0.351466E+00  0.325847E+02  0.664158E+00
  0.354199E+00  0.326414E+02  0.648707E+00
  0.356931E+00  0.316215E+02  0.641137E+00
  0.359663E+00  0.307374E+02  0.642605E+00
  0.362396E+00  0.313413E+02  0.634201E+00
  0.365128E+00  0.314821E+02  0.639322E+00
  0.367860E+00  0.312864E+02  0.632056E+00
  0.370592E+00  0.302104E+02  0.629219E+00
  0.373325E+00  0.315556E+02  0.637259E+00
  0.376057E+00  0.305688E+02  0.625992E+00
  0.378789E+00  0.303238E+02  0.623010E+00
  0.381522E+00  0.303692E+02  0.620476E+00
  0.384254E+00  0.296681E+02  0.618270E+00
  0.386986E+00  0.290237E+02  0.611911E+00
  0.389719E+00  0.287670E+02  0.608767E+00
  0.392451E+00  0.291837E+02  0.613759E+00
  0.395183E+00  0.285697E+02  0.607878E+00
  0.397916E+00  0.290284E+02  0.605040E+00
  0.400648E+00  0.281976E+02  0.607576E+00
  0.403380E+00  0.287324E+02  0.603749E+00
  0.406112E+00  0.281039E+02  0.599297E+00
  0.408845E+00  0.281704E+02  0.601290E+00
  0.411577E+00  0.278289E+02  0.588407E+00
  0.414309E+00  0.270586E+02  0.590716E+00
  0.417042E+00  0.282290E+02  0.587480E+00
  0.419774E+00  0.269924E+02  0.585034E+00
  0.422506E+00  0.272823E+02  0.588747E+00
  0.425239E+00  0.259579E+02  0.577968E+00
  0.427971E+00  0.261147E+02  0.579277E+00
  0.430703E+00  0.266075E+02  0.577090E+00
  0.433436E+00  0.263428E+02  0.577223E+00
  0.436168E+00  0.254132E+02  0.571453E+00
  0.438900E+00  0.258808E+02  0.570698E+00
  0.441632E+00  0.260465E+02  0.574345E+00
  0.444365E+00  0.250972E+02  0.566161E+00
  0.447097E+00  0.252636E+02  0.563666E+00
  0.449829E+00  0.243124E+02  0.558550E+00
  0.452562E+00  0.254668E+02  0.564465E+00
  0.455294E+00  0.241246E+02  0.561754E+00
  0.458026E+00  0.245570E+02  0.553866E+00
  0.460759E+00  0.249128E+02  0.558295E+00
  0.463491E+00  0.238732E+02  0.549703E+00
  0.466223E+00  0.237732E+02  0.553575E+00
  0.468956E+00  0.236568E+02  0.547627E+00
  0.471688E+00  0.235887E+02  0.548199E+00
  0.474420E+00  0.232326E+02  0.552667E+00
  0.477152E+00  0.234897E+02  0.540657E+00
  0.479885E+00  0.228468E+02  0.546327E+00
  0.482617E+00  0.230255E+02  0.544753E+00
  0.485349E+00  0.227380E+02  0.538314E+00
  0.488082E+00  0.230769E+02  0.542382E+00
  0.490814E+00  0.227474E+02  0.543863E+00
  0.493546E+00  0.228240E+02  0.544891E+00
  0.496279E+00  0.211646E+02  0.521731E+00
  0.499011E+00  0.222120E+02  0.538575E+00
  0.501743E+00  0.218132E+02  0.530346E+00
  0.504476E+00  0.213430E+02  0.527760E+00
  0.507208E+00  0.216439E+02  0.529484E+00
  0.509940E+00  0.218737E+02  0.526672E+00
  0.512672E+00  0.213093E+02  0.530049E+00
  0.515405E+00  0.216391E+02  0.527225E+00
  0.518137E+00  0.202582E+02  0.518848E+00
  0.520869E+00  0.204209E+02  0.529531E+00
  0.523602E+00  0.212422E+02  0.528411E+00
  0.526334E+00  0.206099E+02  0.524265E+00
  0.529066E+00  0.201456E+02  0.517175E+00
  0.531799E+00  0.202542E+02  0.523924E+00
  0.534531E+00  0.204228E+02  0.522441E+00
  0.537263E+00  0.197613E+02  0.510867E+00
  0.539996E+00  0.196669E+02  0.524219E+00
  0.542728E+00  0.193512E+02  0.505517E+00
  0.545460E+00  0.194178E+02  0.510789E+00
  0.548192E+00  0.193558E+02  0.507443E+00
  0.550925E+00  0.189280E+02  0.509665E+00
  0.553657E+00  0.193705E+02  0.507732E+00
  0.556389E+00  0.179836E+02  0.498679E+00
  0.559122E+00  0.185460E+02  0.505508E+00
  0.561854E+00  0.189954E+02  0.503998E+00
  0.564586E+00  0.184616E+02  0.496205E+00
  0.567319E+00  0.180361E+02  0.502688E+00
  0.570051E+00  0.180645E+02  0.502396E+00
  0.572783E+00  0.181388E+02  0.504051E+00
  0.575516E+00  0.176658E+02  0.493478E+00
  0.578248E+00  0.171502E+02  0.496524E+00
  0.580980E+00  0.182632E+02  0.497212E+00
  0.583713E+00  0.170421E+02  0.484986E+00
  0.586445E+00  0.180450E+02  0.497931E+00
  0.589177E+00  0.175761E+02  0.489539E+00
  0.591909E+00  0.170853E+02  0.493271E+00
  0.594642E+00  0.169952E+02  0.490528E+00
  0.597374E+00  0.166332E+02  0.483313E+00
  0.600106E+00  0.167435E+02  0.489818E+00
  0.602839E+00  0.166375E+02  0.486511E+00
  0.605571E+00  0.163570E+02  0.484687E+00
  0.608303E+00  0.168823E+02  0.488604E+00
  0.611036E+00  0.167392E+02  0.483819E+00
  0.613768E+00  0.155678E+02  0.472553E+00
  0.616500E+00  0.155148E+02  0.479537E+00
  0.619233E+00  0.153613E+02  0.475859E+00
  0.621965E+00  0.159604E+02  0.471212E+00
  0.624697E+00  0.159828E+02  0.480188E+00
  0.627429E+00  0.154383E+02  0.475981E+00
  0.630162E+00  0.157670E+02  0.475963E+00
  0.632894E+00  0.154885E+02  0.471054E+00
  0.635626E+00  0.154293E+02  0.469524E+00
  0.638359E+00  0.152467E+02  0.472055E+00
  0.641091E+00  0.154657E+02  0.472536E+00
  0.643823E+00  0.150768E+02  0.470144E+00
  0.646556E+00  0.150106E+02  0.468656E+00
  0.649288E+00  0.151345E+02  0.466922E+00
  0.652020E+00  0.144740E+02  0.462999E+00
  0.654753E+00  0.154286E+02  0.470987E+00
  0.657485E+00  0.149923E+02  0.468160E+00
  0.660217E+00  0.143837E+02  0.460322E+00
  0.662949E+00  0.149248E+02  0.462400E+00
  0.665682E+00  0.141972E+02  0.462287E+00
  0.668414E+00  0.142289E+02  0.460224E+00
  0.671146E+00  0.136189E+02  0.457207E+00
  0.673879E+00  0.137707E+02  0.463036E+00
  0.676611E+00  0.140695E+02  0.459600E+00
  0.679343E+00  0.139339E+02  0.457629E+00
  0.682076E+00  0.141611E+02  0.456777E+00
  0.684808E+00  0.136559E+02  0.456865E+00
  0.687540E+00  0.135140E+02  0.450571E+00
  0.690273E+00  0.135263E+02  0.453779E+00
  0.693005E+00  0.130861E+02  0.445509E+00
  0.695737E+00  0.134475E+02  0.453783E+00
  0.698469E+00  0.133513E+02  0.456310E+00
  0.701202E+00  0.125983E+02  0.446043E+00
  0.703934E+00  0.128470E+02  0.447073E+00
  0.706666E+00  0.125483E+02  0.442574E+00
  0.709399E+00  0.126713E+02  0.443631E+00
  0.712131E+00  0.127732E+02  0.448829E+00
  0.714863E+00  0.124663E+02  0.434970E+00
  0.717596E+00  0.128528E+02  0.446734E+00
  0.720328E+00  0.128700E+02  0.439852E+00
  0.723060E+00  0.124295E+02  0.440921E+00
  0.725793E+00  0.126680E+02  0.443994E+00
  0.728525E+00  0.127459E+02  0.442509E+00
  0.731257E+00  0.122584E+02  0.439407E+00
  0.733989E+00  0.119098E+02  0.432812E+00
  0.736722E+00  0.117232E+02  0.435771E+00
  0.739454E+00  0.120540E+02  0.435125E+00
  0.742186E+00  0.120811E+02  0.432171E+00
  0.744919E+00  0.123739E+02  0.439914E+00
  0.747651E+00  0.114738E+02  0.430188E+00
  0.750383E+00  0.117172E+02  0.430305E+00
  0.753116E+00  0.119529E+02  0.436029E+00
  0.755848E+00  0.114851E+02  0.432656E+00
  0.758580E+00  0.110541E+02  0.431023E+00
  0.761313E+00  0.109922E+02  0.429139E+00
  0.764045E+00  0.111144E+02  0.429854E+00
  0.766777E+00  0.111572E+02  0.422304E+00
  0.769509E+00  0.112431E+02  0.424764E+00
  0.772242E+00  0.106828E+02  0.423243E+00
  0.774974E+00  0.113686E+02  0.426335E+00
  0.777706E+00  0.114291E+02  0.429674E+00
  0.780439E+00  0.111897E+02  0.423257E+00
  0.783171E+00  0.109958E+02  0.419519E+00
  0.785903E+00  0.107440E+02  0.421191E+00
  0.788636E+00  0.108208E+02  0.422604E+00
  0.791368E+00  0.108073E+02  0.429360E+00
  0.794100E+00  0.103941E+02  0.419379E+00
  0.796833E+00  0.107129E+02  0.415944E+00
  0.799565E+00  0.100003E+02  0.417709E+00
  0.802297E+00  0.997680E+01  0.423011E+00
  0.805029E+00  0.998665E+01  0.425231E+00
  0.807762E+00  0.103709E+02  0.420011E+00
  0.810494E+00  0.100278E+02  0.427410E+00
  0.813226E+00  0.976110E+01  0.425680E+00
  0.815959E+00  0.965955E+01  0.424832E+00
  0.818691E+00  0.106348E+02  0.429281E+00
  0.821423E+00  0.991160E+01  0.425754E+00
  0.824156E+00  0.991395E+01  0.436884E+00
  0.826888E+00  0.984395E+01  0.428058E+00
  0.829620E+00  0.959365E+01  0.431363E+00
  0.832353E+00  0.930030E+01  0.423617E+00
  0.835085E+00  0.962600E+01  0.427818E+00
  0.837817E+00  0.935215E+01  0.425254E+00
  0.840549E+00  0.935275E+01  0.426815E+00
  0.843282E+00  0.974385E+01  0.433066E+00
  0.846014E+00  0.979790E+01  0.424358E+00
  0.848746E+00  0.959380E+01  0.427025E+00
  0.851479E+00  0.942220E+01  0.435954E+00
  0.854211E+00  0.923935E+01  0.429682E+00
  0.856943E+00  0.903455E+01  0.433364E+00
  0.859676E+00  0.913600E+01  0.426622E+00
  0.862408E+00  0.933360E+01  0.432052E+00
  0.865140E+00  0.899125E+01  0.425658E+00
  0.867873E+00  0.911505E+01  0.429264E+00
  0.870605E+00  0.890670E+01  0.434289E+00
  0.873337E+00  0.878695E+01  0.429563E+00
  0.876070E+00  0.852715E+01  0.428613E+00
  0.878802E+00  0.815640E+01  0.428937E+00
  0.881534E+00  0.901110E+01  0.430558E+00
  0.884266E+00  0.830105E+01  0.428999E+00
  0.886999E+00  0.849945E+01  0.432791E+00
  0.889731E+00  0.841805E+01  0.424673E+00
  0.892463E+00  0.875970E+01  0.421496E+00
  0.895196E+00  0.817985E+01  0.428911E+00
  0.897928E+00  0.835995E+01  0.424892E+00
  0.900660E+00  0.813185E+01  0.431990E+00
  0.903393E+00  0.804525E+01  0.430737E+00
  0.906125E+00  0.829720E+01  0.422659E+00
  0.908857E+00  0.814985E+01  0.432335E+00
  0.911590E+00  0.765505E+01  0.426993E+00
  0.914322E+00  0.779985E+01  0.434178E+00
  0.917054E+00  0.822445E+01  0.431578E+00
  0.919786E+00  0.798485E+01  0.427260E+00
  0.922519E+00  0.817075E+01  0.434261E+00
  0.925251E+00  0.766535E+01  0.424605E+00
  0.927983E+00  0.754340E+01  0.424169E+00
  0.930716E+00  0.814890E+01  0.435780E+00
  0.933448E+00  0.824985E+01  0.432782E+00
  0.936180E+00  0.773030E+01  0.430129E+00
  0.938913E+00  0.714860E+01  0.421144E+00
  0.941645E+00  0.728910E+01  0.426557E+00
  0.944377E+00  0.743070E+01  0.431382E+00
  0.947110E+00  0.745885E+01  0.432349E+00
  0.949842E+00  0.732325E+01  0.427259E+00
  0.952574E+00  0.763670E+01  0.425031E+00
  0.955306E+00  0.699705E+01  0.431133E+00
  0.958039E+00  0.702995E+01  0.423745E+00
  0.960771E+00  0.748545E+01  0.430823E+00
  0.963503E+00  0.715845E+01  0.425161E+00
  0.966236E+00  0.661315E+01  0.423839E+00
  0.968968E+00  0.668285E+01  0.431291E+00
  0.971700E+00  0.683245E+01  0.422647E+00
  0.974433E+00  0.699450E+01  0.430384E+00
  0.977165E+00  0.777920E+01  0.430968E+00
  0.979897E+00  0.692490E+01  0.423554E+00
  0.982630E+00  0.736475E+01  0.432733E+00
  0.985362E+00  0.666900E+01  0.415960E+00
  0.988094E+00  0.667460E+01  0.435557E+00
  0.990826E+00  0.737970E+01  0.436519E+00
  0.993559E+00  0.723635E+01  0.426232E+00
  0.996291E+00  0.689880E+01  0.428971E+00
  0.999023E+00  0.691305E+01  0.427430E+00
  0.100176E+01  0.713310E+01  0.426236E+00
  0.100449E+01  0.651740E+01  0.424784E+00
  0.100722E+01  0.661760E+01  0.421689E+00
  0.100995E+01  0.624390E+01  0.419581E+00
  0.101268E+01  0.629275E+01  0.421065E+00
  0.101542E+01  0.675530E+01  0.428157E+00
  0.101815E+01  0.666210E+01  0.421399E+00
  0.102088E+01  0.603950E+01  0.426587E+00
  0.102361E+01  0.657685E+01  0.425547E+00
  0.102635E+01  0.657710E+01  0.423682E+00
  0.102908E+01  0.598480E+01  0.430076E+00
  0.103181E+01  0.626400E+01  0.417576E+00
  0.103454E+01  0.636380E+01  0.423852E+00
  0.103728E+01  0.622970E+01  0.423601E+00
  0.104001E+01  0.602640E+01  0.421425E+00
  0.104274E+01  0.631105E+01  0.422817E+00
  0.104547E+01  0.653510E+01  0.425407E+00
  0.104820E+01  0.649775E+01  0.429533E+00
  0.105094E+01  0.637730E+01  0.431599E+00
  0.105367E+01  0.581085E+01  0.426903E+00
  0.105640E+01  0.647675E+01  0.422140E+00
  0.105913E+01  0.624215E+01  0.427736E+00
  0.106187E+01  0.591330E+01  0.425038E+00
  0.106460E+01  0.583220E+01  0.418043E+00
  0.106733E+01  0.560755E+01  0.422261E+00
  0.107006E+01  0.535665E+01  0.421219E+00
  0.107280E+01  0.631380E+01  0.424072E+00
  0.107553E+01  0.551330E+01  0.419268E+00
  0.107826E+01  0.623400E+01  0.422847E+00
  0.108099E+01  0.532115E+01  0.428467E+00
  0.108372E+01  0.545365E+01  0.423430E+00
  0.108646E+01  0.592225E+01  0.428159E+00
  0.108919E+01  0.521775E+01  0.417585E+00
  0.109192E+01  0.569725E+01  0.419669E+00
  0.109465E+01  0.536735E+01  0.418007E+00
  0.109739E+01  0.577840E+01  0.419143E+00
  0.110012E+01  0.535705E+01  0.417486E+00
  0.110285E+01  0.521640E+01  0.423985E+00
  0.110558E+01  0.571575E+01  0.424134E+00
  0.110832E+01  0.606070E+01  0.429806E+00
  0.111105E+01  0.524485E+01  0.416351E+00
  0.111378E+01  0.502520E+01  0.422087E+00
  0.111651E+01  0.522555E+01  0.421352E+00
  0.111924E+01  0.567930E+01  0.422196E+00
  0.112198E+01  0.519285E+01  0.416903E+00
  0.112471E+01  0.565195E+01  0.424019E+00
  0.112744E+01  0.510385E+01  0.422788E+00
  0.113017E+01  0.492210E+01  0.417076E+00
  0.113291E+01  0.491500E+01  0.426450E+00
  0.113564E+01  0.459150E+01  0.416095E+00
  0.113837E+01  0.491580E+01  0.415071E+00
  0.114110E+01  0.485525E+01  0.418482E+00
  0.114384E+01  0.494205E+01  0.415942E+00
  0.114657E+01  0.521615E+01  0.412636E+00
  0.114930E+01  0.528750E+01  0.421745E+00
  0.115203E+01  0.462835E+01  0.413191E+00
  0.115476E+01  0.515570E+01  0.418462E+00
  0.115750E+01  0.467805E+01  0.414902E+00
  0.116023E+01  0.422325E+01  0.419034E+00
  0.116296E+01  0.479995E+01  0.415058E+00
  0.116569E+01  0.440340E+01  0.414316E+00
  0.116843E+01  0.497605E+01  0.416143E+00
  0.117116E+01  0.499530E+01  0.422452E+00
  0.117389E+01  0.440000E+01  0.414230E+00
  0.117662E+01  0.469955E+01  0.415936E+00
  0.117936E+01  0.495970E+01  0.418527E+00
  0.118209E+01  0.490000E+01  0.422162E+00
  0.118482E+01  0.493395E+01  0.414324E+00
  0.118755E+01  0.413150E+01  0.420340E+00
  0.119028E+01  0.486855E+01  0.418619E+00
  0.119302E+01  0.469335E+01  0.415487E+00
  0.119575E+01  0.467360E+01  0.419405E+00
  0.119848E+01  0.453195E+01  0.417115E+00
  0.120121E+01  0.475445E+01  0.423070E+00
  0.120395E+01  0.490615E+01  0.414064E+00
  0.120668E+01  0.432380E+01  0.408616E+00
  0.120941E+01  0.398220E+01  0.419346E+00
  0.121214E+01  0.439120E+01  0.416535E+00
  0.121488E+01  0.496140E+01  0.418796E+00
  0.121761E+01  0.442945E+01  0.420706E+00
  0.122034E+01  0.470435E+01  0.417543E+00
  0.122307E+01  0.432650E+01  0.417559E+00
  0.122580E+01  0.432715E+01  0.414978E+00
  0.122854E+01  0.444920E+01  0.441080E+00
  0.123127E+01  0.409015E+01  0.457304E+00
  0.123673E+01  0.412980E+01  0.458189E+00
  0.123947E+01  0.370270E+01  0.479584E+00
  0.124220E+01  0.445285E+01  0.481332E+00
  0.124493E+01  0.455600E+01  0.501985E+00
  0.124766E+01  0.429265E+01  0.499834E+00
  0.125040E+01  0.455970E+01  0.503363E+00
  0.125313E+01  0.439160E+01  0.511998E+00
  0.125586E+01  0.461145E+01  0.520562E+00
  0.125859E+01  0.416840E+01  0.527349E+00
  0.126133E+01  0.353780E+01  0.543087E+00
  0.126406E+01  0.373155E+01  0.488199E+00
  0.126679E+01  0.376620E+01  0.467631E+00
  0.126952E+01  0.420555E+01  0.471081E+00
  0.127225E+01  0.458005E+01  0.461695E+00
  0.127499E+01  0.373985E+01  0.451785E+00
  0.127772E+01  0.362755E+01  0.442231E+00
  0.128045E+01  0.437450E+01  0.443293E+00
  0.128318E+01  0.408240E+01  0.441572E+00
  0.128592E+01  0.370720E+01  0.440273E+00
  0.128865E+01  0.380000E+01  0.434960E+00
  0.129138E+01  0.400655E+01  0.439231E+00
  0.129411E+01  0.370880E+01  0.426778E+00
  0.129685E+01  0.435265E+01  0.434873E+00
  0.129958E+01  0.400140E+01  0.419823E+00
  0.130231E+01  0.361660E+01  0.420618E+00
  0.130504E+01  0.342760E+01  0.419455E+00
  0.130777E+01  0.306125E+01  0.414018E+00
  0.131051E+01  0.362600E+01  0.422154E+00
  0.131324E+01  0.318995E+01  0.420495E+00
  0.131597E+01  0.395360E+01  0.416051E+00
  0.131870E+01  0.408035E+01  0.424565E+00
  0.132144E+01  0.390365E+01  0.420563E+00
  0.132417E+01  0.353955E+01  0.420223E+00
  0.132690E+01  0.389055E+01  0.413438E+00
  0.132963E+01  0.392385E+01  0.419607E+00
  0.133237E+01  0.325160E+01  0.414736E+00
  0.133510E+01  0.352875E+01  0.412829E+00
  0.133783E+01  0.400735E+01  0.425602E+00
  0.134056E+01  0.331540E+01  0.417918E+00
  0.134329E+01  0.368420E+01  0.413780E+00
  0.134603E+01  0.370295E+01  0.411393E+00
  0.134876E+01  0.352915E+01  0.420241E+00
  0.135149E+01  0.373650E+01  0.415546E+00
  0.135422E+01  0.336485E+01  0.419111E+00
  0.135696E+01  0.310880E+01  0.413423E+00
  0.135969E+01  0.293445E+01  0.413577E+00
  0.136242E+01  0.317280E+01  0.418801E+00
  0.136515E+01  0.329665E+01  0.416745E+00
  0.136789E+01  0.346015E+01  0.415773E+00
  0.137062E+01  0.358690E+01  0.414885E+00
  0.137335E+01  0.273100E+01  0.410364E+00
  0.137608E+01  0.300590E+01  0.416068E+00
  0.137881E+01  0.294915E+01  0.410329E+00
  0.138155E+01  0.379010E+01  0.407515E+00
  0.138428E+01  0.315645E+01  0.412279E+00
  0.138701E+01  0.283680E+01  0.411575E+00
  0.138974E+01  0.336610E+01  0.420232E+00
  0.139248E+01  0.362055E+01  0.415220E+00
  0.139521E+01  0.332900E+01  0.415238E+00
  0.139794E+01  0.341865E+01  0.413623E+00
  0.140067E+01  0.357630E+01  0.409716E+00
  0.140341E+01  0.295170E+01  0.413553E+00
  0.140614E+01  0.339605E+01  0.410679E+00
  0.140887E+01  0.349795E+01  0.414932E+00
  0.141160E+01  0.326850E+01  0.415407E+00
  0.141433E+01  0.266465E+01  0.405862E+00
  0.141707E+01  0.303975E+01  0.403304E+00
  0.141980E+01  0.343745E+01  0.413431E+00
  0.142253E+01  0.319535E+01  0.405291E+00
  0.142526E+01  0.267935E+01  0.404488E+00
  0.142800E+01  0.284675E+01  0.405208E+00
  0.143073E+01  0.325370E+01  0.409605E+00
  0.143346E+01  0.317880E+01  0.408348E+00
  0.143619E+01  0.269980E+01  0.412430E+00
  0.143893E+01  0.298235E+01  0.412615E+00
  0.144166E+01  0.306650E+01  0.409385E+00
  0.144439E+01  0.305335E+01  0.405372E+00
  0.144712E+01  0.308240E+01  0.412775E+00
  0.144985E+01  0.278585E+01  0.403549E+00
  0.145259E+01  0.311330E+01  0.409192E+00
  0.145532E+01  0.322760E+01  0.410100E+00
  0.145805E+01  0.255120E+01  0.403893E+00
  0.146078E+01  0.277260E+01  0.404273E+00
  0.146352E+01  0.270030E+01  0.406751E+00
  0.146625E+01  0.280615E+01  0.399760E+00
  0.146898E+01  0.345900E+01  0.416546E+00
  0.147171E+01  0.247365E+01  0.410876E+00
  0.147445E+01  0.267690E+01  0.400894E+00
  0.147718E+01  0.241855E+01  0.400514E+00
  0.147991E+01  0.304990E+01  0.401095E+00
  0.148264E+01  0.269875E+01  0.397070E+00
  0.148537E+01  0.290080E+01  0.397429E+00
  0.148811E+01  0.297880E+01  0.399199E+00
  0.149084E+01  0.226730E+01  0.396804E+00
  0.149357E+01  0.286520E+01  0.400099E+00
  0.149630E+01  0.252115E+01  0.400759E+00
  0.149904E+01  0.266130E+01  0.405102E+00
  0.150177E+01  0.278130E+01  0.388909E+00
  0.150450E+01  0.297180E+01  0.401363E+00
  0.150723E+01  0.206600E+01  0.399604E+00
  0.150997E+01  0.227960E+01  0.393639E+00
  0.151270E+01  0.264305E+01  0.396005E+00
  0.151543E+01  0.292645E+01  0.400623E+00
  0.151816E+01  0.242035E+01  0.389928E+00
  0.152089E+01  0.256920E+01  0.396634E+00
  0.152363E+01  0.233040E+01  0.397390E+00
  0.152636E+01  0.239920E+01  0.399119E+00
  0.152909E+01  0.226420E+01  0.398610E+00
  0.153182E+01  0.284315E+01  0.395149E+00
  0.153456E+01  0.211840E+01  0.392508E+00
  0.153729E+01  0.229960E+01  0.403128E+00
  0.154002E+01  0.264995E+01  0.397134E+00
  0.154275E+01  0.271950E+01  0.394861E+00
  0.154549E+01  0.259590E+01  0.395416E+00
  0.154822E+01  0.220010E+01  0.394422E+00
  0.155095E+01  0.260155E+01  0.396419E+00
  0.155368E+01  0.206135E+01  0.393346E+00
  0.155641E+01  0.255850E+01  0.392301E+00
  0.155915E+01  0.268250E+01  0.398404E+00
  0.156188E+01  0.228680E+01  0.395420E+00
  0.156461E+01  0.221995E+01  0.393433E+00
  0.156734E+01  0.270625E+01  0.392605E+00
  0.157008E+01  0.238215E+01  0.397990E+00
  0.157281E+01  0.224400E+01  0.399552E+00
  0.157554E+01  0.229640E+01  0.394921E+00
  0.157827E+01  0.240545E+01  0.388968E+00
  0.158101E+01  0.234155E+01  0.392520E+00
  0.158374E+01  0.231875E+01  0.392422E+00
  0.158647E+01  0.258670E+01  0.394574E+00
  0.158920E+01  0.230560E+01  0.396309E+00
  0.159193E+01  0.224825E+01  0.393240E+00
  0.159467E+01  0.174885E+01  0.397414E+00
  0.159740E+01  0.286700E+01  0.397032E+00
  0.160013E+01  0.191455E+01  0.388274E+00
  0.160286E+01  0.233825E+01  0.391791E+00
  0.160560E+01  0.233600E+01  0.400828E+00
  0.160833E+01  0.254235E+01  0.395664E+00
  0.161106E+01  0.189045E+01  0.392204E+00
  0.161379E+01  0.264055E+01  0.390703E+00
  0.161653E+01  0.182340E+01  0.392792E+00
  0.161926E+01  0.240955E+01  0.396480E+00
  0.162199E+01  0.201135E+01  0.390913E+00
  0.162472E+01  0.210455E+01  0.391182E+00
  0.162745E+01  0.195450E+01  0.391387E+00
  0.163019E+01  0.217825E+01  0.390866E+00
  0.163292E+01  0.213155E+01  0.399289E+00
  0.163565E+01  0.259045E+01  0.392468E+00
  0.163838E+01  0.209015E+01  0.391113E+00
  0.164112E+01  0.253330E+01  0.396310E+00
  0.164385E+01  0.218790E+01  0.389154E+00
  0.164658E+01  0.235420E+01  0.389798E+00
  0.164931E+01  0.229030E+01  0.392549E+00
  0.165205E+01  0.187665E+01  0.389371E+00
  0.165478E+01  0.196165E+01  0.388675E+00
  0.165751E+01  0.212590E+01  0.396585E+00
  0.166024E+01  0.192680E+01  0.391510E+00
  0.166297E+01  0.179340E+01  0.394957E+00
  0.166571E+01  0.187965E+01  0.390793E+00
  0.166844E+01  0.185300E+01  0.385223E+00
  0.167117E+01  0.155795E+01  0.385904E+00
  0.167390E+01  0.209680E+01  0.392169E+00
  0.167664E+01  0.192860E+01  0.391647E+00
  0.167937E+01  0.202065E+01  0.395771E+00
  0.168210E+01  0.202495E+01  0.390282E+00
  0.168483E+01  0.219060E+01  0.389303E+00
  0.168757E+01  0.200240E+01  0.386580E+00
  0.169030E+01  0.198780E+01  0.390261E+00
  0.169303E+01  0.193790E+01  0.386945E+00
  0.169576E+01  0.162955E+01  0.393321E+00
  0.169849E+01  0.172070E+01  0.396663E+00
  0.170123E+01  0.178205E+01  0.388172E+00
  0.170396E+01  0.153160E+01  0.387610E+00
  0.170669E+01  0.183320E+01  0.390277E+00
  0.170942E+01  0.187315E+01  0.389571E+00
  0.171216E+01  0.223425E+01  0.388779E+00
  0.171489E+01  0.185155E+01  0.389072E+00
  0.171762E+01  0.182050E+01  0.389682E+00
  0.172035E+01  0.182265E+01  0.384432E+00
  0.172309E+01  0.208225E+01  0.390545E+00
  0.172582E+01  0.173750E+01  0.389457E+00
  0.172855E+01  0.126685E+01  0.384165E+00
  0.173128E+01  0.205815E+01  0.391184E+00
  0.173401E+01  0.178630E+01  0.392826E+00
  0.173675E+01  0.204320E+01  0.388233E+00
  0.173948E+01  0.198770E+01  0.387600E+00
  0.174221E+01  0.176605E+01  0.387278E+00
  0.174494E+01  0.177090E+01  0.390944E+00
  0.174768E+01  0.188990E+01  0.387170E+00
  0.175041E+01  0.193410E+01  0.386992E+00
  0.175314E+01  0.143255E+01  0.382454E+00
  0.175587E+01  0.163550E+01  0.379898E+00
  0.175861E+01  0.199085E+01  0.386118E+00
  0.176134E+01  0.153195E+01  0.391269E+00
  0.176407E+01  0.161980E+01  0.385141E+00
  0.176680E+01  0.170680E+01  0.389025E+00
  0.176953E+01  0.168020E+01  0.387980E+00
  0.177227E+01  0.161210E+01  0.393080E+00
  0.177500E+01  0.174785E+01  0.388442E+00
  0.177773E+01  0.170310E+01  0.389055E+00
  0.178046E+01  0.182945E+01  0.391149E+00
  0.178320E+01  0.143555E+01  0.382635E+00
  0.178593E+01  0.205055E+01  0.383318E+00
  0.178866E+01  0.125650E+01  0.389451E+00
  0.179139E+01  0.183000E+01  0.383366E+00
  0.179413E+01  0.163230E+01  0.386103E+00
  0.179686E+01  0.203225E+01  0.390694E+00
  0.179959E+01  0.155785E+01  0.390740E+00
  0.180232E+01  0.129930E+01  0.383027E+00
  0.180505E+01  0.120580E+01  0.390665E+00
  0.180779E+01  0.185570E+01  0.390680E+00
  0.181052E+01  0.131695E+01  0.386122E+00
  0.181325E+01  0.111625E+01  0.384916E+00
  0.181598E+01  0.107445E+01  0.382134E+00
  0.181872E+01  0.154245E+01  0.385317E+00
  0.182145E+01  0.148615E+01  0.383673E+00
  0.182418E+01  0.150690E+01  0.388553E+00
  0.182691E+01  0.129855E+01  0.384744E+00
  0.182965E+01  0.133840E+01  0.390470E+00
  0.183238E+01  0.153790E+01  0.388909E+00
  0.183511E+01  0.181090E+01  0.390955E+00
  0.183784E+01  0.146805E+01  0.385045E+00
  0.184057E+01  0.187105E+01  0.391336E+00
  0.184331E+01  0.219125E+01  0.390078E+00
  0.184604E+01  0.146390E+01  0.391534E+00
  0.184877E+01  0.128220E+01  0.385708E+00
  0.185150E+01  0.155810E+01  0.385620E+00
  0.185424E+01  0.155520E+01  0.384653E+00
  0.185697E+01  0.103435E+01  0.391398E+00
  0.185970E+01  0.142825E+01  0.384973E+00
  0.186243E+01  0.127880E+01  0.383622E+00
  0.186517E+01  0.142920E+01  0.388370E+00
  0.186790E+01  0.163015E+01  0.388987E+00
  0.187063E+01  0.146335E+01  0.390372E+00
  0.187336E+01  0.150910E+01  0.374568E+00
  0.187609E+01  0.112505E+01  0.383944E+00
  0.187883E+01  0.125190E+01  0.384162E+00
  0.188156E+01  0.160075E+01  0.383807E+00
  0.188429E+01  0.115730E+01  0.380761E+00
  0.188702E+01  0.169270E+01  0.382603E+00
  0.188976E+01  0.752700E+00  0.376437E+00
  0.189249E+01  0.117445E+01  0.379355E+00
  0.189522E+01  0.124830E+01  0.381594E+00
  0.189795E+01  0.170350E+01  0.379510E+00
  0.190069E+01  0.133280E+01  0.389184E+00
  0.190342E+01  0.146035E+01  0.377276E+00
  0.190615E+01  0.121255E+01  0.380648E+00
  0.190888E+01  0.142360E+01  0.385097E+00
  0.191161E+01  0.152730E+01  0.383370E+00
  0.191435E+01  0.111205E+01  0.385323E+00
  0.191708E+01  0.146345E+01  0.383549E+00
  0.191981E+01  0.126575E+01  0.382715E+00
  0.192254E+01  0.124260E+01  0.380115E+00
  0.192528E+01  0.158350E+01  0.383608E+00
  0.192801E+01  0.160170E+01  0.375941E+00
  0.193074E+01  0.150200E+01  0.380394E+00
  0.193347E+01  0.819250E+00  0.394411E+00
  0.193621E+01  0.185360E+01  0.386332E+00
  0.193894E+01  0.137135E+01  0.378527E+00
  0.194167E+01  0.111495E+01  0.379896E+00
  0.194440E+01  0.122700E+01  0.381261E+00
  0.194713E+01  0.149345E+01  0.384644E+00
  0.194987E+01  0.159315E+01  0.386358E+00
  0.195260E+01  0.793750E+00  0.377485E+00
  0.195533E+01  0.114975E+01  0.377642E+00
  0.195806E+01  0.939150E+00  0.383335E+00
  0.196080E+01  0.158810E+01  0.376595E+00
  0.196353E+01  0.156870E+01  0.381039E+00
  0.196626E+01  0.706000E+00  0.381059E+00
  0.196899E+01  0.100865E+01  0.374252E+00
  0.197173E+01  0.142265E+01  0.382296E+00
  0.197446E+01  0.136790E+01  0.379212E+00
  0.197719E+01  0.103035E+01  0.382058E+00
  0.197992E+01  0.110645E+01  0.375157E+00
  0.198265E+01  0.124120E+01  0.385796E+00
  0.198539E+01  0.157140E+01  0.385964E+00
  0.198812E+01  0.704500E+00  0.377077E+00
  0.199085E+01  0.140385E+01  0.385890E+00
  0.199358E+01  0.365300E+00  0.381714E+00
  0.199632E+01  0.101780E+01  0.379321E+00
  0.199905E+01  0.127965E+01  0.377322E+00
  0.200178E+01  0.124500E+01  0.378248E+00
  0.200451E+01  0.105425E+01  0.379881E+00
  0.200725E+01  0.129315E+01  0.378213E+00
  0.200998E+01  0.146330E+01  0.378549E+00
  0.201271E+01  0.931500E+00  0.380774E+00
  0.201544E+01  0.131565E+01  0.382101E+00
  0.201817E+01  0.134910E+01  0.379280E+00
  0.202091E+01  0.143800E+01  0.374323E+00
  0.202364E+01  0.907950E+00  0.381456E+00
  0.202637E+01  0.716250E+00  0.385481E+00
  0.202910E+01  0.107190E+01  0.386437E+00
  0.203184E+01  0.155360E+01  0.378755E+00
  0.203457E+01  0.115095E+01  0.385802E+00
  0.203730E+01  0.124035E+01  0.378689E+00
  0.204003E+01  0.141490E+01  0.380366E+00
  0.204277E+01  0.115600E+01  0.376925E+00
  0.204550E+01  0.162590E+01  0.377399E+00
  0.204823E+01  0.119520E+01  0.379449E+00
  0.205096E+01  0.133120E+01  0.387111E+00
  0.205369E+01  0.984550E+00  0.381030E+00
  0.205643E+01  0.904150E+00  0.376092E+00
  0.205916E+01  0.114200E+01  0.377354E+00
  0.206189E+01  0.873550E+00  0.379119E+00
  0.206462E+01  0.102680E+01  0.385650E+00
  0.206736E+01  0.859350E+00  0.378736E+00
  0.207009E+01  0.663000E+00  0.376232E+00
  0.207282E+01  0.112330E+01  0.374930E+00
  0.207555E+01  0.155860E+01  0.382842E+00
  0.207829E+01  0.143400E+01  0.384338E+00
  0.208102E+01  0.149090E+01  0.383141E+00
  0.208375E+01  0.120235E+01  0.383895E+00
  0.208648E+01  0.145865E+01  0.380812E+00
  0.208921E+01  0.131265E+01  0.378457E+00
  0.209195E+01  0.112310E+01  0.379117E+00
  0.209468E+01  0.104680E+01  0.374975E+00
  0.209741E+01  0.129920E+01  0.381803E+00
  0.210014E+01  0.146110E+01  0.379779E+00
  0.210288E+01  0.965600E+00  0.375474E+00
  0.210561E+01  0.115255E+01  0.380231E+00
  0.210834E+01  0.906300E+00  0.373161E+00
  0.211107E+01  0.931900E+00  0.376554E+00
  0.211381E+01  0.933400E+00  0.377589E+00
  0.211654E+01  0.124480E+01  0.380042E+00
  0.211927E+01  0.822550E+00  0.380594E+00
  0.212200E+01  0.341300E+00  0.372636E+00
  0.212473E+01  0.585050E+00  0.376480E+00
  0.212747E+01  0.140495E+01  0.378578E+00
  0.213020E+01  0.475150E+00  0.385128E+00
  0.213293E+01  0.107105E+01  0.377046E+00
  0.213566E+01  0.100940E+01  0.369398E+00
  0.213840E+01  0.109525E+01  0.376659E+00
  0.214113E+01  0.100770E+01  0.375575E+00
  0.214386E+01  0.139690E+01  0.376048E+00
  0.214659E+01  0.840500E+00  0.373670E+00
  0.214933E+01  0.100510E+01  0.377907E+00
  0.215206E+01  0.586300E+00  0.378865E+00
  0.215479E+01  0.676150E+00  0.378587E+00
  0.215752E+01  0.771350E+00  0.374686E+00
  0.216025E+01  0.994800E+00  0.378444E+00
  0.216299E+01  0.586500E+00  0.377428E+00
  0.216572E+01  0.359500E+00  0.375404E+00
  0.216845E+01  0.826300E+00  0.372951E+00
  0.217118E+01  0.120215E+01  0.382254E+00
  0.217392E+01  0.613300E+00  0.372978E+00
  0.217665E+01  0.129315E+01  0.374079E+00
  0.217938E+01  0.122045E+01  0.376467E+00
  0.218211E+01  0.148800E+01  0.379023E+00
  0.218485E+01  0.662850E+00  0.370563E+00
  0.218758E+01  0.878450E+00  0.376531E+00
  0.219031E+01  0.108610E+01  0.371610E+00
  0.219304E+01  0.108905E+01  0.370028E+00
  0.219577E+01  0.840900E+00  0.376405E+00
  0.219851E+01  0.110555E+01  0.371940E+00
  0.220124E+01  0.883800E+00  0.376569E+00
  0.220397E+01  0.469050E+00  0.377413E+00
  0.220670E+01  0.122715E+01  0.372735E+00
  0.220944E+01  0.845200E+00  0.373094E+00
  0.221217E+01  0.117100E+01  0.372518E+00
  0.221490E+01  0.107610E+01  0.375260E+00
  0.221763E+01  0.818700E+00  0.370327E+00
  0.222037E+01  0.563400E+00  0.377408E+00
  0.222310E+01  0.145065E+01  0.373465E+00
  0.222583E+01  0.558350E+00  0.372582E+00
  0.222856E+01  0.829200E+00  0.376820E+00
  0.223129E+01  0.131515E+01  0.381886E+00
  0.223403E+01  0.108210E+01  0.375049E+00
  0.223676E+01  0.118435E+01  0.375252E+00
  0.223949E+01  0.812650E+00  0.367717E+00
  0.224222E+01  0.737400E+00  0.367700E+00
  0.224496E+01  0.683200E+00  0.376308E+00
  0.224769E+01  0.115100E+01  0.372776E+00
  0.225042E+01  0.122685E+01  0.380797E+00
  0.225315E+01  0.963300E+00  0.380796E+00
  0.225589E+01  0.145085E+01  0.378525E+00
  0.225862E+01  0.638050E+00  0.374919E+00
  0.226135E+01  0.562250E+00  0.365269E+00
  0.226408E+01  0.501550E+00  0.377784E+00
  0.226681E+01  0.104160E+01  0.370937E+00
  0.226955E+01  0.103235E+01  0.369742E+00
  0.227228E+01  0.889500E+00  0.370167E+00
  0.227501E+01  0.145025E+01  0.374299E+00
  0.227774E+01  0.703300E+00  0.373296E+00
  0.228048E+01  0.993750E+00  0.380706E+00
  0.228321E+01  0.113790E+01  0.376457E+00
  0.228594E+01  0.150650E+01  0.378176E+00
  0.228867E+01  0.102000E+01  0.373301E+00
  0.229141E+01  0.754200E+00  0.376969E+00
  0.229414E+01  0.376000E+00  0.372249E+00
  0.229687E+01  0.100025E+01  0.374462E+00
  0.229960E+01  0.717650E+00  0.372422E+00
  0.230233E+01  0.621200E+00  0.375133E+00
  0.230507E+01  0.111075E+01  0.377845E+00
  0.230780E+01  0.598600E+00  0.371616E+00
  0.231053E+01  0.124760E+01  0.373692E+00
  0.231326E+01  0.362350E+00  0.365090E+00
  0.231600E+01  0.807350E+00  0.372844E+00
  0.231873E+01  0.129370E+01  0.371998E+00
  0.232146E+01  0.107545E+01  0.363773E+00
  0.232419E+01  0.128585E+01  0.373329E+00
  0.232693E+01  0.487750E+00  0.369325E+00
  0.232966E+01  0.243000E-01  0.367505E+00
  0.233239E+01  0.821550E+00  0.374795E+00
  0.233512E+01  0.475100E+00  0.369579E+00
  0.233785E+01  0.947850E+00  0.375514E+00
  0.234059E+01  0.406000E+00  0.370079E+00
  0.234332E+01  0.102990E+01  0.369355E+00
  0.234605E+01  0.645700E+00  0.367850E+00
  0.234878E+01  0.402300E+00  0.374541E+00
  0.235152E+01  0.758950E+00  0.374710E+00
  0.235425E+01  0.472100E+00  0.363363E+00
  0.235698E+01  0.601100E+00  0.368340E+00
  0.235971E+01  0.835350E+00  0.364797E+00
  0.236245E+01  0.627150E+00  0.364070E+00
  0.236518E+01  0.840600E+00  0.366826E+00
  0.236791E+01  0.913800E+00  0.372671E+00
  0.237064E+01  0.795800E+00  0.375459E+00
  0.237337E+01  0.120880E+01  0.372845E+00
  0.237611E+01  0.106640E+01  0.369848E+00
  0.237884E+01  0.113325E+01  0.366455E+00
  0.238157E+01  0.103085E+01  0.365159E+00
  0.238430E+01  0.857650E+00  0.371169E+00
  0.238704E+01  0.536200E+00  0.369310E+00
  0.238977E+01  0.909450E+00  0.373705E+00
  0.239250E+01  0.100350E+01  0.368818E+00
  0.239523E+01  0.100625E+01  0.375088E+00
  0.239797E+01  0.913550E+00  0.367224E+00
  0.240070E+01  0.253900E+00  0.365464E+00
  0.240343E+01  0.763150E+00  0.370565E+00
  0.240616E+01  0.820500E+00  0.370383E+00
  0.240889E+01  0.407050E+00  0.361452E+00
  0.241163E+01  0.751700E+00  0.370385E+00
  0.241436E+01  0.101770E+01  0.368255E+00
  0.241709E+01  0.120215E+01  0.370792E+00
  0.241982E+01  0.115075E+01  0.365819E+00
  0.242256E+01  0.115475E+01  0.368011E+00
  0.242529E+01  0.701850E+00  0.368979E+00
  0.242802E+01  0.614850E+00  0.361800E+00
  0.243075E+01  0.106325E+01  0.367153E+00
  0.243349E+01  0.108970E+01  0.371896E+00
  0.243622E+01  0.113705E+01  0.371242E+00
  0.243895E+01  0.820750E+00  0.363095E+00
  0.244168E+01  0.110360E+01  0.369698E+00
  0.244441E+01  0.810000E+00  0.366866E+00
  0.244715E+01  0.983150E+00  0.367176E+00
  0.244988E+01  0.846850E+00  0.372442E+00
  0.245261E+01  0.111735E+01  0.369065E+00
  0.245534E+01  0.105505E+01  0.366091E+00
  0.245808E+01  0.356150E+00  0.369717E+00
  0.246081E+01  0.689750E+00  0.372217E+00
  0.246354E+01  0.319150E+00  0.364223E+00
  0.246627E+01  0.921900E+00  0.367641E+00
  0.246901E+01  0.119815E+01  0.371548E+00
  0.247174E+01  0.580950E+00  0.370616E+00
  0.247447E+01  0.696950E+00  0.368697E+00
  0.247720E+01  0.833100E+00  0.362183E+00
  0.247993E+01  0.421850E+00  0.366311E+00
  0.248267E+01  0.110405E+01  0.363025E+00
  0.248540E+01  0.783950E+00  0.368127E+00
  0.248813E+01  0.111855E+01  0.369249E+00
  0.249086E+01  0.800550E+00  0.366227E+00
  0.249360E+01  0.543850E+00  0.368268E+00
  0.249633E+01  0.414050E+00  0.368445E+00
  0.249906E+01  0.100245E+01  0.370517E+00
  0.250179E+01  0.916800E+00  0.368080E+00
  0.250453E+01  0.853350E+00  0.367723E+00
  0.250726E+01  0.740000E+00  0.370666E+00
  0.250999E+01  0.746450E+00  0.366104E+00
  0.251272E+01  0.989950E+00  0.367998E+00
  0.251545E+01  0.112345E+01  0.364942E+00
  0.251819E+01  0.680550E+00  0.361186E+00
  0.252092E+01  0.562750E+00  0.363922E+00
  0.252365E+01  0.598050E+00  0.368428E+00
  0.252638E+01  0.945250E+00  0.363470E+00
  0.252912E+01  0.703250E+00  0.366469E+00
  0.253185E+01  0.305650E+00  0.366979E+00
  0.253458E+01  0.891800E+00  0.362204E+00
  0.253731E+01  0.984250E+00  0.364840E+00
  0.254005E+01  0.775900E+00  0.365672E+00
  0.254278E+01  0.102075E+01  0.371423E+00
  0.254551E+01  0.354050E+00  0.361801E+00
  0.254824E+01  0.103995E+01  0.365999E+00
  0.255097E+01  0.669650E+00  0.366599E+00
  0.255371E+01  0.533950E+00  0.370178E+00
  0.255644E+01  0.937750E+00  0.364173E+00
  0.255917E+01  0.894950E+00  0.362605E+00
  0.256190E+01  0.106620E+01  0.364014E+00
  0.256464E+01  0.831600E+00  0.365827E+00
  0.256737E+01  0.610800E+00  0.364976E+00
  0.257010E+01  0.768300E+00  0.358790E+00
  0.257283E+01  0.865800E+00  0.363472E+00
  0.257557E+01  0.644700E+00  0.364302E+00
  0.257830E+01  0.107205E+01  0.361961E+00
  0.258103E+01  0.311000E+00  0.412960E+00
  0.258376E+01  0.296150E+00  0.430086E+00
  0.258649E+01  0.816850E+00  0.438919E+00
  0.258923E+01  0.402100E+00  0.450586E+00
  0.259196E+01  0.121660E+01  0.471432E+00
  0.259469E+01  0.448050E+00  0.483777E+00
  0.259742E+01  0.116390E+01  0.509894E+00
  0.260016E+01  0.103095E+01  0.528982E+00
  0.260289E+01  0.852150E+00  0.532726E+00
  0.260562E+01  0.104705E+01  0.543545E+00
  0.260835E+01  0.894700E+00  0.552981E+00
  0.261109E+01  0.121200E+01  0.567730E+00
  0.261382E+01  0.108030E+01  0.464217E+00
  0.261655E+01  0.793750E+00  0.443501E+00
  0.261928E+01  0.736450E+00  0.421632E+00
  0.262201E+01  0.457500E+00  0.417781E+00
  0.262475E+01  0.760850E+00  0.414242E+00
  0.262748E+01  0.701750E+00  0.403080E+00
  0.263021E+01  0.521650E+00  0.403682E+00
  0.263294E+01  0.333650E+00  0.402911E+00
  0.263568E+01  0.102995E+01  0.392318E+00
  0.263841E+01  0.639300E+00  0.397951E+00
  0.264114E+01  0.966800E+00  0.401280E+00
  0.264387E+01  0.372700E+00  0.391734E+00
  0.264661E+01  0.411850E+00  0.390034E+00
  0.264934E+01  0.720300E+00  0.396883E+00
  0.265207E+01  0.318600E+00  0.390989E+00
  0.265480E+01  0.846550E+00  0.389331E+00
  0.265753E+01  0.102735E+01  0.386945E+00
  0.266027E+01  0.143160E+01  0.389077E+00
  0.266300E+01  0.878250E+00  0.392644E+00
  0.266573E+01  0.135015E+01  0.402994E+00
  0.266846E+01  0.946700E+00  0.395056E+00
  0.267120E+01  0.982950E+00  0.384621E+00
  0.267393E+01  0.743150E+00  0.391331E+00
  0.267666E+01  0.751350E+00  0.388657E+00
  0.267939E+01  0.563850E+00  0.387367E+00
  0.268213E+01  0.920850E+00  0.384741E+00
  0.268486E+01  0.368500E+00  0.387291E+00
  0.268759E+01  0.822700E+00  0.386293E+00
  0.269032E+01  0.921400E+00  0.385257E+00
  0.269305E+01  0.748700E+00  0.382761E+00
  0.269579E+01  0.788500E+00  0.384511E+00
  0.269852E+01  0.638500E+00  0.389167E+00
  0.270125E+01  0.714400E+00  0.386327E+00
  0.270398E+01  0.516050E+00  0.376189E+00
  0.270672E+01  0.720950E+00  0.376928E+00
  0.270945E+01  0.275650E+00  0.372583E+00
  0.271218E+01  0.611800E+00  0.374379E+00
  0.271491E+01  0.781850E+00  0.367784E+00
  0.271765E+01  0.836750E+00  0.375281E+00
  0.272038E+01  0.827900E+00  0.369981E+00
  0.272311E+01  0.375250E+00  0.371881E+00
  0.272584E+01  0.804450E+00  0.373061E+00
  0.272857E+01  0.941150E+00  0.366160E+00
  0.273131E+01  0.240800E+00  0.363575E+00
  0.273404E+01  0.710250E+00  0.363834E+00
  0.273677E+01  0.931050E+00  0.364559E+00
  0.273950E+01  0.465650E+00  0.365932E+00
  0.274224E+01  0.839550E+00  0.356108E+00
  0.274497E+01  0.424950E+00  0.365378E+00
  0.274770E+01  0.569650E+00  0.366370E+00
  0.275043E+01  0.780250E+00  0.370571E+00
  0.275317E+01  0.713700E+00  0.363416E+00
  0.275590E+01  0.632650E+00  0.368777E+00
  0.275863E+01  0.424050E+00  0.372089E+00
  0.276136E+01  0.501500E-01  0.369067E+00
  0.276409E+01  0.852550E+00  0.362805E+00
  0.276683E+01  0.468000E-01  0.365802E+00
  0.276956E+01  0.458850E+00  0.367199E+00
  0.277229E+01  0.589850E+00  0.361105E+00
  0.277502E+01  0.494650E+00  0.366073E+00
  0.277776E+01  0.107575E+01  0.359115E+00
  0.278049E+01  0.869050E+00  0.366579E+00
  0.278322E+01  0.339150E+00  0.360406E+00
  0.278595E+01  0.788250E+00  0.363581E+00
  0.278869E+01  0.662850E+00  0.359933E+00
  0.279142E+01  0.735450E+00  0.359890E+00
  0.279415E+01  0.890150E+00  0.365737E+00
  0.279688E+01  0.883650E+00  0.363591E+00
  0.279961E+01  0.246100E+00  0.358650E+00
  0.280235E+01  0.696800E+00  0.362961E+00
  0.280508E+01  0.681750E+00  0.360880E+00
  0.280781E+01  0.714150E+00  0.357948E+00
  0.281054E+01  0.920550E+00  0.360069E+00
  0.281328E+01  0.716900E+00  0.357060E+00
  0.281601E+01  0.307000E+00  0.364762E+00
  0.281874E+01  0.593300E+00  0.362208E+00
  0.282147E+01  0.548350E+00  0.364007E+00
  0.282421E+01  0.110795E+01  0.364421E+00
  0.282694E+01  0.933050E+00  0.368000E+00
  0.282967E+01  0.178850E+00  0.359046E+00
  0.283240E+01  0.880400E+00  0.363042E+00
  0.283513E+01  0.237850E+00  0.361082E+00
  0.283787E+01  0.892950E+00  0.359518E+00
  0.284060E+01  0.730700E+00  0.365360E+00
  0.284333E+01  0.109065E+01  0.361862E+00
  0.284606E+01  0.301000E+00  0.354683E+00
  0.284880E+01  0.753700E+00  0.356093E+00
  0.285153E+01  0.589000E+00  0.357563E+00
  0.285426E+01  0.831550E+00  0.360983E+00
  0.285699E+01  0.638100E+00  0.357607E+00
  0.285973E+01  0.815550E+00  0.359489E+00
  0.286246E+01  0.544200E+00  0.359037E+00
  0.286519E+01  0.114880E+01  0.357804E+00
  0.286792E+01  0.258550E+00  0.361947E+00
  0.287065E+01  0.711250E+00  0.355822E+00
  0.287339E+01  0.717400E+00  0.355202E+00
  0.287612E+01  0.607950E+00  0.362016E+00
  0.287885E+01  0.884950E+00  0.364874E+00
  0.288158E+01  0.653750E+00  0.361881E+00
  0.288432E+01  0.194450E+00  0.356598E+00
  0.288705E+01  0.100125E+01  0.355641E+00
  0.288978E+01  0.930950E+00  0.359719E+00
  0.289251E+01  0.915050E+00  0.362776E+00
  0.289525E+01  0.833900E+00  0.362672E+00
  0.289798E+01  0.979650E+00  0.355264E+00
  0.290071E+01  0.664400E+00  0.354775E+00
  0.290344E+01  0.404800E+00  0.360924E+00
  0.290617E+01  0.704550E+00  0.362183E+00
  0.290891E+01  0.894500E+00  0.361028E+00
  0.291164E+01  0.488000E+00  0.361402E+00
  0.291437E+01  0.617600E+00  0.357931E+00
  0.291710E+01  0.307300E+00  0.358376E+00
  0.291984E+01  0.651400E+00  0.360687E+00
  0.292257E+01  0.586100E+00  0.358213E+00
  0.292530E+01  0.100305E+01  0.350119E+00
  0.292803E+01  0.828550E+00  0.355273E+00
  0.293077E+01  0.646650E+00  0.360868E+00
  0.293350E+01  0.152750E+00  0.360617E+00
  0.293623E+01  0.779900E+00  0.356434E+00
  0.293896E+01  0.403750E+00  0.356903E+00
  0.294169E+01  0.821400E+00  0.359665E+00
  0.294443E+01  0.168450E+00  0.357340E+00
  0.294716E+01  0.521300E+00  0.358100E+00
  0.294989E+01  0.536000E+00  0.357298E+00
  0.295262E+01  0.802100E+00  0.355159E+00
  0.295536E+01  0.616950E+00  0.355796E+00
  0.295809E+01  0.178200E+00  0.358357E+00
  0.296082E+01  0.680750E+00  0.357824E+00
  0.296355E+01  0.867900E+00  0.359123E+00
  0.296629E+01  0.465050E+00  0.356049E+00
  0.296902E+01  0.595000E-01  0.356801E+00
  0.297175E+01  0.915200E+00  0.359126E+00
  0.297448E+01  0.635650E+00  0.357292E+00
  0.297721E+01  0.308750E+00  0.355178E+00
  0.297995E+01  0.688350E+00  0.352963E+00
  0.298268E+01  0.348550E+00  0.359834E+00
  0.298541E+01  0.577950E+00  0.357192E+00
  0.298814E+01  0.663350E+00  0.360447E+00
  0.299088E+01  0.800200E+00  0.352883E+00
  0.299361E+01  0.112580E+01  0.353826E+00
  0.299634E+01  0.100485E+01  0.355598E+00
  0.299907E+01  0.805150E+00  0.353440E+00
  0.300181E+01  0.884900E+00  0.358441E+00
  0.300454E+01  0.393250E+00  0.353818E+00
  0.300727E+01  0.741250E+00  0.360211E+00
  0.301000E+01  0.555450E+00  0.358585E+00
  0.301273E+01  0.491500E+00  0.358147E+00
  0.301547E+01  0.575850E+00  0.358957E+00
  0.301820E+01  0.103740E+01  0.354733E+00
  0.302093E+01  0.511500E+00  0.360472E+00
  0.302366E+01  0.411050E+00  0.360474E+00
  0.302640E+01  0.757050E+00  0.354258E+00
  0.302913E+01  0.608500E+00  0.354116E+00
  0.303186E+01  0.747900E+00  0.360566E+00
  0.303459E+01  0.203500E+00  0.355217E+00
  0.303733E+01  0.836150E+00  0.357745E+00
  0.304006E+01  0.598350E+00  0.353997E+00
  0.304279E+01  0.200150E+00  0.357126E+00
  0.304552E+01  0.858750E+00  0.352638E+00
  0.304825E+01  0.297100E+00  0.353941E+00
  0.305099E+01  0.982950E+00  0.351127E+00
  0.305372E+01  0.174350E+00  0.355922E+00
  0.305645E+01  0.844350E+00  0.355115E+00
  0.305918E+01  0.673650E+00  0.354605E+00
  0.306192E+01  0.391250E+00  0.351929E+00
  0.306465E+01  0.899900E+00  0.354198E+00
  0.306738E+01  0.494050E+00  0.354120E+00
  0.307011E+01  0.118310E+01  0.350528E+00
  0.307285E+01  0.350400E+00  0.353653E+00
  0.307558E+01  0.899200E+00  0.353928E+00
  0.307831E+01  0.387800E+00  0.348055E+00
  0.308104E+01  0.467150E+00  0.364400E+00
  0.308377E+01  0.631200E+00  0.358244E+00
  0.308651E+01  0.521500E+00  0.355154E+00
  0.308924E+01  0.518650E+00  0.353615E+00
  0.309197E+01  0.299200E+00  0.353241E+00
  0.309470E+01  0.390100E+00  0.352465E+00
  0.309744E+01  0.100520E+01  0.355567E+00
  0.310017E+01  0.101100E+01  0.354961E+00
  0.310290E+01  0.927300E+00  0.354303E+00
  0.310563E+01  0.659850E+00  0.353812E+00
  0.310837E+01  0.951950E+00  0.350773E+00
  0.311110E+01  0.762950E+00  0.352170E+00
  0.311383E+01  0.682700E+00  0.347666E+00
  0.311656E+01  0.725300E+00  0.355612E+00
  0.311929E+01  0.500250E+00  0.357493E+00
  0.312203E+01  0.865850E+00  0.351679E+00
  0.312476E+01  0.431800E+00  0.350794E+00
  0.312749E+01  0.735700E+00  0.347232E+00
  0.313022E+01  0.614500E+00  0.355247E+00
  0.313296E+01  0.654400E+00  0.355428E+00
  0.313569E+01  0.836500E+00  0.355007E+00
  0.313842E+01  0.634250E+00  0.354402E+00
  0.314115E+01  0.687050E+00  0.349273E+00
  0.314389E+01  0.111445E+01  0.346717E+00
  0.314662E+01  0.575400E+00  0.353183E+00
  0.314935E+01  0.824000E-01  0.347317E+00
  0.315208E+01  0.814600E+00  0.352870E+00
  0.315481E+01  0.467550E+00  0.351092E+00
  0.315755E+01  0.112875E+01  0.355165E+00
  0.316028E+01  0.402550E+00  0.352467E+00
  0.316301E+01  0.813900E+00  0.360016E+00
  0.316574E+01  0.325550E+00  0.351518E+00
  0.316848E+01  0.301450E+00  0.347721E+00
  0.317121E+01  0.981950E+00  0.351392E+00
  0.317394E+01  0.430750E+00  0.348545E+00
  0.317667E+01  0.779500E+00  0.350822E+00
  0.317941E+01  0.616450E+00  0.353012E+00
  0.318214E+01  0.514300E+00  0.352208E+00
  0.318487E+01  0.430350E+00  0.347534E+00
  0.318760E+01  0.387400E+00  0.347024E+00
  0.319033E+01  0.323800E+00  0.349485E+00
  0.319307E+01  0.578600E+00  0.347429E+00
  0.319580E+01  0.638650E+00  0.347272E+00
  0.319853E+01  0.577550E+00  0.349928E+00
  0.320126E+01  0.617700E+00  0.351853E+00
  0.320400E+01  0.777000E+00  0.350630E+00
  0.320673E+01  0.588450E+00  0.354819E+00
  0.320946E+01  0.512650E+00  0.351060E+00
  0.321219E+01  0.252200E+00  0.346110E+00
  0.321493E+01  0.246900E+00  0.344411E+00
  0.321766E+01  0.669100E+00  0.350960E+00
  0.322039E+01  0.483650E+00  0.347879E+00
  0.322312E+01  0.260950E+00  0.347538E+00
  0.322585E+01  0.635900E+00  0.344537E+00
  0.322859E+01  0.103260E+01  0.349468E+00
  0.323132E+01  0.298050E+00  0.346791E+00
  0.323405E+01  0.968550E+00  0.346476E+00
  0.323678E+01  0.337050E+00  0.344085E+00
  0.323952E+01  0.224150E+00  0.352092E+00
  0.324225E+01  0.801000E+00  0.349640E+00
  0.324498E+01  0.977050E+00  0.346915E+00
  0.324771E+01  0.551000E+00  0.349831E+00
  0.325045E+01  0.622100E+00  0.353700E+00
  0.325318E+01  0.586150E+00  0.356042E+00
  0.325591E+01  0.314500E+00  0.346606E+00
  0.325864E+01  0.628250E+00  0.353447E+00
  0.326137E+01  0.814800E+00  0.346330E+00
  0.326411E+01  0.417850E+00  0.341332E+00
  0.326684E+01  0.598550E+00  0.342805E+00
  0.326957E+01  0.602550E+00  0.348475E+00
  0.327230E+01  0.713050E+00  0.345238E+00
  0.327504E+01  0.723400E+00  0.349486E+00
  0.327777E+01  0.519000E+00  0.348373E+00
  0.328050E+01  0.549450E+00  0.356643E+00
  0.328323E+01  0.881800E+00  0.349000E+00
  0.328597E+01  0.888450E+00  0.343801E+00
  0.328870E+01  0.325450E+00  0.349251E+00
  0.329143E+01  0.751200E+00  0.346623E+00
  0.329416E+01  0.882850E+00  0.349275E+00
  0.329689E+01  0.458050E+00  0.347074E+00
  0.329963E+01  0.419050E+00  0.339610E+00
  0.330236E+01  0.967500E+00  0.344607E+00
  0.330509E+01  0.862900E+00  0.350824E+00
  0.330782E+01  0.805950E+00  0.345093E+00
  0.331056E+01  0.871000E+00  0.342779E+00
  0.331329E+01  0.419150E+00  0.346115E+00
  0.331602E+01  0.531600E+00  0.347599E+00
  0.331875E+01  0.479700E+00  0.346747E+00
  0.332149E+01  0.107200E+01  0.349784E+00
  0.332422E+01  0.741200E+00  0.342693E+00
  0.332695E+01  0.688250E+00  0.347854E+00
  0.332968E+01  0.693100E+00  0.343168E+00
  0.333241E+01  0.105015E+01  0.348476E+00
  0.333515E+01  0.691550E+00  0.346419E+00
  0.333788E+01  0.309650E+00  0.346802E+00
  0.334061E+01  0.528050E+00  0.340630E+00
  0.334334E+01  0.164650E+00  0.344801E+00
  0.334608E+01  0.616750E+00  0.348896E+00
  0.334881E+01  0.865200E+00  0.345186E+00
  0.335154E+01  0.603900E+00  0.338118E+00
  0.335427E+01  0.642550E+00  0.344728E+00
  0.335701E+01  0.698200E+00  0.343794E+00
  0.335974E+01  0.248450E+00  0.342711E+00
  0.336247E+01  0.961100E+00  0.347806E+00
  0.336520E+01  0.138000E+00  0.342658E+00
  0.336793E+01  0.303850E+00  0.342817E+00
  0.337067E+01  0.125785E+01  0.349786E+00
  0.337340E+01  0.768350E+00  0.347861E+00
  0.337613E+01  0.406850E+00  0.342206E+00
  0.337886E+01  0.709250E+00  0.348200E+00
  0.338160E+01  0.122850E+00  0.342777E+00
  0.338433E+01  0.771450E+00  0.340159E+00
  0.338706E+01  0.537200E+00  0.349396E+00
  0.338979E+01  0.517050E+00  0.341654E+00
  0.339253E+01  0.366950E+00  0.347653E+00
  0.339526E+01  0.615800E+00  0.343672E+00
  0.339799E+01  0.791400E+00  0.350228E+00
  0.340072E+01  0.361300E+00  0.341034E+00
  0.340345E+01  0.387900E+00  0.337832E+00
  0.340619E+01  0.194150E+00  0.345634E+00
  0.340892E+01  0.189200E+00  0.339520E+00
  0.341165E+01  0.155900E+00  0.346132E+00
  0.341438E+01  0.637000E+00  0.343549E+00
  0.341712E+01  0.440150E+00  0.341480E+00
  0.341985E+01  0.641050E+00  0.344788E+00
  0.342258E+01  0.481350E+00  0.341670E+00
  0.342531E+01  0.345700E+00  0.338854E+00
  0.342805E+01  0.351500E+00  0.343444E+00
  0.343078E+01  0.611850E+00  0.346948E+00
  0.343351E+01  0.676600E+00  0.338704E+00
  0.343624E+01  0.915900E+00  0.342038E+00
  0.343897E+01  0.697900E+00  0.341653E+00
  0.344171E+01  0.552100E+00  0.343476E+00
  0.344444E+01  0.817300E+00  0.342132E+00
  0.344717E+01  0.130925E+01  0.346329E+00
  0.344990E+01  0.574350E+00  0.339731E+00
  0.345264E+01  0.843100E+00  0.353774E+00
  0.345537E+01  0.750550E+00  0.342859E+00
  0.345810E+01  0.722450E+00  0.340924E+00
  0.346083E+01  0.368650E+00  0.340371E+00
  0.346357E+01  0.644200E+00  0.338808E+00
  0.346630E+01  0.359650E+00  0.346365E+00
  0.346903E+01  0.485450E+00  0.341440E+00
  0.347176E+01  0.373200E+00  0.347100E+00
  0.347449E+01  0.383950E+00  0.338686E+00
  0.347723E+01  0.334850E+00  0.338086E+00
  0.347996E+01  0.771950E+00  0.342514E+00
  0.348269E+01  0.507150E+00  0.343454E+00
  0.348542E+01  0.707100E+00  0.337676E+00
  0.348816E+01  0.641000E+00  0.341317E+00
  0.349089E+01  0.520950E+00  0.338393E+00
  0.349362E+01  0.280000E-01  0.345527E+00
  0.349635E+01  0.627900E+00  0.338047E+00
  0.349909E+01  0.327000E+00  0.341785E+00
  0.350182E+01  0.383850E+00  0.335444E+00
  0.350455E+01  0.141785E+01  0.342744E+00
  0.350728E+01  0.439250E+00  0.337901E+00
  0.351001E+01  0.521350E+00  0.343666E+00
  0.351275E+01 -0.630000E-01  0.347593E+00
  0.351548E+01  0.378000E+00  0.342319E+00
  0.351821E+01  0.516000E+00  0.343521E+00
  0.352094E+01  0.617850E+00  0.340317E+00
  0.352368E+01  0.829000E-01  0.334334E+00
  0.352641E+01  0.814200E+00  0.344330E+00
  0.352914E+01  0.400650E+00  0.346151E+00
  0.353187E+01  0.439150E+00  0.337512E+00
  0.353461E+01  0.120250E+00  0.337281E+00
  0.353734E+01  0.112975E+01  0.340707E+00
  0.354007E+01  0.645400E+00  0.338951E+00
  0.354280E+01  0.299950E+00  0.335724E+00
  0.354553E+01  0.523550E+00  0.336161E+00
  0.354827E+01  0.989100E+00  0.340551E+00
  0.355100E+01  0.727750E+00  0.341101E+00
  0.355373E+01  0.946250E+00  0.346656E+00
  0.355646E+01  0.570850E+00  0.343316E+00
  0.355920E+01  0.828750E+00  0.336528E+00
  0.356193E+01  0.540650E+00  0.341568E+00
  0.356466E+01  0.259300E+00  0.334221E+00
  0.356739E+01  0.584600E+00  0.337457E+00
  0.357013E+01  0.597550E+00  0.337810E+00
  0.357286E+01  0.633500E+00  0.341662E+00
  0.357559E+01  0.766650E+00  0.341422E+00
  0.357832E+01  0.509900E+00  0.332645E+00
  0.358105E+01  0.845750E+00  0.343327E+00
  0.358379E+01  0.777900E+00  0.337360E+00
  0.358652E+01  0.561650E+00  0.342929E+00
  0.358925E+01  0.490500E+00  0.338807E+00
  0.359198E+01  0.468100E+00  0.339715E+00
  0.359472E+01  0.714400E+00  0.330555E+00
  0.359745E+01  0.789350E+00  0.342085E+00
  0.360018E+01  0.391250E+00  0.334679E+00
  0.360291E+01  0.335900E+00  0.336107E+00
  0.360565E+01  0.368600E+00  0.340585E+00
  0.360838E+01  0.437500E+00  0.342097E+00
  0.361111E+01  0.331850E+00  0.332131E+00
  0.361384E+01  0.658100E+00  0.339033E+00
  0.361657E+01  0.534600E+00  0.340396E+00
  0.361931E+01  0.769000E+00  0.335882E+00
  0.362204E+01  0.782200E+00  0.340780E+00
  0.362477E+01  0.550850E+00  0.338103E+00
  0.362750E+01  0.677150E+00  0.343741E+00
  0.363024E+01  0.497800E+00  0.335472E+00
  0.363297E+01  0.347500E+00  0.334725E+00
  0.363570E+01  0.729550E+00  0.342057E+00
  0.363843E+01  0.609500E+00  0.335431E+00
  0.364117E+01  0.871250E+00  0.339948E+00
  0.364390E+01  0.277150E+00  0.332729E+00
  0.364663E+01  0.276250E+00  0.336882E+00
  0.364936E+01  0.649700E+00  0.340808E+00
  0.365209E+01  0.453950E+00  0.332314E+00
  0.365483E+01  0.321400E+00  0.338270E+00
  0.365756E+01  0.809400E+00  0.341089E+00
  0.366029E+01  0.303250E+00  0.343074E+00
  0.366302E+01  0.255750E+00  0.332484E+00
  0.366576E+01  0.529100E+00  0.335132E+00
  0.366849E+01  0.461500E-01  0.335700E+00
  0.367122E+01  0.760350E+00  0.335635E+00
  0.367395E+01  0.872300E+00  0.337688E+00
  0.367669E+01 -0.900000E-03  0.341325E+00
  0.367942E+01  0.262600E+00  0.334290E+00
  0.368215E+01  0.523150E+00  0.340934E+00
  0.368488E+01  0.822900E+00  0.334169E+00
  0.368761E+01  0.493100E+00  0.337314E+00
  0.369035E+01  0.475200E+00  0.337150E+00
  0.369308E+01  0.337600E+00  0.332788E+00
  0.369581E+01  0.128150E+00  0.332177E+00
  0.369854E+01  0.445950E+00  0.336015E+00
  0.370128E+01  0.670500E+00  0.338544E+00
  0.370401E+01  0.327300E+00  0.342884E+00
  0.370674E+01  0.479050E+00  0.338909E+00
  0.370947E+01  0.349300E+00  0.337486E+00
  0.371221E+01  0.768150E+00  0.335391E+00
  0.371494E+01  0.633850E+00  0.342769E+00
  0.371767E+01  0.531500E-01  0.329708E+00
  0.372040E+01  0.424350E+00  0.333338E+00
  0.372313E+01  0.237500E+00  0.330743E+00
  0.372587E+01  0.902900E+00  0.337557E+00
  0.372860E+01  0.302450E+00  0.335465E+00
  0.373133E+01  0.738400E+00  0.330489E+00
  0.373406E+01  0.207300E+00  0.330058E+00
  0.373680E+01  0.600350E+00  0.337705E+00
  0.373953E+01  0.484350E+00  0.325039E+00
  0.374226E+01  0.280950E+00  0.332429E+00
  0.374499E+01  0.461600E+00  0.336313E+00
  0.374773E+01  0.680550E+00  0.335425E+00
  0.375046E+01 -0.675500E-01  0.336251E+00
  0.375319E+01  0.503850E+00  0.333848E+00
  0.375592E+01  0.380600E+00  0.333583E+00
  0.375865E+01  0.139200E+00  0.330541E+00
  0.376139E+01  0.781600E+00  0.337131E+00
  0.376412E+01  0.422550E+00  0.338165E+00
  0.376685E+01  0.503400E+00  0.337507E+00
  0.376958E+01  0.454200E+00  0.328913E+00
  0.377232E+01  0.731850E+00  0.333021E+00
  0.377505E+01  0.635000E+00  0.334337E+00
  0.377778E+01  0.700000E+00  0.331254E+00
  0.378051E+01  0.132515E+01  0.334748E+00
  0.378325E+01  0.684900E+00  0.332247E+00
  0.378598E+01  0.383150E+00  0.335097E+00
  0.378871E+01  0.214750E+00  0.332787E+00
  0.379144E+01  0.748650E+00  0.331250E+00
  0.379417E+01  0.544500E+00  0.331263E+00
  0.379691E+01  0.144850E+00  0.329208E+00
  0.379964E+01  0.215050E+00  0.332864E+00
  0.380237E+01  0.100830E+01  0.325629E+00
  0.380510E+01  0.892350E+00  0.329319E+00
  0.380784E+01  0.285350E+00  0.326135E+00
  0.381057E+01  0.625250E+00  0.337528E+00
  0.381330E+01  0.835550E+00  0.335426E+00
  0.381603E+01  0.472150E+00  0.336611E+00
  0.381877E+01  0.112530E+01  0.336060E+00
  0.382150E+01  0.373550E+00  0.336494E+00
  0.382423E+01  0.592750E+00  0.340478E+00
  0.382696E+01  0.242550E+00  0.336752E+00
  0.382969E+01  0.282550E+00  0.331730E+00
  0.383243E+01  0.767300E+00  0.335932E+00
  0.383516E+01  0.209550E+00  0.331169E+00
  0.383789E+01  0.507300E+00  0.331550E+00
  0.384062E+01  0.291650E+00  0.336335E+00
  0.384336E+01  0.251800E+00  0.331715E+00
  0.384609E+01  0.999900E+00  0.336902E+00
  0.384882E+01  0.217450E+00  0.334911E+00
  0.385155E+01  0.247900E+00  0.328687E+00
  0.385429E+01  0.436900E+00  0.334835E+00
  0.385702E+01  0.198800E+00  0.328377E+00
  0.385975E+01  0.307000E+00  0.336593E+00
  0.386248E+01  0.513550E+00  0.330693E+00
  0.386521E+01  0.703850E+00  0.337688E+00
  0.386795E+01  0.258900E+00  0.329775E+00
  0.387068E+01  0.151000E-01  0.338001E+00
  0.387341E+01  0.453550E+00  0.326930E+00
  0.387614E+01  0.494400E+00  0.339248E+00
  0.387888E+01  0.694900E+00  0.332089E+00
  0.388161E+01  0.558500E-01  0.326318E+00
  0.388434E+01  0.272450E+00  0.337614E+00
  0.388707E+01  0.267550E+00  0.335384E+00
  0.388981E+01  0.402850E+00  0.325058E+00
  0.389254E+01  0.683400E+00  0.332468E+00
  0.389527E+01  0.378500E+00  0.337120E+00
  0.389800E+01  0.277500E-01  0.334256E+00
  0.390073E+01  0.102500E+00  0.329797E+00
  0.390347E+01  0.439550E+00  0.335324E+00
  0.390620E+01  0.287250E+00  0.333871E+00
  0.390893E+01  0.235800E+00  0.331452E+00
  0.391166E+01  0.290850E+00  0.333144E+00
  0.391440E+01  0.437450E+00  0.334063E+00
  0.391713E+01  0.590250E+00  0.331651E+00
  0.391986E+01  0.236500E+00  0.335308E+00
  0.392259E+01  0.155050E+00  0.333849E+00
  0.392533E+01  0.784700E+00  0.335753E+00
  0.392806E+01  0.321300E+00  0.327069E+00
  0.393079E+01  0.947350E+00  0.330623E+00
  0.393352E+01  0.527600E+00  0.373140E+00
  0.393625E+01  0.263850E+00  0.408768E+00
  0.393899E+01  0.651750E+00  0.423850E+00
  0.394172E+01  0.335100E+00  0.452716E+00
  0.394445E+01 -0.849500E-01  0.465796E+00
  0.394718E+01  0.679850E+00  0.479289E+00
  0.394992E+01  0.277500E+00  0.509375E+00
  0.395265E+01  0.919400E+00  0.519473E+00
  0.395538E+01  0.121065E+01  0.542795E+00
  0.395811E+01  0.117010E+01  0.554529E+00
  0.396085E+01 -0.248100E+00  0.430901E+00
  0.396358E+01  0.797950E+00  0.405244E+00
  0.396631E+01  0.489200E+00  0.384277E+00
  0.396904E+01  0.177700E+00  0.382709E+00
  0.397177E+01  0.276500E+00  0.370606E+00
  0.397451E+01  0.125600E+00  0.375760E+00
  0.397724E+01  0.619000E-01  0.363745E+00
  0.397997E+01  0.532750E+00  0.377165E+00
  0.398270E+01  0.392500E-01  0.366942E+00
  0.398544E+01  0.181900E+00  0.367797E+00
  0.398817E+01  0.728500E-01  0.358785E+00
  0.399090E+01  0.249000E+00  0.360827E+00
  0.399363E+01  0.401550E+00  0.352465E+00
  0.399637E+01  0.263650E+00  0.358884E+00
  0.399910E+01  0.284150E+00  0.351783E+00
  0.400183E+01  0.230500E+00  0.357931E+00
  0.400456E+01  0.830450E+00  0.354505E+00
  0.400730E+01  0.204150E+00  0.353163E+00
  0.401003E+01  0.333100E+00  0.354075E+00
  0.401276E+01  0.298800E+00  0.346336E+00
  0.401549E+01  0.726600E+00  0.346371E+00
  0.401822E+01  0.649050E+00  0.341276E+00
  0.402096E+01  0.527850E+00  0.341308E+00
  0.402369E+01  0.664600E+00  0.340776E+00
  0.402642E+01  0.337400E+00  0.337238E+00
  0.402915E+01  0.403600E+00  0.334696E+00
  0.403189E+01  0.631100E+00  0.342625E+00
  0.403462E+01  0.300850E+00  0.324565E+00
  0.403735E+01  0.376000E+00  0.329840E+00
  0.404008E+01  0.414900E+00  0.331540E+00
  0.404282E+01  0.677550E+00  0.332781E+00
  0.404555E+01  0.898650E+00  0.330755E+00
  0.404828E+01  0.430650E+00  0.330625E+00
  0.405101E+01  0.768000E-01  0.333407E+00
  0.405374E+01  0.924050E+00  0.328104E+00
  0.405648E+01  0.178300E+00  0.327200E+00
  0.405921E+01  0.646150E+00  0.320481E+00
  0.406194E+01  0.170950E+00  0.329144E+00
  0.406467E+01  0.573900E+00  0.328184E+00
  0.406741E+01  0.342650E+00  0.329236E+00
  0.407014E+01  0.456500E-01  0.326873E+00
  0.407287E+01  0.107200E+00  0.328137E+00
  0.407560E+01  0.493100E+00  0.328829E+00
  0.407834E+01  0.593150E+00  0.331843E+00
  0.408107E+01  0.604650E+00  0.332454E+00
  0.408380E+01  0.494650E+00  0.330544E+00
  0.408653E+01  0.418950E+00  0.330715E+00
  0.408926E+01  0.669450E+00  0.328131E+00
  0.409200E+01  0.534250E+00  0.326968E+00
  0.409473E+01  0.157350E+00  0.325349E+00
  0.409746E+01  0.410650E+00  0.331101E+00
  0.410019E+01  0.549600E+00  0.330993E+00
  0.410293E+01  0.244850E+00  0.329090E+00
  0.410566E+01  0.452200E+00  0.324481E+00
  0.410839E+01  0.516700E+00  0.329738E+00
  0.411112E+01  0.108765E+01  0.326198E+00
  0.411386E+01  0.445300E+00  0.318162E+00
  0.411659E+01  0.840450E+00  0.326756E+00
  0.411932E+01  0.901000E-01  0.323039E+00
  0.412205E+01  0.342950E+00  0.322052E+00
  0.412478E+01  0.481050E+00  0.322418E+00
  0.412752E+01  0.397700E+00  0.325193E+00
  0.413025E+01  0.444450E+00  0.324571E+00
  0.413298E+01  0.180350E+00  0.324960E+00
  0.413571E+01  0.108100E+00  0.321800E+00
  0.413845E+01  0.570050E+00  0.321306E+00
  0.414118E+01  0.490600E+00  0.326874E+00
  0.414391E+01  0.274750E+00  0.324105E+00
  0.414664E+01  0.414900E+00  0.331568E+00
  0.414938E+01  0.757550E+00  0.323503E+00
  0.415211E+01 -0.100000E-02  0.326979E+00
  0.415484E+01  0.244500E+00  0.327594E+00
  0.415757E+01  0.311150E+00  0.322808E+00
  0.416030E+01  0.183350E+00  0.324147E+00
  0.416304E+01  0.672000E-01  0.328586E+00
  0.416577E+01  0.420700E+00  0.324972E+00
  0.416850E+01  0.545100E+00  0.321009E+00
  0.417123E+01  0.400650E+00  0.327827E+00
  0.417397E+01  0.392850E+00  0.325261E+00
  0.417670E+01 -0.105550E+00  0.323426E+00
  0.417943E+01  0.259350E+00  0.323982E+00
  0.418216E+01  0.134550E+00  0.321578E+00
  0.418490E+01  0.670100E+00  0.320136E+00
  0.418763E+01  0.247300E+00  0.319072E+00
  0.419036E+01  0.164500E+00  0.319196E+00
  0.419309E+01  0.609950E+00  0.324001E+00
  0.419582E+01  0.132350E+00  0.325006E+00
  0.419856E+01  0.132650E+00  0.322545E+00
  0.420129E+01  0.265850E+00  0.326418E+00
  0.420402E+01  0.200000E-03  0.318590E+00
  0.420675E+01  0.840100E+00  0.321661E+00
  0.420949E+01  0.484500E-01  0.318771E+00
  0.421222E+01  0.346550E+00  0.319923E+00
  0.421495E+01  0.322850E+00  0.322175E+00
  0.421768E+01  0.266400E+00  0.317012E+00
  0.422042E+01  0.786100E+00  0.326369E+00
  0.422315E+01 -0.455500E-01  0.321138E+00
  0.422588E+01  0.665050E+00  0.321599E+00
  0.422861E+01  0.730050E+00  0.326616E+00
  0.423134E+01  0.563900E+00  0.329167E+00
  0.423408E+01  0.468350E+00  0.321629E+00
  0.423681E+01  0.562450E+00  0.318456E+00
  0.423954E+01  0.151900E+00  0.317391E+00
  0.424227E+01  0.405750E+00  0.321639E+00
  0.424501E+01  0.285300E+00  0.325661E+00
  0.424774E+01  0.811000E-01  0.311624E+00
  0.425047E+01  0.699650E+00  0.316738E+00
  0.425320E+01 -0.194950E+00  0.320593E+00
  0.425594E+01  0.190200E+00  0.309774E+00
  0.425867E+01  0.511350E+00  0.319455E+00
  0.426140E+01  0.301250E+00  0.316830E+00
  0.426413E+01  0.159350E+00  0.317260E+00
  0.426686E+01  0.223500E+00  0.321066E+00
  0.426960E+01  0.551250E+00  0.321282E+00
  0.427233E+01  0.376500E+00  0.315801E+00
  0.427506E+01  0.313250E+00  0.313237E+00
  0.427779E+01  0.462950E+00  0.322300E+00
  0.428053E+01 -0.895500E-01  0.316843E+00
  0.428326E+01  0.417750E+00  0.322791E+00
  0.428599E+01  0.180100E+00  0.321882E+00
  0.428872E+01  0.978000E-01  0.318037E+00
  0.429146E+01  0.634800E+00  0.318584E+00
  0.429419E+01  0.220250E+00  0.312276E+00
  0.429692E+01  0.552750E+00  0.318035E+00
  0.429965E+01 -0.178950E+00  0.320716E+00
  0.430238E+01  0.296550E+00  0.319750E+00
  0.430512E+01  0.163050E+00  0.321971E+00
  0.430785E+01 -0.184750E+00  0.311190E+00
  0.431058E+01  0.318300E+00  0.315578E+00
  0.431331E+01  0.207550E+00  0.318648E+00
  0.431605E+01  0.710000E+00  0.321754E+00
  0.431878E+01  0.470300E+00  0.320416E+00
  0.432151E+01  0.583800E+00  0.316982E+00
  0.432424E+01  0.170850E+00  0.316401E+00
  0.432698E+01 -0.959500E-01  0.315291E+00
  0.432971E+01  0.400600E+00  0.310873E+00
  0.433244E+01 -0.731000E-01  0.313797E+00
  0.433517E+01 -0.667500E-01  0.311573E+00
  0.433790E+01  0.509700E+00  0.320439E+00
  0.434064E+01  0.606950E+00  0.322657E+00
  0.434337E+01  0.363700E+00  0.318332E+00
  0.434610E+01 -0.440000E-02  0.318580E+00
  0.434883E+01 -0.473100E+00  0.313329E+00
  0.435157E+01  0.376000E+00  0.314400E+00
  0.435430E+01  0.245750E+00  0.318452E+00
  0.435703E+01  0.115450E+00  0.309583E+00
  0.435976E+01  0.237100E+00  0.315391E+00
  0.436250E+01  0.247000E-01  0.315956E+00
  0.436523E+01  0.180450E+00  0.309129E+00
  0.436796E+01  0.420650E+00  0.323530E+00
  0.437069E+01  0.527950E+00  0.315557E+00
  0.437342E+01  0.463650E+00  0.315875E+00
  0.437616E+01  0.275700E+00  0.316186E+00
  0.437889E+01  0.562000E+00  0.313909E+00
  0.438162E+01  0.599450E+00  0.311381E+00
  0.438435E+01  0.123500E+00  0.315230E+00
  0.438709E+01  0.467950E+00  0.316679E+00
  0.438982E+01  0.553050E+00  0.315563E+00
  0.439255E+01  0.302650E+00  0.307500E+00
  0.439528E+01  0.631050E+00  0.312130E+00
  0.439802E+01  0.393850E+00  0.312728E+00
  0.440075E+01  0.439800E+00  0.313486E+00
  0.440348E+01  0.559350E+00  0.312511E+00
  0.440621E+01  0.743000E-01  0.312967E+00
  0.440894E+01  0.326900E+00  0.313820E+00
  0.441168E+01  0.278850E+00  0.316234E+00
  0.441441E+01  0.735800E+00  0.312565E+00
  0.441714E+01  0.495650E+00  0.316875E+00
  0.441987E+01  0.418100E+00  0.315070E+00
  0.442261E+01  0.270150E+00  0.304685E+00
  0.442534E+01  0.311850E+00  0.312915E+00
  0.442807E+01  0.283100E+00  0.308587E+00
  0.443080E+01  0.381850E+00  0.310044E+00
  0.443354E+01  0.201300E+00  0.310272E+00
  0.443627E+01  0.577000E-01  0.309899E+00
  0.443900E+01  0.505650E+00  0.315364E+00
  0.444173E+01  0.146950E+00  0.313199E+00
  0.444446E+01  0.464450E+00  0.314977E+00
  0.444720E+01  0.359450E+00  0.313135E+00
  0.444993E+01 -0.761500E-01  0.309320E+00
  0.445266E+01  0.274250E+00  0.312029E+00
  0.445539E+01  0.290500E-01  0.306895E+00
  0.445813E+01  0.175900E+00  0.309230E+00
  0.446086E+01  0.132650E+00  0.310213E+00
  0.446359E+01 -0.645500E-01  0.305279E+00
  0.446632E+01  0.377350E+00  0.312026E+00
  0.446906E+01  0.309800E+00  0.310680E+00
  0.447179E+01  0.335250E+00  0.312381E+00
  0.447452E+01  0.308200E+00  0.315122E+00
  0.447725E+01  0.504400E+00  0.307521E+00
  0.447998E+01  0.785350E+00  0.309940E+00
  0.448272E+01  0.532300E+00  0.310862E+00
  0.448545E+01  0.543900E+00  0.301571E+00
  0.448818E+01  0.483900E+00  0.310890E+00
  0.449091E+01  0.337250E+00  0.309566E+00
  0.449365E+01  0.443250E+00  0.312645E+00
  0.449638E+01  0.373850E+00  0.310832E+00
  0.449911E+01  0.686650E+00  0.313499E+00
  0.450184E+01  0.131100E+00  0.312812E+00
  0.450458E+01  0.154500E+00  0.312761E+00
  0.450731E+01  0.117000E-01  0.304483E+00
  0.451004E+01  0.483500E+00  0.314055E+00
  0.451277E+01  0.186850E+00  0.308996E+00
  0.451550E+01  0.465350E+00  0.314158E+00
  0.451824E+01  0.340500E+00  0.307327E+00
  0.452097E+01  0.446000E+00  0.310962E+00
  0.452370E+01  0.353350E+00  0.307811E+00
  0.452643E+01  0.690050E+00  0.310723E+00
  0.452917E+01  0.285050E+00  0.309391E+00
  0.453190E+01  0.496000E-01  0.303761E+00
  0.453463E+01  0.164200E+00  0.311325E+00
  0.453736E+01  0.426700E+00  0.308530E+00
  0.454010E+01  0.239700E+00  0.303807E+00
  0.454283E+01  0.135550E+00  0.315200E+00
  0.454556E+01  0.391300E+00  0.313651E+00
  0.454829E+01  0.399850E+00  0.303334E+00
  0.455102E+01  0.572050E+00  0.304352E+00
  0.455376E+01  0.126550E+00  0.306486E+00
  0.455649E+01  0.802200E+00  0.308404E+00
  0.455922E+01  0.403050E+00  0.311422E+00
  0.456195E+01  0.140350E+00  0.307256E+00
  0.456469E+01  0.373000E+00  0.308462E+00
  0.456742E+01  0.234650E+00  0.310728E+00
  0.457015E+01  0.557000E+00  0.307716E+00
  0.457288E+01  0.470350E+00  0.306889E+00
  0.457562E+01  0.241050E+00  0.306250E+00
  0.457835E+01  0.912000E-01  0.303655E+00
  0.458108E+01 -0.726000E-01  0.307428E+00
  0.458381E+01  0.370700E+00  0.312404E+00
  0.458654E+01  0.362450E+00  0.308068E+00
  0.458928E+01  0.443600E+00  0.306477E+00
  0.459201E+01  0.121750E+00  0.308676E+00
  0.459474E+01  0.323900E+00  0.305907E+00
  0.459747E+01  0.610600E+00  0.306857E+00
  0.460021E+01 -0.108050E+00  0.305796E+00
  0.460294E+01  0.549450E+00  0.306975E+00
  0.460567E+01  0.487850E+00  0.306898E+00
  0.460840E+01  0.221700E+00  0.306573E+00
  0.461114E+01  0.760600E+00  0.304462E+00
  0.461387E+01  0.698050E+00  0.302680E+00
  0.461660E+01  0.527850E+00  0.307566E+00
  0.461933E+01  0.907050E+00  0.304141E+00
  0.462206E+01  0.558900E+00  0.300570E+00
  0.462480E+01  0.188250E+00  0.308532E+00
  0.462753E+01  0.302850E+00  0.306368E+00
  0.463026E+01  0.237800E+00  0.297746E+00
  0.463299E+01  0.338150E+00  0.305807E+00
  0.463573E+01  0.534300E+00  0.307447E+00
  0.463846E+01  0.347150E+00  0.304264E+00
  0.464119E+01  0.715000E-01  0.307979E+00
  0.464392E+01  0.219900E+00  0.299935E+00
  0.464666E+01  0.657850E+00  0.302406E+00
  0.464939E+01  0.176500E+00  0.302232E+00
  0.465212E+01  0.231300E+00  0.304414E+00
  0.465485E+01  0.796000E-01  0.301243E+00
  0.465758E+01  0.219800E+00  0.300373E+00
  0.466032E+01  0.250600E+00  0.304252E+00
  0.466305E+01 -0.138100E+00  0.304038E+00
  0.466578E+01  0.564050E+00  0.299290E+00
  0.466851E+01  0.607600E+00  0.296982E+00
  0.467125E+01  0.116050E+00  0.306253E+00
  0.467398E+01  0.450350E+00  0.303833E+00
  0.467671E+01  0.971500E-01  0.304245E+00
  0.467944E+01  0.593000E-01  0.299574E+00
  0.468218E+01  0.292950E+00  0.301261E+00
  0.468491E+01  0.215550E+00  0.301978E+00
  0.468764E+01  0.294200E+00  0.311073E+00
  0.469037E+01  0.156350E+00  0.300648E+00
  0.469310E+01  0.252050E+00  0.299092E+00
  0.469584E+01  0.638450E+00  0.301469E+00
  0.469857E+01  0.141950E+00  0.303873E+00
  0.470130E+01  0.708200E+00  0.307304E+00
  0.470403E+01  0.367400E+00  0.304497E+00
  0.470677E+01  0.450650E+00  0.304178E+00
  0.470950E+01  0.489150E+00  0.306631E+00
  0.471223E+01  0.580000E+00  0.303994E+00
  0.471496E+01  0.583900E+00  0.303916E+00
  0.471770E+01 -0.113450E+00  0.300734E+00
  0.472043E+01  0.393000E-01  0.300777E+00
  0.472316E+01  0.264100E+00  0.302375E+00
  0.472589E+01  0.265900E+00  0.301622E+00
  0.472862E+01  0.145000E-02  0.305162E+00
  0.473136E+01  0.844000E-01  0.298367E+00
  0.473409E+01  0.338000E+00  0.304046E+00
  0.473682E+01  0.285450E+00  0.307481E+00
  0.473955E+01  0.115050E+00  0.304036E+00
  0.474229E+01  0.459000E-01  0.299844E+00
  0.474502E+01  0.718100E+00  0.301218E+00
  0.474775E+01  0.514200E+00  0.302272E+00
  0.475048E+01  0.360650E+00  0.302411E+00
  0.475322E+01  0.312000E-01  0.297522E+00
  0.475595E+01  0.356550E+00  0.302392E+00
  0.475868E+01  0.240500E-01  0.301894E+00
  0.476141E+01  0.700000E-01  0.297882E+00
  0.476414E+01  0.154400E+00  0.300744E+00
  0.476688E+01  0.709550E+00  0.304958E+00
  0.476961E+01  0.419250E+00  0.299714E+00
  0.477234E+01  0.524600E+00  0.298878E+00
  0.477507E+01 -0.944500E-01  0.304673E+00
  0.477781E+01  0.350000E-03  0.297847E+00
  0.478054E+01  0.193750E+00  0.303514E+00
  0.478327E+01  0.365600E+00  0.297688E+00
  0.478600E+01 -0.591500E-01  0.298724E+00
  0.478874E+01  0.250350E+00  0.298566E+00
  0.479147E+01  0.360500E-01  0.300785E+00
  0.479420E+01  0.271400E+00  0.296895E+00
  0.479693E+01  0.353350E+00  0.299701E+00
  0.479966E+01  0.342350E+00  0.301850E+00
  0.480240E+01  0.243350E+00  0.298630E+00
  0.480513E+01  0.863500E-01  0.296114E+00
  0.480786E+01  0.232650E+00  0.299447E+00
  0.481059E+01  0.411650E+00  0.300114E+00
  0.481333E+01  0.217400E+00  0.298181E+00
  0.481606E+01  0.350550E+00  0.298848E+00
  0.481879E+01  0.347000E+00  0.294263E+00
  0.482152E+01  0.108100E+00  0.296270E+00
  0.482426E+01 -0.169500E+00  0.300883E+00
  0.482699E+01  0.312500E+00  0.297948E+00
  0.482972E+01  0.778100E+00  0.296643E+00
  0.483245E+01 -0.160000E-01  0.298864E+00
  0.483518E+01  0.749300E+00  0.303372E+00
  0.483792E+01  0.705500E-01  0.299917E+00
  0.484065E+01  0.502500E-01  0.300546E+00
  0.484338E+01  0.203500E-01  0.298438E+00
  0.484611E+01  0.360850E+00  0.303073E+00
  0.484885E+01 -0.142750E+00  0.293259E+00
  0.485158E+01  0.164650E+00  0.297405E+00
  0.485431E+01  0.153100E+00  0.297233E+00
  0.485704E+01  0.230550E+00  0.295721E+00
  0.485978E+01  0.200700E+00  0.292020E+00
  0.486251E+01  0.217300E+00  0.294766E+00
  0.486524E+01  0.194000E-01  0.296145E+00
  0.486797E+01  0.286100E+00  0.298977E+00
  0.487070E+01  0.905000E-02  0.295751E+00
  0.487344E+01  0.382000E+00  0.295531E+00
  0.487617E+01 -0.223000E-01  0.295461E+00
  0.487890E+01  0.486750E+00  0.294681E+00
  0.488163E+01  0.764200E+00  0.297904E+00
  0.488437E+01  0.871700E+00  0.299032E+00
  0.488710E+01  0.549550E+00  0.298869E+00
  0.488983E+01  0.505300E+00  0.300947E+00
  0.489256E+01  0.296000E-01  0.295892E+00
  0.489530E+01  0.548500E-01  0.293381E+00
  0.489803E+01  0.149700E+00  0.301198E+00
  0.490076E+01 -0.269850E+00  0.291614E+00
  0.490349E+01  0.751900E+00  0.299017E+00
  0.490622E+01  0.234800E+00  0.300963E+00
  0.490896E+01  0.444300E+00  0.301277E+00
  0.491169E+01  0.491000E+00  0.296373E+00
  0.491442E+01  0.194550E+00  0.292507E+00
  0.491715E+01  0.506400E+00  0.303319E+00
  0.491989E+01  0.962500E-01  0.294914E+00
  0.492262E+01  0.605000E-02  0.294120E+00
  0.492535E+01  0.385750E+00  0.291205E+00
  0.492808E+01  0.449950E+00  0.296794E+00
  0.493082E+01 -0.665000E-02  0.290603E+00
  0.493355E+01  0.241250E+00  0.290496E+00
  0.493628E+01  0.255800E+00  0.295430E+00
  0.493901E+01  0.484150E+00  0.297218E+00
  0.494174E+01  0.643450E+00  0.298800E+00
  0.494448E+01  0.408600E+00  0.289925E+00
  0.494721E+01  0.251250E+00  0.292606E+00
  0.494994E+01  0.185350E+00  0.299255E+00
  0.495267E+01  0.915000E-02  0.294326E+00
  0.495541E+01  0.345600E+00  0.293762E+00
  0.495814E+01  0.493950E+00  0.297137E+00
  0.496087E+01 -0.804000E-01  0.296738E+00
  0.496360E+01  0.363600E+00  0.295198E+00
  0.496634E+01 -0.103834E+02  0.338965E+00
  0.496907E+01  0.251900E+00  0.294189E+00
  0.497180E+01  0.240050E+00  0.292251E+00
  0.497453E+01  0.257050E+00  0.292284E+00
  0.497726E+01  0.741200E+00  0.297031E+00
  0.498000E+01  0.563000E+00  0.292939E+00
  0.498273E+01  0.252100E+00  0.294676E+00
  0.498546E+01  0.263350E+00  0.296943E+00
  0.498819E+01  0.295600E+00  0.290542E+00
  0.499093E+01  0.141500E-01  0.291766E+00
  0.499366E+01  0.432100E+00  0.290707E+00
  0.499639E+01  0.910000E-01  0.292374E+00
  0.499912E+01  0.549850E+00  0.293147E+00
  0.500186E+01  0.301850E+00  0.293819E+00
  0.500459E+01  0.348150E+00  0.294710E+00
  0.500732E+01  0.140900E+00  0.291893E+00
  0.501005E+01  0.331600E+00  0.289609E+00
  0.501278E+01  0.381200E+00  0.285840E+00
  0.501552E+01  0.326050E+00  0.293329E+00
  0.501825E+01  0.338900E+00  0.292249E+00
  0.502098E+01  0.494200E+00  0.295684E+00
  0.502371E+01  0.127300E+00  0.291898E+00
  0.502645E+01  0.250400E+00  0.295483E+00
  0.502918E+01  0.218950E+00  0.292306E+00
  0.503191E+01  0.300400E+00  0.292652E+00
  0.503464E+01  0.313100E+00  0.288498E+00
  0.503738E+01  0.348750E+00  0.289123E+00
  0.504011E+01 -0.114000E-01  0.295561E+00
  0.504284E+01  0.605800E+00  0.294482E+00
  0.504557E+01  0.240400E+00  0.289789E+00
  0.504830E+01  0.120950E+00  0.293442E+00
  0.505104E+01  0.505950E+00  0.293598E+00
  0.505377E+01  0.532850E+00  0.286254E+00
  0.505650E+01  0.399200E+00  0.291465E+00
  0.505923E+01  0.127050E+00  0.292916E+00
  0.506197E+01  0.184200E+00  0.296526E+00
  0.506470E+01  0.597500E-01  0.288507E+00
  0.506743E+01  0.473850E+00  0.287961E+00
  0.507016E+01  0.275700E+00  0.287940E+00
  0.507290E+01  0.173450E+00  0.286610E+00
  0.507563E+01  0.156550E+00  0.290840E+00
  0.507836E+01  0.204850E+00  0.294651E+00
  0.508109E+01  0.205400E+00  0.291284E+00
  0.508382E+01  0.227950E+00  0.291770E+00
  0.508656E+01  0.896000E-01  0.292356E+00
  0.508929E+01  0.328150E+00  0.290672E+00
  0.509202E+01  0.456300E+00  0.294423E+00
  0.509475E+01  0.246650E+00  0.288712E+00
  0.509749E+01  0.953000E-01  0.290726E+00
  0.510022E+01  0.110300E+00  0.288317E+00
  0.510295E+01  0.134750E+00  0.293391E+00
  0.510568E+01  0.596100E+00  0.289612E+00
  0.510842E+01  0.113900E+00  0.291721E+00
  0.511115E+01  0.215600E+00  0.292952E+00
  0.511388E+01  0.722750E+00  0.297895E+00
  0.511661E+01  0.599500E-01  0.288008E+00
  0.511934E+01 -0.356500E-01  0.287271E+00
  0.512208E+01 -0.179150E+00  0.293884E+00
  0.512481E+01  0.357200E+00  0.282998E+00
  0.512754E+01  0.204800E+00  0.288648E+00
  0.513027E+01  0.480150E+00  0.293565E+00
  0.513301E+01  0.809700E+00  0.291631E+00
  0.513574E+01  0.420050E+00  0.290302E+00
  0.513847E+01  0.352150E+00  0.288987E+00
  0.514120E+01  0.333250E+00  0.289411E+00
  0.514394E+01  0.224350E+00  0.291853E+00
  0.514667E+01  0.141450E+00  0.287611E+00
  0.514940E+01  0.815500E-01  0.293278E+00
  0.515213E+01  0.579100E+00  0.295448E+00
  0.515486E+01 -0.166700E+00  0.289455E+00
  0.515760E+01  0.210150E+00  0.289886E+00
  0.516033E+01  0.308300E+00  0.294285E+00
  0.516306E+01  0.557000E+00  0.293109E+00
  0.516579E+01  0.274900E+00  0.288112E+00
  0.516853E+01  0.250950E+00  0.285324E+00
  0.517126E+01  0.318350E+00  0.285532E+00
  0.517399E+01  0.508850E+00  0.289541E+00
  0.517672E+01  0.264150E+00  0.293582E+00
  0.517946E+01  0.855000E-01  0.289691E+00
  0.518219E+01  0.174800E+00  0.287550E+00
  0.518492E+01  0.546850E+00  0.291499E+00
  0.518765E+01  0.359150E+00  0.287917E+00
  0.519038E+01 -0.310000E-02  0.285261E+00
  0.519312E+01 -0.184000E-01  0.288049E+00
  0.519585E+01  0.215400E+00  0.291482E+00
  0.519858E+01  0.321100E+00  0.288247E+00
  0.520131E+01  0.296950E+00  0.287558E+00
  0.520405E+01  0.282050E+00  0.287988E+00
  0.520678E+01  0.327950E+00  0.292891E+00
  0.520951E+01  0.535150E+00  0.290526E+00
  0.521224E+01  0.677000E+00  0.290515E+00
  0.521498E+01  0.162900E+00  0.287848E+00
  0.521771E+01  0.425800E+00  0.291429E+00
  0.522044E+01  0.242250E+00  0.293252E+00
  0.522317E+01 -0.274100E+00  0.287097E+00
  0.522590E+01  0.168150E+00  0.288691E+00
  0.522864E+01 -0.206000E-01  0.291196E+00
  0.523137E+01  0.232800E+00  0.286451E+00
  0.523410E+01  0.101600E+00  0.286032E+00
  0.523683E+01  0.638950E+00  0.283698E+00
  0.523957E+01  0.692700E+00  0.290981E+00
  0.524230E+01  0.249100E+00  0.289828E+00
  0.524503E+01  0.320400E+00  0.282772E+00
  0.524776E+01  0.492400E+00  0.287459E+00
  0.525050E+01  0.455000E+00  0.285703E+00
  0.525323E+01  0.266800E+00  0.292134E+00
  0.525596E+01  0.435650E+00  0.291332E+00
  0.525869E+01  0.669500E-01  0.286214E+00
  0.526142E+01  0.352750E+00  0.287960E+00
  0.526416E+01  0.345150E+00  0.291087E+00
  0.526689E+01  0.120650E+00  0.293126E+00
  0.526962E+01  0.195500E+00  0.281747E+00
  0.527235E+01  0.819500E-01  0.288626E+00
  0.527509E+01  0.233000E+00  0.286815E+00
  0.527782E+01  0.574200E+00  0.286859E+00
  0.528055E+01  0.119500E-01  0.286926E+00
  0.528328E+01 -0.116050E+00  0.341362E+00
  0.528602E+01  0.960200E+00  0.372930E+00
  0.528875E+01 -0.288100E+00  0.398615E+00
  0.529148E+01  0.548750E+00  0.416326E+00
  0.529421E+01 -0.186050E+00  0.437415E+00
  0.529694E+01 -0.277750E+00  0.452955E+00
  0.529968E+01 -0.107650E+00  0.481746E+00
  0.530241E+01  0.130850E+00  0.499991E+00
  0.530514E+01  0.418700E+00  0.546925E+00
  0.530787E+01  0.238200E+00  0.364290E+00
  0.531061E+01  0.145250E+00  0.341483E+00
  0.531334E+01 -0.110250E+00  0.332766E+00
  0.531607E+01  0.373100E+00  0.330123E+00
  0.531880E+01  0.240550E+00  0.313237E+00
  0.532154E+01  0.466100E+00  0.317549E+00
  0.532427E+01  0.131250E+00  0.316141E+00
  0.532700E+01  0.246400E+00  0.314163E+00
  0.532973E+01  0.421350E+00  0.312305E+00
  0.533246E+01  0.347500E-01  0.317442E+00
  0.533520E+01 -0.846500E-01  0.313903E+00
  0.533793E+01  0.337400E+00  0.316643E+00
  0.534066E+01 -0.257550E+00  0.305373E+00
  0.534339E+01  0.246150E+00  0.301052E+00
  0.534613E+01  0.343950E+00  0.302541E+00
  0.534886E+01  0.356000E-01  0.301204E+00
  0.535159E+01  0.173550E+00  0.292582E+00
  0.535432E+01  0.190550E+00  0.298101E+00
  0.535706E+01  0.528000E-01  0.288239E+00
  0.535979E+01  0.311050E+00  0.292055E+00
  0.536252E+01  0.180100E+00  0.286433E+00
  0.536525E+01  0.540650E+00  0.279410E+00
  0.536798E+01  0.427050E+00  0.279701E+00
  0.537072E+01  0.235950E+00  0.285002E+00
  0.537345E+01  0.213150E+00  0.283569E+00
  0.537618E+01  0.423100E+00  0.285022E+00
  0.537891E+01  0.822500E-01  0.286627E+00
  0.538165E+01  0.305850E+00  0.284109E+00
  0.538438E+01 -0.116400E+00  0.278975E+00
  0.538711E+01  0.268800E+00  0.279630E+00
  0.538984E+01  0.456400E+00  0.278969E+00
  0.539258E+01  0.390100E+00  0.284559E+00
  0.539531E+01  0.226300E+00  0.277812E+00
  0.539804E+01  0.213500E+00  0.284845E+00
  0.540077E+01  0.110100E+00  0.281449E+00
  0.540350E+01  0.787000E-01  0.279618E+00
  0.540624E+01  0.441250E+00  0.281956E+00
  0.540897E+01 -0.160450E+00  0.278878E+00
  0.541170E+01  0.847500E-01  0.274931E+00
  0.541443E+01  0.421950E+00  0.282232E+00
  0.541717E+01  0.273050E+00  0.279854E+00
  0.541990E+01  0.109300E+00  0.281755E+00
  0.542263E+01  0.517550E+00  0.279796E+00
  0.542536E+01 -0.945500E-01  0.282590E+00
  0.542810E+01  0.236400E+00  0.276799E+00
  0.543083E+01 -0.108600E+00  0.282275E+00
  0.543356E+01  0.920000E-01  0.275253E+00
  0.543629E+01  0.449500E-01  0.275338E+00
  0.543902E+01  0.389500E+00  0.284589E+00
  0.544176E+01  0.194300E+00  0.280411E+00
  0.544449E+01  0.946000E-01  0.278997E+00
  0.544722E+01  0.943000E-01  0.273251E+00
  0.544995E+01  0.757500E-01  0.280296E+00
  0.545269E+01  0.196250E+00  0.272839E+00
  0.545542E+01  0.467500E+00  0.281116E+00
  0.545815E+01  0.576500E-01  0.280407E+00
  0.546088E+01  0.258750E+00  0.273003E+00
  0.546362E+01 -0.252500E-01  0.280863E+00
  0.546635E+01  0.466000E+00  0.276919E+00
  0.546908E+01  0.309800E+00  0.282210E+00
  0.547181E+01  0.365200E+00  0.269829E+00
  0.547454E+01  0.339500E+00  0.278136E+00
  0.547728E+01  0.186950E+00  0.278198E+00
  0.548001E+01 -0.402500E-01  0.278552E+00
  0.548274E+01  0.466600E+00  0.279043E+00
  0.548547E+01  0.753000E-01  0.275147E+00
  0.548821E+01 -0.302000E+00  0.271754E+00
  0.549094E+01  0.720000E-02  0.273173E+00
  0.549367E+01  0.420450E+00  0.278356E+00
  0.549640E+01 -0.120000E-02  0.272618E+00
  0.549914E+01  0.194000E+00  0.273792E+00
  0.550187E+01  0.327900E+00  0.277428E+00
  0.550460E+01  0.373250E+00  0.276205E+00
  0.550733E+01  0.136400E+00  0.274765E+00
  0.551006E+01  0.665200E+00  0.274851E+00
  0.551280E+01  0.308050E+00  0.272323E+00
  0.551553E+01  0.483050E+00  0.274482E+00
  0.551826E+01  0.192000E+00  0.275414E+00
  0.552099E+01  0.346300E+00  0.276492E+00
  0.552373E+01  0.601850E+00  0.335355E+00
  0.552646E+01  0.364000E-01  0.364259E+00
  0.552919E+01  0.154200E+00  0.389580E+00
  0.553192E+01 -0.870500E-01  0.317628E+00
  0.553466E+01  0.360900E+00  0.299096E+00
  0.553739E+01 -0.111800E+00  0.294713E+00
  0.554012E+01  0.221650E+00  0.283452E+00
  0.554285E+01 -0.197650E+00  0.282535E+00
  0.554558E+01  0.663400E+00  0.279020E+00
  0.554832E+01  0.728500E+00  0.289649E+00
  0.555105E+01  0.276550E+00  0.290962E+00
  0.555378E+01  0.327350E+00  0.285558E+00
  0.555651E+01 -0.119000E+00  0.276139E+00
  0.555925E+01  0.147700E+00  0.281462E+00
  0.556198E+01  0.187550E+00  0.279223E+00
  0.556471E+01  0.571550E+00  0.283046E+00
  0.556744E+01  0.308350E+00  0.279745E+00
  0.557018E+01  0.345250E+00  0.278960E+00
  0.557291E+01  0.125000E-02  0.277693E+00
  0.557564E+01 -0.141600E+00  0.281266E+00
  0.557837E+01  0.268050E+00  0.279153E+00
  0.558110E+01  0.435550E+00  0.277962E+00
  0.558384E+01 -0.107550E+00  0.274495E+00
  0.558657E+01  0.437750E+00  0.272484E+00
  0.558930E+01  0.210150E+00  0.270148E+00
  0.559203E+01  0.100650E+00  0.276559E+00
  0.559477E+01  0.439050E+00  0.277999E+00
  0.559750E+01  0.926500E-01  0.270206E+00
  0.560023E+01  0.436850E+00  0.274379E+00
  0.560296E+01 -0.472000E-01  0.274222E+00
  0.560570E+01  0.265100E+00  0.274202E+00
  0.560843E+01  0.148750E+00  0.272626E+00
  0.561116E+01  0.535000E-01  0.273398E+00
  0.561389E+01  0.415050E+00  0.273006E+00
  0.561662E+01  0.432100E+00  0.270522E+00
  0.561936E+01 -0.245000E-01  0.274610E+00
  0.562209E+01  0.492500E+00  0.271900E+00
  0.562482E+01  0.209200E+00  0.277544E+00
  0.562755E+01  0.192550E+00  0.272944E+00
  0.563029E+01  0.397500E+00  0.270669E+00
  0.563302E+01  0.433300E+00  0.271226E+00
  0.563575E+01  0.393500E+00  0.272136E+00
  0.563848E+01  0.158150E+00  0.270494E+00
  0.564122E+01  0.334500E+00  0.266886E+00
  0.564395E+01  0.573400E+00  0.274134E+00
  0.564668E+01  0.313900E+00  0.277016E+00
  0.564941E+01  0.382150E+00  0.271585E+00
  0.565214E+01  0.287550E+00  0.276696E+00
  0.565488E+01 -0.359500E-01  0.275259E+00
  0.565761E+01  0.508600E+00  0.273515E+00
  0.566034E+01  0.374900E+00  0.270305E+00
  0.566307E+01 -0.660500E-01  0.264862E+00
  0.566581E+01  0.934500E-01  0.271089E+00
  0.566854E+01  0.140450E+00  0.270760E+00
  0.567127E+01 -0.150100E+00  0.267774E+00
  0.567400E+01 -0.221350E+00  0.267626E+00
  0.567674E+01  0.103950E+00  0.275796E+00
  0.567947E+01  0.445850E+00  0.270317E+00
  0.568220E+01 -0.186150E+00  0.265595E+00
  0.568493E+01  0.197500E-01  0.268504E+00
  0.568766E+01  0.494000E+00  0.270644E+00
  0.569040E+01 -0.106650E+00  0.262825E+00
  0.569313E+01  0.355650E+00  0.269849E+00
  0.569586E+01  0.192850E+00  0.271727E+00
  0.569859E+01  0.467400E+00  0.267738E+00
  0.570133E+01  0.428950E+00  0.271571E+00
  0.570406E+01  0.549700E+00  0.272461E+00
  0.570679E+01  0.346500E+00  0.270464E+00
  0.570952E+01  0.291000E+00  0.264993E+00
  0.571226E+01  0.244750E+00  0.270141E+00
  0.571499E+01  0.185850E+00  0.271263E+00
  0.571772E+01  0.198600E+00  0.265851E+00
  0.572045E+01  0.218750E+00  0.267126E+00
  0.572318E+01  0.267900E+00  0.271069E+00
  0.572592E+01  0.263950E+00  0.264711E+00
  0.572865E+01  0.347900E+00  0.271321E+00
  0.573138E+01  0.103800E+00  0.268158E+00
  0.573411E+01  0.312500E+00  0.269816E+00
  0.573685E+01  0.363000E-01  0.265385E+00
  0.573958E+01  0.154800E+00  0.267358E+00
  0.574231E+01  0.190850E+00  0.270592E+00
  0.574504E+01  0.106850E+00  0.267094E+00
  0.574778E+01  0.239300E+00  0.264444E+00
  0.575051E+01  0.439150E+00  0.264690E+00
  0.575324E+01 -0.106000E-01  0.265818E+00
  0.575597E+01  0.251050E+00  0.266066E+00
  0.575870E+01  0.987000E-01  0.263362E+00
  0.576144E+01 -0.829000E-01  0.263298E+00
  0.576417E+01  0.309000E-01  0.266397E+00
  0.576690E+01  0.167450E+00  0.269181E+00
  0.576963E+01  0.279450E+00  0.266364E+00
  0.577237E+01 -0.422000E-01  0.266465E+00
  0.577510E+01  0.411550E+00  0.262717E+00
  0.577783E+01  0.357700E+00  0.268393E+00
  0.578056E+01  0.178750E+00  0.271297E+00
  0.578330E+01  0.191850E+00  0.267457E+00
  0.578603E+01  0.373750E+00  0.266761E+00
  0.578876E+01  0.469600E+00  0.263549E+00
  0.579149E+01 -0.581000E-01  0.269376E+00
  0.579422E+01  0.657350E+00  0.270042E+00
  0.579696E+01  0.288300E+00  0.268446E+00
  0.579969E+01  0.199200E+00  0.266475E+00
  0.580242E+01  0.206600E+00  0.264725E+00
  0.580515E+01  0.452000E-01  0.261812E+00
  0.580789E+01  0.206100E+00  0.260502E+00
  0.581062E+01  0.587300E+00  0.262245E+00
  0.581335E+01  0.126100E+00  0.266809E+00
  0.581608E+01  0.516000E-01  0.264231E+00
  0.581882E+01  0.236300E+00  0.267358E+00
  0.582155E+01  0.345050E+00  0.264325E+00
  0.582428E+01  0.409300E+00  0.266627E+00
  0.582701E+01  0.391000E-01  0.262393E+00
  0.582974E+01  0.668500E-01  0.267219E+00
  0.583248E+01  0.245450E+00  0.265689E+00
  0.583521E+01  0.164100E+00  0.267985E+00
  0.583794E+01  0.180500E+00  0.268207E+00
  0.584067E+01  0.423400E+00  0.269136E+00
  0.584341E+01  0.272550E+00  0.266364E+00
  0.584614E+01  0.198800E+00  0.268994E+00
  0.584887E+01 -0.102700E+00  0.261772E+00
  0.585160E+01  0.143950E+00  0.265897E+00
  0.585434E+01  0.262200E+00  0.267016E+00
  0.585707E+01 -0.316550E+00  0.266652E+00
  0.585980E+01  0.156100E+00  0.267828E+00
  0.586253E+01  0.302900E+00  0.265506E+00
  0.586526E+01  0.851500E-01  0.264524E+00
  0.586800E+01  0.923500E-01  0.263635E+00
  0.587073E+01  0.188950E+00  0.260229E+00
  0.587346E+01  0.100200E+00  0.259586E+00
  0.587619E+01  0.174750E+00  0.260175E+00
  0.587893E+01  0.230000E-02  0.262525E+00
  0.588166E+01  0.109200E+00  0.267400E+00
  0.588439E+01  0.508000E-01  0.264801E+00
  0.588712E+01  0.135300E+00  0.265641E+00
  0.588986E+01 -0.291050E+00  0.265085E+00
  0.589259E+01  0.362250E+00  0.265885E+00
  0.589532E+01  0.146000E-01  0.269837E+00
  0.589805E+01  0.342250E+00  0.268707E+00
  0.590078E+01  0.402400E+00  0.268252E+00
  0.590352E+01  0.986000E-01  0.263518E+00
  0.590625E+01  0.277250E+00  0.262961E+00
  0.590898E+01  0.996500E-01  0.265581E+00
  0.591171E+01  0.155150E+00  0.266333E+00
  0.591445E+01  0.471600E+00  0.266412E+00
  0.591718E+01  0.276800E+00  0.259846E+00
  0.591991E+01  0.277300E+00  0.258451E+00
  0.592264E+01  0.217350E+00  0.262347E+00
  0.592538E+01  0.194600E+00  0.261297E+00
  0.592811E+01  0.141750E+00  0.263300E+00
  0.593084E+01  0.135650E+00  0.265497E+00
  0.593357E+01  0.539700E+00  0.265952E+00
  0.593630E+01  0.170600E+00  0.265635E+00
  0.593904E+01  0.317500E+00  0.264070E+00
  0.594177E+01 -0.482000E-01  0.262937E+00
  0.594450E+01 -0.219000E-01  0.257335E+00
  0.594723E+01  0.230000E+00  0.264307E+00
  0.594997E+01  0.462550E+00  0.268845E+00
  0.595270E+01  0.318350E+00  0.262975E+00
  0.595543E+01  0.203950E+00  0.258726E+00
  0.595816E+01 -0.401500E-01  0.265292E+00
  0.596090E+01  0.177900E+00  0.263170E+00
  0.596363E+01  0.369200E+00  0.262065E+00
  0.596636E+01 -0.134300E+00  0.314345E+00
  0.596909E+01  0.248950E+00  0.344431E+00
  0.597182E+01 -0.788000E-01  0.361360E+00
  0.597456E+01  0.162700E+00  0.386989E+00
  0.597729E+01  0.335850E+00  0.414689E+00
  0.598002E+01 -0.194750E+00  0.437463E+00
  0.598275E+01  0.918500E+00  0.458976E+00
  0.598549E+01  0.636300E+00  0.501087E+00
  0.598822E+01  0.453150E+00  0.518337E+00
  0.599095E+01  0.447100E+00  0.539076E+00
  0.599368E+01 -0.349700E+00  0.563692E+00
  0.599642E+01 -0.240500E+00  0.628628E+00
  0.599915E+01 -0.755000E-02  0.700730E+00
  0.600188E+01  0.967500E-01  0.718565E+00
  0.600461E+01 -0.117045E+01  0.887004E+00
  0.600734E+01 -0.880000E-01  0.956273E+00
  0.601008E+01  0.114930E+01  0.125493E+01
  0.601281E+01 -0.199345E+01  0.151760E+01
  0.601554E+01  0.286585E+01  0.473486E+01
