  0.591093E-01  0.829333E+02  0.452654E+02
  0.618416E-01  0.840294E+02  0.372229E+02
  0.645739E-01  0.820899E+02  0.314825E+02
  0.673062E-01  0.810662E+02  0.272685E+02
  0.700385E-01  0.833966E+02  0.236032E+02
  0.727708E-01  0.844870E+02  0.202399E+02
  0.755031E-01  0.845782E+02  0.174803E+02
  0.782354E-01  0.796653E+02  0.154085E+02
  0.809677E-01  0.898575E+02  0.133316E+02
  0.837001E-01  0.813905E+02  0.119114E+02
  0.864324E-01  0.755325E+02  0.103273E+02
  0.891647E-01  0.800042E+02  0.931635E+01
  0.918970E-01  0.752796E+02  0.848190E+01
  0.946293E-01  0.750431E+02  0.742584E+01
  0.973616E-01  0.735180E+02  0.677212E+01
  0.100094E+00  0.756656E+02  0.601231E+01
  0.102826E+00  0.759671E+02  0.557583E+01
  0.105559E+00  0.774963E+02  0.499425E+01
  0.108291E+00  0.727079E+02  0.447334E+01
  0.111023E+00  0.733039E+02  0.416839E+01
  0.113755E+00  0.717439E+02  0.375187E+01
  0.116488E+00  0.690306E+02  0.346822E+01
  0.119220E+00  0.676792E+02  0.317002E+01
  0.121952E+00  0.672548E+02  0.291487E+01
  0.124685E+00  0.674424E+02  0.275303E+01
  0.127417E+00  0.675830E+02  0.249216E+01
  0.130149E+00  0.690849E+02  0.237756E+01
  0.132882E+00  0.676039E+02  0.218425E+01
  0.135614E+00  0.673709E+02  0.204363E+01
  0.138346E+00  0.679541E+02  0.194869E+01
  0.141079E+00  0.670945E+02  0.178629E+01
  0.143811E+00  0.664231E+02  0.170714E+01
  0.146543E+00  0.652708E+02  0.158999E+01
  0.149275E+00  0.653903E+02  0.151954E+01
  0.152008E+00  0.639174E+02  0.143826E+01
  0.154740E+00  0.637916E+02  0.136210E+01
  0.157472E+00  0.638740E+02  0.130759E+01
  0.160205E+00  0.636124E+02  0.124205E+01
  0.162937E+00  0.624316E+02  0.117618E+01
  0.165669E+00  0.621029E+02  0.113716E+01
  0.168402E+00  0.629099E+02  0.108564E+01
  0.171134E+00  0.619782E+02  0.104567E+01
  0.173866E+00  0.610803E+02  0.100319E+01
  0.176599E+00  0.615217E+02  0.963475E+00
  0.179331E+00  0.597750E+02  0.931032E+00
  0.182063E+00  0.598053E+02  0.900473E+00
  0.184795E+00  0.599655E+02  0.873432E+00
  0.187528E+00  0.588065E+02  0.832718E+00
  0.190260E+00  0.581995E+02  0.813769E+00
  0.192992E+00  0.594283E+02  0.790103E+00
  0.195725E+00  0.574117E+02  0.769892E+00
  0.198457E+00  0.576925E+02  0.739887E+00
  0.201189E+00  0.574169E+02  0.732296E+00
  0.203922E+00  0.569490E+02  0.706795E+00
  0.206654E+00  0.561542E+02  0.690809E+00
  0.209386E+00  0.554936E+02  0.668331E+00
  0.212119E+00  0.554368E+02  0.654472E+00
  0.214851E+00  0.550602E+02  0.648759E+00
  0.217583E+00  0.550773E+02  0.633931E+00
  0.220315E+00  0.542622E+02  0.614625E+00
  0.223048E+00  0.542144E+02  0.603831E+00
  0.225780E+00  0.530731E+02  0.589342E+00
  0.228512E+00  0.529643E+02  0.580695E+00
  0.231245E+00  0.528688E+02  0.575117E+00
  0.233977E+00  0.524617E+02  0.565324E+00
  0.236709E+00  0.529907E+02  0.560519E+00
  0.239442E+00  0.521601E+02  0.548862E+00
  0.242174E+00  0.512560E+02  0.539275E+00
  0.244906E+00  0.513383E+02  0.531566E+00
  0.247639E+00  0.512886E+02  0.532669E+00
  0.250371E+00  0.511938E+02  0.523938E+00
  0.253103E+00  0.507232E+02  0.515271E+00
  0.255835E+00  0.498388E+02  0.510174E+00
  0.258568E+00  0.495791E+02  0.506336E+00
  0.261300E+00  0.492036E+02  0.497462E+00
  0.264032E+00  0.491786E+02  0.493992E+00
  0.266765E+00  0.480774E+02  0.487645E+00
  0.269497E+00  0.482248E+02  0.483464E+00
  0.272229E+00  0.480529E+02  0.478320E+00
  0.274962E+00  0.479330E+02  0.472493E+00
  0.277694E+00  0.475706E+02  0.469982E+00
  0.280426E+00  0.470302E+02  0.466314E+00
  0.283159E+00  0.464823E+02  0.459411E+00
  0.285891E+00  0.465677E+02  0.450762E+00
  0.288623E+00  0.458312E+02  0.449328E+00
  0.291355E+00  0.454230E+02  0.443480E+00
  0.294088E+00  0.455256E+02  0.441665E+00
  0.296820E+00  0.450418E+02  0.438947E+00
  0.299552E+00  0.447342E+02  0.429329E+00
  0.302285E+00  0.439705E+02  0.424875E+00
  0.305017E+00  0.438452E+02  0.425227E+00
  0.307749E+00  0.436876E+02  0.420224E+00
  0.310482E+00  0.429868E+02  0.414026E+00
  0.313214E+00  0.427676E+02  0.412469E+00
  0.315946E+00  0.428480E+02  0.408396E+00
  0.318679E+00  0.424294E+02  0.406823E+00
  0.321411E+00  0.416760E+02  0.396448E+00
  0.324143E+00  0.418663E+02  0.401975E+00
  0.326876E+00  0.415318E+02  0.399224E+00
  0.329608E+00  0.414595E+02  0.394548E+00
  0.332340E+00  0.408447E+02  0.393397E+00
  0.335072E+00  0.403839E+02  0.388718E+00
  0.337805E+00  0.404169E+02  0.390878E+00
  0.340537E+00  0.402414E+02  0.387851E+00
  0.343269E+00  0.395612E+02  0.382364E+00
  0.346002E+00  0.394194E+02  0.383902E+00
  0.348734E+00  0.392043E+02  0.377509E+00
  0.351466E+00  0.388328E+02  0.383505E+00
  0.354199E+00  0.386149E+02  0.375504E+00
  0.356931E+00  0.386803E+02  0.374682E+00
  0.359663E+00  0.380185E+02  0.373476E+00
  0.362396E+00  0.376917E+02  0.367318E+00
  0.365128E+00  0.375749E+02  0.369960E+00
  0.367860E+00  0.372949E+02  0.365555E+00
  0.370592E+00  0.367207E+02  0.362990E+00
  0.373325E+00  0.366574E+02  0.365000E+00
  0.376057E+00  0.366837E+02  0.361755E+00
  0.378789E+00  0.363496E+02  0.359332E+00
  0.381522E+00  0.360271E+02  0.356096E+00
  0.384254E+00  0.358950E+02  0.355864E+00
  0.386986E+00  0.355414E+02  0.353000E+00
  0.389719E+00  0.350891E+02  0.350108E+00
  0.392451E+00  0.349105E+02  0.350736E+00
  0.395183E+00  0.346975E+02  0.347653E+00
  0.397916E+00  0.340126E+02  0.342579E+00
  0.400648E+00  0.341093E+02  0.346615E+00
  0.403380E+00  0.340540E+02  0.342728E+00
  0.406112E+00  0.339180E+02  0.342245E+00
  0.408845E+00  0.335480E+02  0.341375E+00
  0.411577E+00  0.332650E+02  0.334767E+00
  0.414309E+00  0.327356E+02  0.334979E+00
  0.417042E+00  0.327679E+02  0.331334E+00
  0.419774E+00  0.327439E+02  0.332056E+00
  0.422506E+00  0.323686E+02  0.332334E+00
  0.425239E+00  0.322362E+02  0.328655E+00
  0.427971E+00  0.314018E+02  0.325977E+00
  0.430703E+00  0.313251E+02  0.323650E+00
  0.433436E+00  0.311321E+02  0.322913E+00
  0.436168E+00  0.305988E+02  0.320288E+00
  0.438900E+00  0.308880E+02  0.320472E+00
  0.441632E+00  0.304399E+02  0.318866E+00
  0.444365E+00  0.300263E+02  0.316497E+00
  0.447097E+00  0.298623E+02  0.313675E+00
  0.449829E+00  0.298857E+02  0.312580E+00
  0.452562E+00  0.296472E+02  0.312455E+00
  0.455294E+00  0.289569E+02  0.311167E+00
  0.458026E+00  0.288518E+02  0.306081E+00
  0.460759E+00  0.289248E+02  0.307700E+00
  0.463491E+00  0.289012E+02  0.305368E+00
  0.466223E+00  0.281495E+02  0.304321E+00
  0.468956E+00  0.279876E+02  0.300629E+00
  0.471688E+00  0.285548E+02  0.303735E+00
  0.474420E+00  0.281527E+02  0.305111E+00
  0.477152E+00  0.275757E+02  0.296714E+00
  0.479885E+00  0.275897E+02  0.298722E+00
  0.482617E+00  0.275773E+02  0.299406E+00
  0.485349E+00  0.271238E+02  0.295009E+00
  0.488082E+00  0.271317E+02  0.296232E+00
  0.490814E+00  0.267574E+02  0.296034E+00
  0.493546E+00  0.265775E+02  0.294627E+00
  0.496279E+00  0.259364E+02  0.285402E+00
  0.499011E+00  0.263479E+02  0.291714E+00
  0.501743E+00  0.256971E+02  0.286539E+00
  0.504476E+00  0.260464E+02  0.287323E+00
  0.507208E+00  0.255700E+02  0.285980E+00
  0.509940E+00  0.253152E+02  0.282598E+00
  0.512672E+00  0.252258E+02  0.284981E+00
  0.515405E+00  0.250737E+02  0.282833E+00
  0.518137E+00  0.246884E+02  0.278979E+00
  0.520869E+00  0.250100E+02  0.285476E+00
  0.523602E+00  0.248261E+02  0.282140E+00
  0.526334E+00  0.242440E+02  0.279332E+00
  0.529066E+00  0.240631E+02  0.276339E+00
  0.531799E+00  0.241249E+02  0.279203E+00
  0.534531E+00  0.240774E+02  0.278266E+00
  0.537263E+00  0.234412E+02  0.271207E+00
  0.539996E+00  0.236940E+02  0.278597E+00
  0.542728E+00  0.229515E+02  0.267678E+00
  0.545460E+00  0.228846E+02  0.269632E+00
  0.548192E+00  0.228598E+02  0.267748E+00
  0.550925E+00  0.229054E+02  0.269383E+00
  0.553657E+00  0.227953E+02  0.267362E+00
  0.556389E+00  0.223795E+02  0.264096E+00
  0.559122E+00  0.225652E+02  0.266955E+00
  0.561854E+00  0.219778E+02  0.263169E+00
  0.564586E+00  0.220261E+02  0.261083E+00
  0.567319E+00  0.216679E+02  0.262527E+00
  0.570051E+00  0.218247E+02  0.263162E+00
  0.572783E+00  0.215911E+02  0.262743E+00
  0.575516E+00  0.212857E+02  0.257561E+00
  0.578248E+00  0.211424E+02  0.259161E+00
  0.580980E+00  0.209913E+02  0.257747E+00
  0.583713E+00  0.206672E+02  0.252387E+00
  0.586445E+00  0.207998E+02  0.256631E+00
  0.589177E+00  0.205750E+02  0.252871E+00
  0.591909E+00  0.205663E+02  0.255066E+00
  0.594642E+00  0.204572E+02  0.253083E+00
  0.597374E+00  0.200326E+02  0.249693E+00
  0.600106E+00  0.197844E+02  0.251627E+00
  0.602839E+00  0.200099E+02  0.250418E+00
  0.605571E+00  0.196749E+02  0.249065E+00
  0.608303E+00  0.195910E+02  0.249328E+00
  0.611036E+00  0.199338E+02  0.249059E+00
  0.613768E+00  0.187416E+02  0.241704E+00
  0.616500E+00  0.190152E+02  0.245245E+00
  0.619233E+00  0.184983E+02  0.242271E+00
  0.621965E+00  0.186128E+02  0.238761E+00
  0.624697E+00  0.186654E+02  0.242874E+00
  0.627429E+00  0.186897E+02  0.242857E+00
  0.630162E+00  0.186299E+02  0.241274E+00
  0.632894E+00  0.181473E+02  0.237686E+00
  0.635626E+00  0.182398E+02  0.237738E+00
  0.638359E+00  0.183038E+02  0.239026E+00
  0.641091E+00  0.182299E+02  0.238745E+00
  0.643823E+00  0.177956E+02  0.236250E+00
  0.646556E+00  0.175912E+02  0.235518E+00
  0.649288E+00  0.178703E+02  0.234975E+00
  0.652020E+00  0.174354E+02  0.233111E+00
  0.654753E+00  0.177004E+02  0.234854E+00
  0.657485E+00  0.174777E+02  0.234117E+00
  0.660217E+00  0.168133E+02  0.229008E+00
  0.662949E+00  0.168128E+02  0.228953E+00
  0.665682E+00  0.170054E+02  0.231238E+00
  0.668414E+00  0.167192E+02  0.228869E+00
  0.671146E+00  0.165555E+02  0.227509E+00
  0.673879E+00  0.163083E+02  0.228796E+00
  0.676611E+00  0.166009E+02  0.228158E+00
  0.679343E+00  0.161139E+02  0.225509E+00
  0.682076E+00  0.161004E+02  0.224774E+00
  0.684808E+00  0.159116E+02  0.224593E+00
  0.687540E+00  0.156491E+02  0.221071E+00
  0.690273E+00  0.156974E+02  0.222614E+00
  0.693005E+00  0.157450E+02  0.220044E+00
  0.695737E+00  0.158797E+02  0.223669E+00
  0.698469E+00  0.157066E+02  0.223642E+00
  0.701202E+00  0.155385E+02  0.220332E+00
  0.703934E+00  0.151309E+02  0.218483E+00
  0.706666E+00  0.151041E+02  0.216622E+00
  0.709399E+00  0.149879E+02  0.216218E+00
  0.712131E+00  0.149428E+02  0.219291E+00
  0.714863E+00  0.147569E+02  0.212532E+00
  0.717596E+00  0.148781E+02  0.217132E+00
  0.720328E+00  0.147888E+02  0.214125E+00
  0.723060E+00  0.144375E+02  0.213345E+00
  0.725793E+00  0.142591E+02  0.213609E+00
  0.728525E+00  0.144708E+02  0.214087E+00
  0.731257E+00  0.141868E+02  0.211944E+00
  0.733989E+00  0.139232E+02  0.208977E+00
  0.736722E+00  0.140055E+02  0.210661E+00
  0.739454E+00  0.140062E+02  0.209869E+00
  0.742186E+00  0.137372E+02  0.207190E+00
  0.744919E+00  0.138172E+02  0.210470E+00
  0.747651E+00  0.136677E+02  0.207306E+00
  0.750383E+00  0.134732E+02  0.206431E+00
  0.753116E+00  0.133512E+02  0.207761E+00
  0.755848E+00  0.135209E+02  0.206873E+00
  0.758580E+00  0.129310E+02  0.205325E+00
  0.761313E+00  0.134252E+02  0.205817E+00
  0.764045E+00  0.131730E+02  0.205183E+00
  0.766777E+00  0.127250E+02  0.200639E+00
  0.769509E+00  0.127463E+02  0.201105E+00
  0.772242E+00  0.128213E+02  0.202070E+00
  0.774974E+00  0.126905E+02  0.201392E+00
  0.777706E+00  0.128441E+02  0.203197E+00
  0.780439E+00  0.129012E+02  0.201081E+00
  0.783171E+00  0.124861E+02  0.198366E+00
  0.785903E+00  0.124032E+02  0.199204E+00
  0.788636E+00  0.125520E+02  0.199433E+00
  0.791368E+00  0.124556E+02  0.202085E+00
  0.794100E+00  0.120845E+02  0.197909E+00
  0.796833E+00  0.120442E+02  0.195564E+00
  0.799565E+00  0.117639E+02  0.196170E+00
  0.802297E+00  0.119380E+02  0.198611E+00
  0.805029E+00  0.116943E+02  0.198537E+00
  0.807762E+00  0.115008E+02  0.195638E+00
  0.810494E+00  0.114190E+02  0.198239E+00
  0.813226E+00  0.116347E+02  0.199283E+00
  0.815959E+00  0.114223E+02  0.197490E+00
  0.818691E+00  0.114143E+02  0.197987E+00
  0.821423E+00  0.111518E+02  0.196666E+00
  0.824156E+00  0.112466E+02  0.201211E+00
  0.826888E+00  0.111580E+02  0.197606E+00
  0.829620E+00  0.111587E+02  0.199114E+00
  0.832353E+00  0.110957E+02  0.196426E+00
  0.835085E+00  0.108186E+02  0.196404E+00
  0.837817E+00  0.107605E+02  0.196121E+00
  0.840549E+00  0.107192E+02  0.195678E+00
  0.843282E+00  0.107074E+02  0.197620E+00
  0.846014E+00  0.106478E+02  0.193485E+00
  0.848746E+00  0.104913E+02  0.194153E+00
  0.851479E+00  0.104890E+02  0.198824E+00
  0.854211E+00  0.103051E+02  0.195565E+00
  0.856943E+00  0.103955E+02  0.197258E+00
  0.859676E+00  0.104834E+02  0.194672E+00
  0.862408E+00  0.104585E+02  0.196482E+00
  0.865140E+00  0.100707E+02  0.193578E+00
  0.867873E+00  0.101049E+02  0.194287E+00
  0.870605E+00  0.997924E+01  0.196489E+00
  0.873337E+00  0.993349E+01  0.194541E+00
  0.876070E+00  0.998623E+01  0.194342E+00
  0.878802E+00  0.982334E+01  0.194412E+00
  0.881534E+00  0.969285E+01  0.193474E+00
  0.884266E+00  0.964271E+01  0.193709E+00
  0.886999E+00  0.967162E+01  0.195335E+00
  0.889731E+00  0.932538E+01  0.190653E+00
  0.892463E+00  0.950882E+01  0.189021E+00
  0.895196E+00  0.941572E+01  0.192857E+00
  0.897928E+00  0.919709E+01  0.190576E+00
  0.900660E+00  0.930822E+01  0.193629E+00
  0.903393E+00  0.905398E+01  0.192802E+00
  0.906125E+00  0.928672E+01  0.189537E+00
  0.908857E+00  0.905860E+01  0.192657E+00
  0.911590E+00  0.922173E+01  0.191845E+00
  0.914322E+00  0.931757E+01  0.194660E+00
  0.917054E+00  0.920156E+01  0.193008E+00
  0.919786E+00  0.895629E+01  0.190490E+00
  0.922519E+00  0.904287E+01  0.193473E+00
  0.925251E+00  0.888875E+01  0.188857E+00
  0.927983E+00  0.879934E+01  0.189127E+00
  0.930716E+00  0.878225E+01  0.192388E+00
  0.933448E+00  0.884186E+01  0.191249E+00
  0.936180E+00  0.860346E+01  0.190330E+00
  0.938913E+00  0.840479E+01  0.186754E+00
  0.941645E+00  0.830030E+01  0.188773E+00
  0.944377E+00  0.850267E+01  0.190212E+00
  0.947110E+00  0.850780E+01  0.191047E+00
  0.949842E+00  0.824061E+01  0.188121E+00
  0.952574E+00  0.820744E+01  0.186736E+00
  0.955306E+00  0.850153E+01  0.190926E+00
  0.958039E+00  0.824733E+01  0.187014E+00
  0.960771E+00  0.848678E+01  0.189936E+00
  0.963503E+00  0.809377E+01  0.186279E+00
  0.966236E+00  0.792881E+01  0.186332E+00
  0.968968E+00  0.786342E+01  0.188934E+00
  0.971700E+00  0.792441E+01  0.185569E+00
  0.974433E+00  0.780569E+01  0.187866E+00
  0.977165E+00  0.799201E+01  0.187620E+00
  0.979897E+00  0.770269E+01  0.184811E+00
  0.982630E+00  0.789678E+01  0.188334E+00
  0.985362E+00  0.775078E+01  0.181849E+00
  0.988094E+00  0.758726E+01  0.189377E+00
  0.990826E+00  0.759738E+01  0.188299E+00
  0.993559E+00  0.765929E+01  0.185274E+00
  0.996291E+00  0.758430E+01  0.186027E+00
  0.999023E+00  0.772372E+01  0.186187E+00
  0.100176E+01  0.737363E+01  0.183770E+00
  0.100449E+01  0.756856E+01  0.184721E+00
  0.100722E+01  0.733085E+01  0.182520E+00
  0.100995E+01  0.739735E+01  0.181641E+00
  0.101268E+01  0.724266E+01  0.182509E+00
  0.101542E+01  0.719858E+01  0.184602E+00
  0.101815E+01  0.721684E+01  0.181825E+00
  0.102088E+01  0.720162E+01  0.184761E+00
  0.102361E+01  0.713632E+01  0.183664E+00
  0.102635E+01  0.711407E+01  0.182803E+00
  0.102908E+01  0.698477E+01  0.185577E+00
  0.103181E+01  0.682131E+01  0.179290E+00
  0.103454E+01  0.701233E+01  0.182089E+00
  0.103728E+01  0.692755E+01  0.182145E+00
  0.104001E+01  0.694425E+01  0.180829E+00
  0.104274E+01  0.716266E+01  0.181587E+00
  0.104547E+01  0.674465E+01  0.181115E+00
  0.104820E+01  0.664965E+01  0.182470E+00
  0.105094E+01  0.718507E+01  0.186085E+00
  0.105367E+01  0.664692E+01  0.182345E+00
  0.105640E+01  0.658294E+01  0.179630E+00
  0.105913E+01  0.676017E+01  0.182303E+00
  0.106187E+01  0.652240E+01  0.181618E+00
  0.106460E+01  0.667560E+01  0.178749E+00
  0.106733E+01  0.629911E+01  0.179806E+00
  0.107006E+01  0.632072E+01  0.179948E+00
  0.107280E+01  0.629644E+01  0.179200E+00
  0.107553E+01  0.629645E+01  0.178839E+00
  0.107826E+01  0.649115E+01  0.179063E+00
  0.108099E+01  0.624640E+01  0.182403E+00
  0.108372E+01  0.614927E+01  0.179370E+00
  0.108646E+01  0.643457E+01  0.181055E+00
  0.108919E+01  0.641766E+01  0.178128E+00
  0.109192E+01  0.606064E+01  0.177390E+00
  0.109465E+01  0.602762E+01  0.176735E+00
  0.109739E+01  0.610229E+01  0.177306E+00
  0.110012E+01  0.582208E+01  0.176211E+00
  0.110285E+01  0.599347E+01  0.178925E+00
  0.110558E+01  0.595010E+01  0.177932E+00
  0.110832E+01  0.627841E+01  0.181034E+00
  0.111105E+01  0.571789E+01  0.175231E+00
  0.111378E+01  0.579950E+01  0.177988E+00
  0.111651E+01  0.596032E+01  0.177701E+00
  0.111924E+01  0.583675E+01  0.176383E+00
  0.112198E+01  0.595240E+01  0.176256E+00
  0.112471E+01  0.571996E+01  0.177078E+00
  0.112744E+01  0.576716E+01  0.178032E+00
  0.113017E+01  0.587972E+01  0.175918E+00
  0.113291E+01  0.578450E+01  0.179629E+00
  0.113564E+01  0.541493E+01  0.174703E+00
  0.113837E+01  0.539930E+01  0.173779E+00
  0.114110E+01  0.522401E+01  0.174210E+00
  0.114384E+01  0.562699E+01  0.174837E+00
  0.114657E+01  0.554463E+01  0.172748E+00
  0.114930E+01  0.568871E+01  0.176075E+00
  0.115203E+01  0.534689E+01  0.172452E+00
  0.115476E+01  0.536072E+01  0.174439E+00
  0.115750E+01  0.545740E+01  0.173599E+00
  0.116023E+01  0.539399E+01  0.175151E+00
  0.116296E+01  0.517866E+01  0.173219E+00
  0.116569E+01  0.519664E+01  0.172764E+00
  0.116843E+01  0.522046E+01  0.172568E+00
  0.117116E+01  0.539839E+01  0.176055E+00
  0.117389E+01  0.508368E+01  0.172048E+00
  0.117662E+01  0.515768E+01  0.172502E+00
  0.117936E+01  0.524716E+01  0.173320E+00
  0.118209E+01  0.501947E+01  0.174103E+00
  0.118482E+01  0.498848E+01  0.170999E+00
  0.118755E+01  0.497725E+01  0.174784E+00
  0.119028E+01  0.525609E+01  0.173195E+00
  0.119302E+01  0.498420E+01  0.171630E+00
  0.119575E+01  0.471636E+01  0.171954E+00
  0.119848E+01  0.484691E+01  0.172468E+00
  0.120121E+01  0.496521E+01  0.174506E+00
  0.120395E+01  0.521116E+01  0.171586E+00
  0.120668E+01  0.470178E+01  0.168094E+00
  0.120941E+01  0.478682E+01  0.173061E+00
  0.121214E+01  0.477287E+01  0.171450E+00
  0.121488E+01  0.457929E+01  0.171051E+00
  0.121761E+01  0.482594E+01  0.173289E+00
  0.122034E+01  0.467649E+01  0.170803E+00
  0.122307E+01  0.477832E+01  0.171689E+00
  0.122580E+01  0.466745E+01  0.170773E+00
  0.122854E+01  0.475648E+01  0.180279E+00
  0.123127E+01  0.469056E+01  0.187128E+00
  0.123673E+01  0.478191E+01  0.188281E+00
  0.123947E+01  0.476969E+01  0.196587E+00
  0.124220E+01  0.441070E+01  0.195483E+00
  0.124493E+01  0.470837E+01  0.204480E+00
  0.124766E+01  0.482583E+01  0.205222E+00
  0.125040E+01  0.438022E+01  0.203799E+00
  0.125313E+01  0.448914E+01  0.207554E+00
  0.125586E+01  0.459758E+01  0.210632E+00
  0.125859E+01  0.440585E+01  0.212532E+00
  0.126133E+01  0.429098E+01  0.220622E+00
  0.126406E+01  0.433546E+01  0.199221E+00
  0.126679E+01  0.439248E+01  0.190450E+00
  0.126952E+01  0.436022E+01  0.191823E+00
  0.127225E+01  0.455703E+01  0.187449E+00
  0.127499E+01  0.432269E+01  0.183300E+00
  0.127772E+01  0.420447E+01  0.179622E+00
  0.128045E+01  0.415468E+01  0.179154E+00
  0.128318E+01  0.426585E+01  0.178669E+00
  0.128592E+01  0.405589E+01  0.178453E+00
  0.128865E+01  0.408412E+01  0.175883E+00
  0.129138E+01  0.421217E+01  0.178015E+00
  0.129411E+01  0.420687E+01  0.173625E+00
  0.129685E+01  0.403545E+01  0.175142E+00
  0.129958E+01  0.402632E+01  0.169520E+00
  0.130231E+01  0.384440E+01  0.169749E+00
  0.130504E+01  0.392527E+01  0.169978E+00
  0.130777E+01  0.392286E+01  0.168372E+00
  0.131051E+01  0.387120E+01  0.170256E+00
  0.131324E+01  0.407703E+01  0.170972E+00
  0.131597E+01  0.408439E+01  0.168692E+00
  0.131870E+01  0.404973E+01  0.171346E+00
  0.132144E+01  0.388245E+01  0.168647E+00
  0.132417E+01  0.393628E+01  0.169713E+00
  0.132690E+01  0.380023E+01  0.165640E+00
  0.132963E+01  0.383626E+01  0.168033E+00
  0.133237E+01  0.374445E+01  0.167969E+00
  0.133510E+01  0.375097E+01  0.166097E+00
  0.133783E+01  0.394634E+01  0.171340E+00
  0.134056E+01  0.354693E+01  0.167489E+00
  0.134329E+01  0.365854E+01  0.165787E+00
  0.134603E+01  0.365348E+01  0.164644E+00
  0.134876E+01  0.370552E+01  0.169085E+00
  0.135149E+01  0.365246E+01  0.166439E+00
  0.135422E+01  0.349356E+01  0.167235E+00
  0.135696E+01  0.369176E+01  0.166387E+00
  0.135969E+01  0.346460E+01  0.166140E+00
  0.136242E+01  0.362667E+01  0.167827E+00
  0.136515E+01  0.365407E+01  0.167106E+00
  0.136789E+01  0.380396E+01  0.167100E+00
  0.137062E+01  0.356914E+01  0.165425E+00
  0.137335E+01  0.334256E+01  0.164461E+00
  0.137608E+01  0.337877E+01  0.165803E+00
  0.137881E+01  0.343537E+01  0.164114E+00
  0.138155E+01  0.342553E+01  0.161675E+00
  0.138428E+01  0.343985E+01  0.164989E+00
  0.138701E+01  0.325939E+01  0.164026E+00
  0.138974E+01  0.322859E+01  0.166068E+00
  0.139248E+01  0.349177E+01  0.164850E+00
  0.139521E+01  0.336112E+01  0.165251E+00
  0.139794E+01  0.319903E+01  0.164022E+00
  0.140067E+01  0.308741E+01  0.161584E+00
  0.140341E+01  0.347642E+01  0.165260E+00
  0.140614E+01  0.331740E+01  0.162614E+00
  0.140887E+01  0.337727E+01  0.164191E+00
  0.141160E+01  0.347061E+01  0.165193E+00
  0.141433E+01  0.327257E+01  0.162532E+00
  0.141707E+01  0.322451E+01  0.160074E+00
  0.141980E+01  0.327584E+01  0.163667E+00
  0.142253E+01  0.327774E+01  0.160761E+00
  0.142526E+01  0.313492E+01  0.160790E+00
  0.142800E+01  0.317125E+01  0.160372E+00
  0.143073E+01  0.322004E+01  0.162310E+00
  0.143346E+01  0.308772E+01  0.161450E+00
  0.143619E+01  0.314175E+01  0.163210E+00
  0.143893E+01  0.323331E+01  0.163809E+00
  0.144166E+01  0.303030E+01  0.161576E+00
  0.144439E+01  0.295278E+01  0.159170E+00
  0.144712E+01  0.269895E+01  0.161706E+00
  0.144985E+01  0.303780E+01  0.159919E+00
  0.145259E+01  0.308489E+01  0.161907E+00
  0.145532E+01  0.285832E+01  0.160949E+00
  0.145805E+01  0.301382E+01  0.159598E+00
  0.146078E+01  0.310022E+01  0.160032E+00
  0.146352E+01  0.293699E+01  0.160504E+00
  0.146625E+01  0.308258E+01  0.158138E+00
  0.146898E+01  0.299304E+01  0.162923E+00
  0.147171E+01  0.278235E+01  0.161393E+00
  0.147445E+01  0.266646E+01  0.157860E+00
  0.147718E+01  0.290328E+01  0.158386E+00
  0.147991E+01  0.276929E+01  0.157416E+00
  0.148264E+01  0.277875E+01  0.156417E+00
  0.148537E+01  0.277603E+01  0.155802E+00
  0.148811E+01  0.271857E+01  0.155996E+00
  0.149084E+01  0.280136E+01  0.156107E+00
  0.149357E+01  0.260465E+01  0.156258E+00
  0.149630E+01  0.272084E+01  0.157382E+00
  0.149904E+01  0.279069E+01  0.159413E+00
  0.150177E+01  0.271890E+01  0.152483E+00
  0.150450E+01  0.283606E+01  0.157201E+00
  0.150723E+01  0.266615E+01  0.157008E+00
  0.150997E+01  0.261129E+01  0.154112E+00
  0.151270E+01  0.249914E+01  0.154735E+00
  0.151543E+01  0.261796E+01  0.156243E+00
  0.151816E+01  0.266060E+01  0.152958E+00
  0.152089E+01  0.265825E+01  0.155045E+00
  0.152363E+01  0.252061E+01  0.155515E+00
  0.152636E+01  0.249084E+01  0.155613E+00
  0.152909E+01  0.256813E+01  0.155689E+00
  0.153182E+01  0.261026E+01  0.153555E+00
  0.153456E+01  0.231106E+01  0.152814E+00
  0.153729E+01  0.249697E+01  0.157073E+00
  0.154002E+01  0.256694E+01  0.154598E+00
  0.154275E+01  0.252227E+01  0.153617E+00
  0.154549E+01  0.242595E+01  0.153411E+00
  0.154822E+01  0.245904E+01  0.154443E+00
  0.155095E+01  0.274166E+01  0.154906E+00
  0.155368E+01  0.244181E+01  0.153279E+00
  0.155641E+01  0.251028E+01  0.152492E+00
  0.155915E+01  0.254055E+01  0.154603E+00
  0.156188E+01  0.228141E+01  0.153342E+00
  0.156461E+01  0.234674E+01  0.152751E+00
  0.156734E+01  0.246827E+01  0.151677E+00
  0.157008E+01  0.229789E+01  0.154213E+00
  0.157281E+01  0.240250E+01  0.155008E+00
  0.157554E+01  0.231907E+01  0.152784E+00
  0.157827E+01  0.233836E+01  0.151009E+00
  0.158101E+01  0.241608E+01  0.152611E+00
  0.158374E+01  0.230646E+01  0.152006E+00
  0.158647E+01  0.218782E+01  0.152378E+00
  0.158920E+01  0.213725E+01  0.152380E+00
  0.159193E+01  0.243896E+01  0.152788E+00
  0.159467E+01  0.209625E+01  0.153311E+00
  0.159740E+01  0.213843E+01  0.152355E+00
  0.160013E+01  0.222404E+01  0.150049E+00
  0.160286E+01  0.232918E+01  0.151693E+00
  0.160560E+01  0.239085E+01  0.155123E+00
  0.160833E+01  0.214990E+01  0.151695E+00
  0.161106E+01  0.225715E+01  0.151454E+00
  0.161379E+01  0.221435E+01  0.150499E+00
  0.161653E+01  0.223569E+01  0.152832E+00
  0.161926E+01  0.211109E+01  0.151841E+00
  0.162199E+01  0.211277E+01  0.151185E+00
  0.162472E+01  0.219709E+01  0.151188E+00
  0.162745E+01  0.223117E+01  0.151365E+00
  0.163019E+01  0.210576E+01  0.150065E+00
  0.163292E+01  0.212353E+01  0.153255E+00
  0.163565E+01  0.216595E+01  0.150433E+00
  0.163838E+01  0.194639E+01  0.149947E+00
  0.164112E+01  0.206340E+01  0.151278E+00
  0.164385E+01  0.193414E+01  0.148689E+00
  0.164658E+01  0.207908E+01  0.149084E+00
  0.164931E+01  0.208057E+01  0.150648E+00
  0.165205E+01  0.189496E+01  0.149459E+00
  0.165478E+01  0.208794E+01  0.149863E+00
  0.165751E+01  0.176751E+01  0.150894E+00
  0.166024E+01  0.217400E+01  0.151171E+00
  0.166297E+01  0.211346E+01  0.152365E+00
  0.166571E+01  0.207987E+01  0.150337E+00
  0.166844E+01  0.197626E+01  0.148398E+00
  0.167117E+01  0.200493E+01  0.149301E+00
  0.167390E+01  0.195594E+01  0.149126E+00
  0.167664E+01  0.196045E+01  0.149771E+00
  0.167937E+01  0.185939E+01  0.150674E+00
  0.168210E+01  0.187826E+01  0.149067E+00
  0.168483E+01  0.195456E+01  0.149071E+00
  0.168757E+01  0.187799E+01  0.147574E+00
  0.169030E+01  0.208626E+01  0.149576E+00
  0.169303E+01  0.187082E+01  0.147775E+00
  0.169576E+01  0.188029E+01  0.150570E+00
  0.169849E+01  0.181918E+01  0.151339E+00
  0.170123E+01  0.185985E+01  0.149000E+00
  0.170396E+01  0.182537E+01  0.148755E+00
  0.170669E+01  0.184197E+01  0.149188E+00
  0.170942E+01  0.183680E+01  0.149143E+00
  0.171216E+01  0.188243E+01  0.147426E+00
  0.171489E+01  0.199525E+01  0.149383E+00
  0.171762E+01  0.188253E+01  0.149093E+00
  0.172035E+01  0.193317E+01  0.146787E+00
  0.172309E+01  0.177351E+01  0.148605E+00
  0.172582E+01  0.197427E+01  0.149732E+00
  0.172855E+01  0.174698E+01  0.146899E+00
  0.173128E+01  0.175391E+01  0.148535E+00
  0.173401E+01  0.173550E+01  0.150330E+00
  0.173675E+01  0.159078E+01  0.146825E+00
  0.173948E+01  0.181250E+01  0.147851E+00
  0.174221E+01  0.173671E+01  0.147185E+00
  0.174494E+01  0.177021E+01  0.148942E+00
  0.174768E+01  0.173248E+01  0.147090E+00
  0.175041E+01  0.193238E+01  0.147794E+00
  0.175314E+01  0.168668E+01  0.145869E+00
  0.175587E+01  0.170833E+01  0.144234E+00
  0.175861E+01  0.173832E+01  0.146856E+00
  0.176134E+01  0.198496E+01  0.150098E+00
  0.176407E+01  0.162318E+01  0.146449E+00
  0.176680E+01  0.204970E+01  0.148439E+00
  0.176953E+01  0.193019E+01  0.147793E+00
  0.177227E+01  0.152840E+01  0.149318E+00
  0.177500E+01  0.169619E+01  0.148144E+00
  0.177773E+01  0.178934E+01  0.148209E+00
  0.178046E+01  0.167743E+01  0.147933E+00
  0.178320E+01  0.148031E+01  0.145130E+00
  0.178593E+01  0.166028E+01  0.145080E+00
  0.178866E+01  0.161127E+01  0.147811E+00
  0.179139E+01  0.158175E+01  0.144685E+00
  0.179413E+01  0.147873E+01  0.145807E+00
  0.179686E+01  0.161811E+01  0.147165E+00
  0.179959E+01  0.173163E+01  0.148741E+00
  0.180232E+01  0.147058E+01  0.144511E+00
  0.180505E+01  0.164591E+01  0.148252E+00
  0.180779E+01  0.168314E+01  0.147877E+00
  0.181052E+01  0.167193E+01  0.146796E+00
  0.181325E+01  0.140749E+01  0.146135E+00
  0.181598E+01  0.144885E+01  0.144587E+00
  0.181872E+01  0.166128E+01  0.145869E+00
  0.182145E+01  0.161279E+01  0.145199E+00
  0.182418E+01  0.158680E+01  0.147242E+00
  0.182691E+01  0.160861E+01  0.145800E+00
  0.182965E+01  0.152868E+01  0.147952E+00
  0.183238E+01  0.153269E+01  0.146255E+00
  0.183511E+01  0.167881E+01  0.147790E+00
  0.183784E+01  0.142277E+01  0.145518E+00
  0.184057E+01  0.153972E+01  0.146819E+00
  0.184331E+01  0.162238E+01  0.146376E+00
  0.184604E+01  0.146687E+01  0.147720E+00
  0.184877E+01  0.145687E+01  0.145236E+00
  0.185150E+01  0.144534E+01  0.144614E+00
  0.185424E+01  0.141156E+01  0.144520E+00
  0.185697E+01  0.147622E+01  0.147856E+00
  0.185970E+01  0.140630E+01  0.144564E+00
  0.186243E+01  0.145124E+01  0.144396E+00
  0.186517E+01  0.154013E+01  0.146488E+00
  0.186790E+01  0.149717E+01  0.146222E+00
  0.187063E+01  0.144770E+01  0.146758E+00
  0.187336E+01  0.151139E+01  0.141191E+00
  0.187609E+01  0.137822E+01  0.145209E+00
  0.187883E+01  0.150732E+01  0.144714E+00
  0.188156E+01  0.146472E+01  0.143977E+00
  0.188429E+01  0.134926E+01  0.142895E+00
  0.188702E+01  0.155325E+01  0.143584E+00
  0.188976E+01  0.145291E+01  0.143024E+00
  0.189249E+01  0.146899E+01  0.143220E+00
  0.189522E+01  0.134395E+01  0.143645E+00
  0.189795E+01  0.146053E+01  0.142473E+00
  0.190069E+01  0.136526E+01  0.146300E+00
  0.190342E+01  0.156014E+01  0.142377E+00
  0.190615E+01  0.134129E+01  0.143240E+00
  0.190888E+01  0.135138E+01  0.144540E+00
  0.191161E+01  0.139896E+01  0.143542E+00
  0.191435E+01  0.133560E+01  0.145196E+00
  0.191708E+01  0.133026E+01  0.143579E+00
  0.191981E+01  0.135414E+01  0.143443E+00
  0.192254E+01  0.146013E+01  0.143083E+00
  0.192528E+01  0.135511E+01  0.143652E+00
  0.192801E+01  0.137051E+01  0.140426E+00
  0.193074E+01  0.142974E+01  0.142581E+00
  0.193347E+01  0.132161E+01  0.148194E+00
  0.193621E+01  0.120173E+01  0.143786E+00
  0.193894E+01  0.134003E+01  0.141339E+00
  0.194167E+01  0.138469E+01  0.143326E+00
  0.194440E+01  0.125706E+01  0.142764E+00
  0.194713E+01  0.145893E+01  0.143805E+00
  0.194987E+01  0.131032E+01  0.144151E+00
  0.195260E+01  0.119377E+01  0.141561E+00
  0.195533E+01  0.128175E+01  0.141657E+00
  0.195806E+01  0.117753E+01  0.143837E+00
  0.196080E+01  0.123771E+01  0.140046E+00
  0.196353E+01  0.126083E+01  0.142063E+00
  0.196626E+01  0.115760E+01  0.143217E+00
  0.196899E+01  0.132802E+01  0.140459E+00
  0.197173E+01  0.134543E+01  0.142949E+00
  0.197446E+01  0.125574E+01  0.141395E+00
  0.197719E+01  0.123641E+01  0.143001E+00
  0.197992E+01  0.130902E+01  0.140616E+00
  0.198265E+01  0.116572E+01  0.143701E+00
  0.198539E+01  0.121469E+01  0.143339E+00
  0.198812E+01  0.123759E+01  0.141697E+00
  0.199085E+01  0.122100E+01  0.144382E+00
  0.199358E+01  0.112876E+01  0.143625E+00
  0.199632E+01  0.126235E+01  0.141826E+00
  0.199905E+01  0.131301E+01  0.141423E+00
  0.200178E+01  0.125764E+01  0.141045E+00
  0.200451E+01  0.122639E+01  0.141163E+00
  0.200725E+01  0.110085E+01  0.140399E+00
  0.200998E+01  0.125127E+01  0.141433E+00
  0.201271E+01  0.104652E+01  0.141596E+00
  0.201544E+01  0.118721E+01  0.141965E+00
  0.201817E+01  0.126399E+01  0.141119E+00
  0.202091E+01  0.117402E+01  0.139207E+00
  0.202364E+01  0.121044E+01  0.142849E+00
  0.202637E+01  0.116238E+01  0.143934E+00
  0.202910E+01  0.110072E+01  0.143796E+00
  0.203184E+01  0.137320E+01  0.141469E+00
  0.203457E+01  0.118625E+01  0.143853E+00
  0.203730E+01  0.126380E+01  0.140668E+00
  0.204003E+01  0.126011E+01  0.141298E+00
  0.204277E+01  0.123787E+01  0.140580E+00
  0.204550E+01  0.107751E+01  0.139315E+00
  0.204823E+01  0.110976E+01  0.140881E+00
  0.205096E+01  0.105590E+01  0.143418E+00
  0.205369E+01  0.124074E+01  0.142079E+00
  0.205643E+01  0.106411E+01  0.140080E+00
  0.205916E+01  0.128164E+01  0.140545E+00
  0.206189E+01  0.116132E+01  0.140952E+00
  0.206462E+01  0.117838E+01  0.143765E+00
  0.206736E+01  0.110969E+01  0.141152E+00
  0.207009E+01  0.954211E+00  0.139791E+00
  0.207282E+01  0.986086E+00  0.139075E+00
  0.207555E+01  0.102518E+01  0.140449E+00
  0.207829E+01  0.119622E+01  0.142238E+00
  0.208102E+01  0.111893E+01  0.141493E+00
  0.208375E+01  0.131575E+01  0.143060E+00
  0.208648E+01  0.114536E+01  0.141127E+00
  0.208921E+01  0.122189E+01  0.140444E+00
  0.209195E+01  0.102556E+01  0.140476E+00
  0.209468E+01  0.111207E+01  0.139844E+00
  0.209741E+01  0.112832E+01  0.141579E+00
  0.210014E+01  0.125653E+01  0.140796E+00
  0.210288E+01  0.108899E+01  0.139515E+00
  0.210561E+01  0.110255E+01  0.141302E+00
  0.210834E+01  0.104115E+01  0.138624E+00
  0.211107E+01  0.100008E+01  0.139543E+00
  0.211381E+01  0.113128E+01  0.140439E+00
  0.211654E+01  0.113378E+01  0.140661E+00
  0.211927E+01  0.102551E+01  0.141020E+00
  0.212200E+01  0.122708E+01  0.139332E+00
  0.212473E+01  0.113617E+01  0.140073E+00
  0.212747E+01  0.114678E+01  0.140118E+00
  0.213020E+01  0.101497E+01  0.143141E+00
  0.213293E+01  0.105533E+01  0.139112E+00
  0.213566E+01  0.957295E+00  0.137398E+00
  0.213840E+01  0.110858E+01  0.139126E+00
  0.214113E+01  0.978919E+00  0.138798E+00
  0.214386E+01  0.956818E+00  0.138723E+00
  0.214659E+01  0.104279E+01  0.138920E+00
  0.214933E+01  0.889540E+00  0.139152E+00
  0.215206E+01  0.893094E+00  0.139622E+00
  0.215479E+01  0.109786E+01  0.140449E+00
  0.215752E+01  0.109054E+01  0.139681E+00
  0.216025E+01  0.745037E+00  0.138624E+00
  0.216299E+01  0.882184E+00  0.139566E+00
  0.216572E+01  0.117333E+01  0.140217E+00
  0.216845E+01  0.108677E+01  0.138830E+00
  0.217118E+01  0.120281E+01  0.141827E+00
  0.217392E+01  0.955039E+00  0.138189E+00
  0.217665E+01  0.103005E+01  0.137953E+00
  0.217938E+01  0.101300E+01  0.138449E+00
  0.218211E+01  0.989354E+00  0.139902E+00
  0.218485E+01  0.921357E+00  0.137407E+00
  0.218758E+01  0.762759E+00  0.138064E+00
  0.219031E+01  0.104685E+01  0.137467E+00
  0.219304E+01  0.953420E+00  0.136163E+00
  0.219577E+01  0.851018E+00  0.138119E+00
  0.219851E+01  0.933353E+00  0.136921E+00
  0.220124E+01  0.103587E+01  0.139149E+00
  0.220397E+01  0.951507E+00  0.139517E+00
  0.220670E+01  0.108398E+01  0.137475E+00
  0.220944E+01  0.115911E+01  0.138647E+00
  0.221217E+01  0.969053E+00  0.136627E+00
  0.221490E+01  0.114222E+01  0.138390E+00
  0.221763E+01  0.895812E+00  0.137241E+00
  0.222037E+01  0.920895E+00  0.138915E+00
  0.222310E+01  0.107077E+01  0.137590E+00
  0.222583E+01  0.746164E+00  0.136959E+00
  0.222856E+01  0.888457E+00  0.139014E+00
  0.223129E+01  0.974837E+00  0.139872E+00
  0.223403E+01  0.941037E+00  0.138052E+00
  0.223676E+01  0.944240E+00  0.137783E+00
  0.223949E+01  0.895243E+00  0.135374E+00
  0.224222E+01  0.994991E+00  0.136145E+00
  0.224496E+01  0.872640E+00  0.138690E+00
  0.224769E+01  0.102030E+01  0.136797E+00
  0.225042E+01  0.914636E+00  0.139906E+00
  0.225315E+01  0.875871E+00  0.139714E+00
  0.225589E+01  0.856537E+00  0.138548E+00
  0.225862E+01  0.807506E+00  0.138041E+00
  0.226135E+01  0.987037E+00  0.135123E+00
  0.226408E+01  0.957388E+00  0.139215E+00
  0.226681E+01  0.103035E+01  0.136587E+00
  0.226955E+01  0.922086E+00  0.136215E+00
  0.227228E+01  0.988418E+00  0.136267E+00
  0.227501E+01  0.106532E+01  0.137734E+00
  0.227774E+01  0.890049E+00  0.137488E+00
  0.228048E+01  0.659518E+00  0.138772E+00
  0.228321E+01  0.999450E+00  0.138788E+00
  0.228594E+01  0.113867E+01  0.138846E+00
  0.228867E+01  0.789409E+00  0.136789E+00
  0.229141E+01  0.765694E+00  0.138337E+00
  0.229414E+01  0.859283E+00  0.137114E+00
  0.229687E+01  0.889322E+00  0.137956E+00
  0.229960E+01  0.943866E+00  0.137452E+00
  0.230233E+01  0.107862E+01  0.138503E+00
  0.230507E+01  0.902366E+00  0.138507E+00
  0.230780E+01  0.835728E+00  0.136473E+00
  0.231053E+01  0.833733E+00  0.136587E+00
  0.231326E+01  0.868405E+00  0.134901E+00
  0.231600E+01  0.880852E+00  0.137114E+00
  0.231873E+01  0.783696E+00  0.135842E+00
  0.232146E+01  0.920435E+00  0.133088E+00
  0.232419E+01  0.921298E+00  0.136429E+00
  0.232693E+01  0.854071E+00  0.136845E+00
  0.232966E+01  0.669632E+00  0.135520E+00
  0.233239E+01  0.809968E+00  0.137254E+00
  0.233512E+01  0.728208E+00  0.135363E+00
  0.233785E+01  0.842086E+00  0.137958E+00
  0.234059E+01  0.741866E+00  0.136213E+00
  0.234332E+01  0.873379E+00  0.135784E+00
  0.234605E+01  0.922006E+00  0.135156E+00
  0.234878E+01  0.766124E+00  0.137587E+00
  0.235152E+01  0.808433E+00  0.137529E+00
  0.235425E+01  0.873444E+00  0.134299E+00
  0.235698E+01  0.840594E+00  0.135438E+00
  0.235971E+01  0.991996E+00  0.134587E+00
  0.236245E+01  0.829943E+00  0.133858E+00
  0.236518E+01  0.828441E+00  0.134281E+00
  0.236791E+01  0.877128E+00  0.136766E+00
  0.237064E+01  0.926023E+00  0.137475E+00
  0.237337E+01  0.758128E+00  0.135133E+00
  0.237611E+01  0.799855E+00  0.135123E+00
  0.237884E+01  0.860879E+00  0.134104E+00
  0.238157E+01  0.803405E+00  0.133682E+00
  0.238430E+01  0.932889E+00  0.136303E+00
  0.238704E+01  0.820127E+00  0.135459E+00
  0.238977E+01  0.862032E+00  0.136765E+00
  0.239250E+01  0.102642E+01  0.135577E+00
  0.239523E+01  0.941721E+00  0.137296E+00
  0.239797E+01  0.868280E+00  0.134492E+00
  0.240070E+01  0.659698E+00  0.134146E+00
  0.240343E+01  0.944897E+00  0.135919E+00
  0.240616E+01  0.828634E+00  0.135466E+00
  0.240889E+01  0.796810E+00  0.133240E+00
  0.241163E+01  0.905041E+00  0.135152E+00
  0.241436E+01  0.877256E+00  0.134854E+00
  0.241709E+01  0.797281E+00  0.134860E+00
  0.241982E+01  0.841804E+00  0.133984E+00
  0.242256E+01  0.787903E+00  0.133836E+00
  0.242529E+01  0.738058E+00  0.135466E+00
  0.242802E+01  0.896466E+00  0.132796E+00
  0.243075E+01  0.785899E+00  0.133631E+00
  0.243349E+01  0.834918E+00  0.136111E+00
  0.243622E+01  0.735706E+00  0.135159E+00
  0.243895E+01  0.808702E+00  0.133133E+00
  0.244168E+01  0.925409E+00  0.134979E+00
  0.244441E+01  0.818899E+00  0.133956E+00
  0.244715E+01  0.792238E+00  0.133748E+00
  0.244988E+01  0.766068E+00  0.135554E+00
  0.245261E+01  0.103092E+01  0.135186E+00
  0.245534E+01  0.911586E+00  0.133647E+00
  0.245808E+01  0.754911E+00  0.135649E+00
  0.246081E+01  0.841874E+00  0.136471E+00
  0.246354E+01  0.810423E+00  0.134102E+00
  0.246627E+01  0.761999E+00  0.134338E+00
  0.246901E+01  0.682968E+00  0.134723E+00
  0.247174E+01  0.814476E+00  0.135990E+00
  0.247447E+01  0.863047E+00  0.134449E+00
  0.247720E+01  0.804286E+00  0.131853E+00
  0.247993E+01  0.883252E+00  0.134129E+00
  0.248267E+01  0.846582E+00  0.132408E+00
  0.248540E+01  0.790676E+00  0.133884E+00
  0.248813E+01  0.865744E+00  0.134344E+00
  0.249086E+01  0.654721E+00  0.133162E+00
  0.249360E+01  0.962497E+00  0.135796E+00
  0.249633E+01  0.865840E+00  0.135055E+00
  0.249906E+01  0.789414E+00  0.135461E+00
  0.250179E+01  0.105533E+01  0.134729E+00
  0.250453E+01  0.938270E+00  0.134216E+00
  0.250726E+01  0.705442E+00  0.134763E+00
  0.250999E+01  0.718546E+00  0.133334E+00
  0.251272E+01  0.814995E+00  0.134535E+00
  0.251545E+01  0.806254E+00  0.132794E+00
  0.251819E+01  0.702594E+00  0.131916E+00
  0.252092E+01  0.806757E+00  0.133531E+00
  0.252365E+01  0.744733E+00  0.134559E+00
  0.252638E+01  0.677822E+00  0.131991E+00
  0.252912E+01  0.842676E+00  0.133660E+00
  0.253185E+01  0.769895E+00  0.134163E+00
  0.253458E+01  0.827786E+00  0.132597E+00
  0.253731E+01  0.778453E+00  0.133100E+00
  0.254005E+01  0.874464E+00  0.133474E+00
  0.254278E+01  0.940806E+00  0.135809E+00
  0.254551E+01  0.646808E+00  0.131917E+00
  0.254824E+01  0.873326E+00  0.133799E+00
  0.255097E+01  0.781352E+00  0.133579E+00
  0.255371E+01  0.742807E+00  0.134622E+00
  0.255644E+01  0.100334E+01  0.133540E+00
  0.255917E+01  0.776426E+00  0.131866E+00
  0.256190E+01  0.800137E+00  0.132807E+00
  0.256464E+01  0.875222E+00  0.133492E+00
  0.256737E+01  0.658141E+00  0.132867E+00
  0.257010E+01  0.734911E+00  0.130706E+00
  0.257283E+01  0.807440E+00  0.132557E+00
  0.257557E+01  0.722427E+00  0.132550E+00
  0.257830E+01  0.820909E+00  0.131660E+00
  0.258103E+01  0.829300E+00  0.150726E+00
  0.258376E+01  0.776947E+00  0.157628E+00
  0.258649E+01  0.871387E+00  0.160536E+00
  0.258923E+01  0.588157E+00  0.162396E+00
  0.259196E+01  0.709019E+00  0.170537E+00
  0.259469E+01  0.667973E+00  0.176574E+00
  0.259742E+01  0.105844E+01  0.187275E+00
  0.260016E+01  0.823056E+00  0.192093E+00
  0.260289E+01  0.665565E+00  0.192765E+00
  0.260562E+01  0.682015E+00  0.196471E+00
  0.260835E+01  0.567551E+00  0.200078E+00
  0.261109E+01  0.941335E+00  0.207617E+00
  0.261382E+01  0.736028E+00  0.167786E+00
  0.261655E+01  0.703269E+00  0.161046E+00
  0.261928E+01  0.815535E+00  0.153546E+00
  0.262201E+01  0.944576E+00  0.153204E+00
  0.262475E+01  0.695237E+00  0.149555E+00
  0.262748E+01  0.795538E+00  0.146978E+00
  0.263021E+01  0.889305E+00  0.148064E+00
  0.263294E+01  0.574958E+00  0.146618E+00
  0.263568E+01  0.780889E+00  0.142759E+00
  0.263841E+01  0.652791E+00  0.144434E+00
  0.264114E+01  0.773883E+00  0.145580E+00
  0.264387E+01  0.797309E+00  0.143054E+00
  0.264661E+01  0.522456E+00  0.141422E+00
  0.264934E+01  0.734563E+00  0.144557E+00
  0.265207E+01  0.634733E+00  0.141762E+00
  0.265480E+01  0.847402E+00  0.141673E+00
  0.265753E+01  0.794827E+00  0.140896E+00
  0.266027E+01  0.681150E+00  0.139530E+00
  0.266300E+01  0.841640E+00  0.142521E+00
  0.266573E+01  0.695151E+00  0.145402E+00
  0.266846E+01  0.860079E+00  0.144170E+00
  0.267120E+01  0.851819E+00  0.139785E+00
  0.267393E+01  0.714372E+00  0.142175E+00
  0.267666E+01  0.739291E+00  0.141382E+00
  0.267939E+01  0.847068E+00  0.141830E+00
  0.268213E+01  0.688542E+00  0.139263E+00
  0.268486E+01  0.685155E+00  0.140633E+00
  0.268759E+01  0.643331E+00  0.140374E+00
  0.269032E+01  0.812401E+00  0.140579E+00
  0.269305E+01  0.590292E+00  0.138752E+00
  0.269579E+01  0.744151E+00  0.139471E+00
  0.269852E+01  0.686654E+00  0.141123E+00
  0.270125E+01  0.677517E+00  0.140188E+00
  0.270398E+01  0.746795E+00  0.136652E+00
  0.270672E+01  0.798049E+00  0.136628E+00
  0.270945E+01  0.939676E+00  0.136830E+00
  0.271218E+01  0.570984E+00  0.135372E+00
  0.271491E+01  0.723126E+00  0.133388E+00
  0.271765E+01  0.690051E+00  0.135681E+00
  0.272038E+01  0.713125E+00  0.134698E+00
  0.272311E+01  0.613438E+00  0.135133E+00
  0.272584E+01  0.760629E+00  0.135376E+00
  0.272857E+01  0.621564E+00  0.132190E+00
  0.273131E+01  0.666648E+00  0.132969E+00
  0.273404E+01  0.751924E+00  0.132446E+00
  0.273677E+01  0.734884E+00  0.132330E+00
  0.273950E+01  0.791435E+00  0.133454E+00
  0.274224E+01  0.819505E+00  0.130072E+00
  0.274497E+01  0.682492E+00  0.133250E+00
  0.274770E+01  0.735444E+00  0.133424E+00
  0.275043E+01  0.872657E+00  0.135196E+00
  0.275317E+01  0.670142E+00  0.132702E+00
  0.275590E+01  0.710674E+00  0.133377E+00
  0.275863E+01  0.753558E+00  0.135248E+00
  0.276136E+01  0.631123E+00  0.134739E+00
  0.276409E+01  0.646815E+00  0.131494E+00
  0.276683E+01  0.638347E+00  0.133534E+00
  0.276956E+01  0.664539E+00  0.133691E+00
  0.277229E+01  0.800789E+00  0.131509E+00
  0.277502E+01  0.643775E+00  0.132490E+00
  0.277776E+01  0.830082E+00  0.130319E+00
  0.278049E+01  0.690597E+00  0.132808E+00
  0.278322E+01  0.737126E+00  0.131808E+00
  0.278595E+01  0.691753E+00  0.131937E+00
  0.278869E+01  0.811643E+00  0.131306E+00
  0.279142E+01  0.764045E+00  0.130986E+00
  0.279415E+01  0.599168E+00  0.132135E+00
  0.279688E+01  0.562573E+00  0.131560E+00
  0.279961E+01  0.543160E+00  0.130690E+00
  0.280235E+01  0.751083E+00  0.131813E+00
  0.280508E+01  0.814855E+00  0.130945E+00
  0.280781E+01  0.767094E+00  0.130210E+00
  0.281054E+01  0.633852E+00  0.130432E+00
  0.281328E+01  0.836080E+00  0.130333E+00
  0.281601E+01  0.717339E+00  0.133388E+00
  0.281874E+01  0.638646E+00  0.131589E+00
  0.282147E+01  0.876928E+00  0.132809E+00
  0.282421E+01  0.829613E+00  0.131659E+00
  0.282694E+01  0.842182E+00  0.133303E+00
  0.282967E+01  0.628549E+00  0.131104E+00
  0.283240E+01  0.706784E+00  0.130815E+00
  0.283513E+01  0.688847E+00  0.131930E+00
  0.283787E+01  0.824833E+00  0.130682E+00
  0.284060E+01  0.781550E+00  0.133030E+00
  0.284333E+01  0.865909E+00  0.131753E+00
  0.284606E+01  0.626788E+00  0.129717E+00
  0.284880E+01  0.676377E+00  0.128873E+00
  0.285153E+01  0.504178E+00  0.129378E+00
  0.285426E+01  0.730431E+00  0.131481E+00
  0.285699E+01  0.792565E+00  0.130625E+00
  0.285973E+01  0.745076E+00  0.130413E+00
  0.286246E+01  0.732709E+00  0.130151E+00
  0.286519E+01  0.639628E+00  0.129143E+00
  0.286792E+01  0.617191E+00  0.131430E+00
  0.287065E+01  0.639098E+00  0.128843E+00
  0.287339E+01  0.679346E+00  0.129030E+00
  0.287612E+01  0.520392E+00  0.130642E+00
  0.287885E+01  0.744860E+00  0.131759E+00
  0.288158E+01  0.701318E+00  0.131687E+00
  0.288432E+01  0.639126E+00  0.130242E+00
  0.288705E+01  0.684477E+00  0.128655E+00
  0.288978E+01  0.727106E+00  0.130436E+00
  0.289251E+01  0.830975E+00  0.131984E+00
  0.289525E+01  0.634965E+00  0.131446E+00
  0.289798E+01  0.839278E+00  0.128731E+00
  0.290071E+01  0.732702E+00  0.129471E+00
  0.290344E+01  0.691640E+00  0.131472E+00
  0.290617E+01  0.521051E+00  0.131190E+00
  0.290891E+01  0.676361E+00  0.130048E+00
  0.291164E+01  0.648546E+00  0.131024E+00
  0.291437E+01  0.694481E+00  0.129683E+00
  0.291710E+01  0.476396E+00  0.129380E+00
  0.291984E+01  0.757857E+00  0.131284E+00
  0.292257E+01  0.606999E+00  0.129938E+00
  0.292530E+01  0.706856E+00  0.127263E+00
  0.292803E+01  0.596554E+00  0.128587E+00
  0.293077E+01  0.667203E+00  0.131217E+00
  0.293350E+01  0.667386E+00  0.131337E+00
  0.293623E+01  0.713159E+00  0.129218E+00
  0.293896E+01  0.604112E+00  0.129537E+00
  0.294169E+01  0.695568E+00  0.130246E+00
  0.294443E+01  0.711727E+00  0.130027E+00
  0.294716E+01  0.747050E+00  0.130365E+00
  0.294989E+01  0.715079E+00  0.130212E+00
  0.295262E+01  0.699242E+00  0.128871E+00
  0.295536E+01  0.587978E+00  0.128451E+00
  0.295809E+01  0.742884E+00  0.130558E+00
  0.296082E+01  0.610948E+00  0.129475E+00
  0.296355E+01  0.759850E+00  0.130275E+00
  0.296629E+01  0.787157E+00  0.129901E+00
  0.296902E+01  0.671645E+00  0.130380E+00
  0.297175E+01  0.600561E+00  0.129327E+00
  0.297448E+01  0.565210E+00  0.128707E+00
  0.297721E+01  0.485455E+00  0.128543E+00
  0.297995E+01  0.562628E+00  0.127732E+00
  0.298268E+01  0.437229E+00  0.129548E+00
  0.298541E+01  0.684039E+00  0.129303E+00
  0.298814E+01  0.667664E+00  0.130651E+00
  0.299088E+01  0.614899E+00  0.128199E+00
  0.299361E+01  0.642161E+00  0.127724E+00
  0.299634E+01  0.639789E+00  0.128619E+00
  0.299907E+01  0.962359E+00  0.128338E+00
  0.300181E+01  0.577111E+00  0.129010E+00
  0.300454E+01  0.781135E+00  0.129259E+00
  0.300727E+01  0.631257E+00  0.130641E+00
  0.301000E+01  0.589139E+00  0.129968E+00
  0.301273E+01  0.561851E+00  0.129618E+00
  0.301547E+01  0.711259E+00  0.130229E+00
  0.301820E+01  0.795203E+00  0.128257E+00
  0.302093E+01  0.526020E+00  0.129894E+00
  0.302366E+01  0.530741E+00  0.129798E+00
  0.302640E+01  0.613761E+00  0.128036E+00
  0.302913E+01  0.643590E+00  0.128416E+00
  0.303186E+01  0.599047E+00  0.130449E+00
  0.303459E+01  0.650407E+00  0.129348E+00
  0.303733E+01  0.562315E+00  0.129270E+00
  0.304006E+01  0.758788E+00  0.128181E+00
  0.304279E+01  0.639081E+00  0.129462E+00
  0.304552E+01  0.558045E+00  0.127354E+00
  0.304825E+01  0.559031E+00  0.127671E+00
  0.305099E+01  0.675863E+00  0.127164E+00
  0.305372E+01  0.612424E+00  0.128999E+00
  0.305645E+01  0.782176E+00  0.128535E+00
  0.305918E+01  0.557692E+00  0.127975E+00
  0.306192E+01  0.536073E+00  0.127364E+00
  0.306465E+01  0.700093E+00  0.128515E+00
  0.306738E+01  0.655513E+00  0.127843E+00
  0.307011E+01  0.694396E+00  0.126890E+00
  0.307285E+01  0.680602E+00  0.128642E+00
  0.307558E+01  0.802528E+00  0.128759E+00
  0.307831E+01  0.563133E+00  0.126011E+00
  0.308104E+01  0.693480E+00  0.131377E+00
  0.308377E+01  0.581973E+00  0.129180E+00
  0.308651E+01  0.666522E+00  0.129211E+00
  0.308924E+01  0.655852E+00  0.128707E+00
  0.309197E+01  0.558330E+00  0.128452E+00
  0.309470E+01  0.639853E+00  0.127803E+00
  0.309744E+01  0.402457E+00  0.127847E+00
  0.310017E+01  0.646250E+00  0.128677E+00
  0.310290E+01  0.670507E+00  0.128008E+00
  0.310563E+01  0.713087E+00  0.128312E+00
  0.310837E+01  0.604258E+00  0.126585E+00
  0.311110E+01  0.548480E+00  0.126662E+00
  0.311383E+01  0.638611E+00  0.126020E+00
  0.311656E+01  0.822183E+00  0.129704E+00
  0.311929E+01  0.796792E+00  0.129929E+00
  0.312203E+01  0.678393E+00  0.127222E+00
  0.312476E+01  0.706812E+00  0.127435E+00
  0.312749E+01  0.649309E+00  0.126021E+00
  0.313022E+01  0.671659E+00  0.128758E+00
  0.313296E+01  0.596419E+00  0.129269E+00
  0.313569E+01  0.665081E+00  0.128349E+00
  0.313842E+01  0.440169E+00  0.128049E+00
  0.314115E+01  0.688086E+00  0.126887E+00
  0.314389E+01  0.587315E+00  0.124712E+00
  0.314662E+01  0.695584E+00  0.128110E+00
  0.314935E+01  0.618871E+00  0.126537E+00
  0.315208E+01  0.662506E+00  0.127437E+00
  0.315481E+01  0.532715E+00  0.126604E+00
  0.315755E+01  0.746948E+00  0.128424E+00
  0.316028E+01  0.650244E+00  0.128106E+00
  0.316301E+01  0.733096E+00  0.130833E+00
  0.316574E+01  0.678435E+00  0.128046E+00
  0.316848E+01  0.718004E+00  0.126546E+00
  0.317121E+01  0.571532E+00  0.126792E+00
  0.317394E+01  0.618618E+00  0.126709E+00
  0.317667E+01  0.683046E+00  0.126614E+00
  0.317941E+01  0.532348E+00  0.128009E+00
  0.318214E+01  0.623079E+00  0.127649E+00
  0.318487E+01  0.648617E+00  0.126631E+00
  0.318760E+01  0.711963E+00  0.126348E+00
  0.319033E+01  0.539864E+00  0.126367E+00
  0.319307E+01  0.684605E+00  0.126595E+00
  0.319580E+01  0.564144E+00  0.125472E+00
  0.319853E+01  0.738821E+00  0.127680E+00
  0.320126E+01  0.680553E+00  0.127456E+00
  0.320400E+01  0.572920E+00  0.127010E+00
  0.320673E+01  0.658318E+00  0.128193E+00
  0.320946E+01  0.533454E+00  0.127156E+00
  0.321219E+01  0.546084E+00  0.125996E+00
  0.321493E+01  0.485456E+00  0.125286E+00
  0.321766E+01  0.561270E+00  0.126961E+00
  0.322039E+01  0.527340E+00  0.125957E+00
  0.322312E+01  0.610380E+00  0.126343E+00
  0.322585E+01  0.724734E+00  0.125604E+00
  0.322859E+01  0.723589E+00  0.126377E+00
  0.323132E+01  0.598814E+00  0.126119E+00
  0.323405E+01  0.528394E+00  0.125138E+00
  0.323678E+01  0.498967E+00  0.124874E+00
  0.323952E+01  0.500958E+00  0.127077E+00
  0.324225E+01  0.730836E+00  0.126899E+00
  0.324498E+01  0.644077E+00  0.124966E+00
  0.324771E+01  0.555783E+00  0.127230E+00
  0.325045E+01  0.709682E+00  0.128573E+00
  0.325318E+01  0.648479E+00  0.129411E+00
  0.325591E+01  0.549042E+00  0.126133E+00
  0.325864E+01  0.399419E+00  0.126763E+00
  0.326137E+01  0.652948E+00  0.125734E+00
  0.326411E+01  0.541992E+00  0.123744E+00
  0.326684E+01  0.566540E+00  0.124380E+00
  0.326957E+01  0.609446E+00  0.126430E+00
  0.327230E+01  0.476398E+00  0.124518E+00
  0.327504E+01  0.661473E+00  0.127115E+00
  0.327777E+01  0.572246E+00  0.126162E+00
  0.328050E+01  0.709807E+00  0.129061E+00
  0.328323E+01  0.447357E+00  0.125899E+00
  0.328597E+01  0.454078E+00  0.123837E+00
  0.328870E+01  0.535627E+00  0.126470E+00
  0.329143E+01  0.797365E+00  0.125681E+00
  0.329416E+01  0.587404E+00  0.126382E+00
  0.329689E+01  0.453911E+00  0.125253E+00
  0.329963E+01  0.413834E+00  0.122716E+00
  0.330236E+01  0.545907E+00  0.123528E+00
  0.330509E+01  0.650446E+00  0.126293E+00
  0.330782E+01  0.616955E+00  0.125474E+00
  0.331056E+01  0.512059E+00  0.124417E+00
  0.331329E+01  0.559963E+00  0.125823E+00
  0.331602E+01  0.476453E+00  0.125485E+00
  0.331875E+01  0.630611E+00  0.124955E+00
  0.332149E+01  0.614559E+00  0.126049E+00
  0.332422E+01  0.569325E+00  0.123851E+00
  0.332695E+01  0.533795E+00  0.125964E+00
  0.332968E+01  0.603499E+00  0.124642E+00
  0.333241E+01  0.496235E+00  0.125465E+00
  0.333515E+01  0.486261E+00  0.124785E+00
  0.333788E+01  0.525401E+00  0.126091E+00
  0.334061E+01  0.493130E+00  0.123270E+00
  0.334334E+01  0.584135E+00  0.125527E+00
  0.334608E+01  0.636543E+00  0.126713E+00
  0.334881E+01  0.427622E+00  0.124169E+00
  0.335154E+01  0.565509E+00  0.122499E+00
  0.335427E+01  0.773872E+00  0.126484E+00
  0.335701E+01  0.487302E+00  0.124010E+00
  0.335974E+01  0.565804E+00  0.125280E+00
  0.336247E+01  0.658140E+00  0.126236E+00
  0.336520E+01  0.490435E+00  0.124500E+00
  0.336793E+01  0.586585E+00  0.124815E+00
  0.337067E+01  0.629354E+00  0.125939E+00
  0.337340E+01  0.603356E+00  0.125865E+00
  0.337613E+01  0.705922E+00  0.125621E+00
  0.337886E+01  0.687418E+00  0.126414E+00
  0.338160E+01  0.616076E+00  0.125460E+00
  0.338433E+01  0.461829E+00  0.122347E+00
  0.338706E+01  0.627674E+00  0.126753E+00
  0.338979E+01  0.553277E+00  0.123979E+00
  0.339253E+01  0.513640E+00  0.125996E+00
  0.339526E+01  0.601603E+00  0.125591E+00
  0.339799E+01  0.728418E+00  0.127361E+00
  0.340072E+01  0.376279E+00  0.122926E+00
  0.340345E+01  0.483385E+00  0.122878E+00
  0.340619E+01  0.461702E+00  0.125333E+00
  0.340892E+01  0.517021E+00  0.123309E+00
  0.341165E+01  0.610914E+00  0.126639E+00
  0.341438E+01  0.698915E+00  0.125022E+00
  0.341712E+01  0.567748E+00  0.124306E+00
  0.341985E+01  0.486582E+00  0.124181E+00
  0.342258E+01  0.533055E+00  0.123306E+00
  0.342531E+01  0.468040E+00  0.122782E+00
  0.342805E+01  0.446955E+00  0.124769E+00
  0.343078E+01  0.483451E+00  0.125545E+00
  0.343351E+01  0.443844E+00  0.122036E+00
  0.343624E+01  0.621366E+00  0.124168E+00
  0.343897E+01  0.674990E+00  0.124156E+00
  0.344171E+01  0.676173E+00  0.125139E+00
  0.344444E+01  0.677140E+00  0.123728E+00
  0.344717E+01  0.598092E+00  0.125281E+00
  0.344990E+01  0.605887E+00  0.123341E+00
  0.345264E+01  0.476133E+00  0.127683E+00
  0.345537E+01  0.407724E+00  0.123655E+00
  0.345810E+01  0.565670E+00  0.123503E+00
  0.346083E+01  0.638300E+00  0.123984E+00
  0.346357E+01  0.565916E+00  0.123117E+00
  0.346630E+01  0.545060E+00  0.125656E+00
  0.346903E+01  0.585071E+00  0.124266E+00
  0.347176E+01  0.355289E+00  0.125675E+00
  0.347449E+01  0.584766E+00  0.123490E+00
  0.347723E+01  0.535431E+00  0.122801E+00
  0.347996E+01  0.506640E+00  0.123400E+00
  0.348269E+01  0.625810E+00  0.124990E+00
  0.348542E+01  0.560629E+00  0.122284E+00
  0.348816E+01  0.384587E+00  0.123110E+00
  0.349089E+01  0.448613E+00  0.122528E+00
  0.349362E+01  0.374416E+00  0.124823E+00
  0.349635E+01  0.731721E+00  0.122740E+00
  0.349909E+01  0.576183E+00  0.123846E+00
  0.350182E+01  0.588149E+00  0.122303E+00
  0.350455E+01  0.639406E+00  0.123854E+00
  0.350728E+01  0.551029E+00  0.122534E+00
  0.351001E+01  0.467485E+00  0.124635E+00
  0.351275E+01  0.556660E+00  0.127029E+00
  0.351548E+01  0.316222E+00  0.123288E+00
  0.351821E+01  0.454922E+00  0.125259E+00
  0.352094E+01  0.688213E+00  0.123816E+00
  0.352368E+01  0.655834E+00  0.122066E+00
  0.352641E+01  0.730840E+00  0.124818E+00
  0.352914E+01  0.639931E+00  0.126402E+00
  0.353187E+01  0.433889E+00  0.122445E+00
  0.353461E+01  0.442886E+00  0.123126E+00
  0.353734E+01  0.596774E+00  0.122796E+00
  0.354007E+01  0.523651E+00  0.123644E+00
  0.354280E+01  0.555604E+00  0.123050E+00
  0.354553E+01  0.515126E+00  0.122431E+00
  0.354827E+01  0.678286E+00  0.124152E+00
  0.355100E+01  0.622810E+00  0.123552E+00
  0.355373E+01  0.516670E+00  0.124924E+00
  0.355646E+01  0.531726E+00  0.124561E+00
  0.355920E+01  0.437054E+00  0.121478E+00
  0.356193E+01  0.546016E+00  0.124061E+00
  0.356466E+01  0.520856E+00  0.121725E+00
  0.356739E+01  0.601066E+00  0.122765E+00
  0.357013E+01  0.506188E+00  0.122581E+00
  0.357286E+01  0.511132E+00  0.123524E+00
  0.357559E+01  0.495242E+00  0.124328E+00
  0.357832E+01  0.534932E+00  0.121411E+00
  0.358105E+01  0.598818E+00  0.125048E+00
  0.358379E+01  0.552712E+00  0.122466E+00
  0.358652E+01  0.491659E+00  0.123888E+00
  0.358925E+01  0.474165E+00  0.122979E+00
  0.359198E+01  0.592083E+00  0.123685E+00
  0.359472E+01  0.532954E+00  0.120293E+00
  0.359745E+01  0.570571E+00  0.124241E+00
  0.360018E+01  0.620585E+00  0.122178E+00
  0.360291E+01  0.570425E+00  0.122558E+00
  0.360565E+01  0.485881E+00  0.123723E+00
  0.360838E+01  0.413191E+00  0.124405E+00
  0.361111E+01  0.511157E+00  0.120649E+00
  0.361384E+01  0.373545E+00  0.122303E+00
  0.361657E+01  0.297913E+00  0.123452E+00
  0.361931E+01  0.580434E+00  0.122788E+00
  0.362204E+01  0.523689E+00  0.123725E+00
  0.362477E+01  0.449521E+00  0.122731E+00
  0.362750E+01  0.500225E+00  0.125347E+00
  0.363024E+01  0.445777E+00  0.122022E+00
  0.363297E+01  0.452971E+00  0.121648E+00
  0.363570E+01  0.433933E+00  0.123551E+00
  0.363843E+01  0.504222E+00  0.122005E+00
  0.364117E+01  0.485571E+00  0.122651E+00
  0.364390E+01  0.487092E+00  0.121146E+00
  0.364663E+01  0.600860E+00  0.123268E+00
  0.364936E+01  0.576930E+00  0.124345E+00
  0.365209E+01  0.442670E+00  0.120543E+00
  0.365483E+01  0.617300E+00  0.123623E+00
  0.365756E+01  0.472838E+00  0.122972E+00
  0.366029E+01  0.442743E+00  0.124742E+00
  0.366302E+01  0.421788E+00  0.120736E+00
  0.366576E+01  0.608686E+00  0.122900E+00
  0.366849E+01  0.359039E+00  0.122583E+00
  0.367122E+01  0.466025E+00  0.121596E+00
  0.367395E+01  0.457134E+00  0.122967E+00
  0.367669E+01  0.447840E+00  0.125114E+00
  0.367942E+01  0.556103E+00  0.122606E+00
  0.368215E+01  0.471115E+00  0.123727E+00
  0.368488E+01  0.528881E+00  0.120803E+00
  0.368761E+01  0.482733E+00  0.122877E+00
  0.369035E+01  0.414018E+00  0.122530E+00
  0.369308E+01  0.560360E+00  0.121548E+00
  0.369581E+01  0.379709E+00  0.121079E+00
  0.369854E+01  0.373695E+00  0.121510E+00
  0.370128E+01  0.519174E+00  0.123096E+00
  0.370401E+01  0.626163E+00  0.124958E+00
  0.370674E+01  0.317418E+00  0.122375E+00
  0.370947E+01  0.363041E+00  0.122899E+00
  0.371221E+01  0.421370E+00  0.122062E+00
  0.371494E+01  0.433156E+00  0.123737E+00
  0.371767E+01  0.555805E+00  0.120490E+00
  0.372040E+01  0.475009E+00  0.122389E+00
  0.372313E+01  0.447614E+00  0.120920E+00
  0.372587E+01  0.497899E+00  0.122271E+00
  0.372860E+01  0.508984E+00  0.123280E+00
  0.373133E+01  0.499894E+00  0.120743E+00
  0.373406E+01  0.505581E+00  0.120826E+00
  0.373680E+01  0.459704E+00  0.122364E+00
  0.373953E+01  0.461626E+00  0.118338E+00
  0.374226E+01  0.427740E+00  0.120969E+00
  0.374499E+01  0.510699E+00  0.122279E+00
  0.374773E+01  0.483164E+00  0.122380E+00
  0.375046E+01  0.497072E+00  0.123034E+00
  0.375319E+01  0.469819E+00  0.121380E+00
  0.375592E+01  0.379446E+00  0.122211E+00
  0.375865E+01  0.593803E+00  0.120854E+00
  0.376139E+01  0.480383E+00  0.122785E+00
  0.376412E+01  0.517278E+00  0.123090E+00
  0.376685E+01  0.595294E+00  0.123333E+00
  0.376958E+01  0.505840E+00  0.119870E+00
  0.377232E+01  0.500387E+00  0.120475E+00
  0.377505E+01  0.536846E+00  0.122389E+00
  0.377778E+01  0.387284E+00  0.120211E+00
  0.378051E+01  0.519960E+00  0.121965E+00
  0.378325E+01  0.460492E+00  0.120622E+00
  0.378598E+01  0.321708E+00  0.122717E+00
  0.378871E+01  0.667359E+00  0.121814E+00
  0.379144E+01  0.467743E+00  0.120372E+00
  0.379417E+01  0.525142E+00  0.120618E+00
  0.379691E+01  0.388655E+00  0.120413E+00
  0.379964E+01  0.552815E+00  0.121752E+00
  0.380237E+01  0.444919E+00  0.118261E+00
  0.380510E+01  0.499068E+00  0.120204E+00
  0.380784E+01  0.440289E+00  0.120032E+00
  0.381057E+01  0.453682E+00  0.122857E+00
  0.381330E+01  0.507580E+00  0.122663E+00
  0.381603E+01  0.513433E+00  0.122763E+00
  0.381877E+01  0.426346E+00  0.121884E+00
  0.382150E+01  0.379579E+00  0.122557E+00
  0.382423E+01  0.472659E+00  0.123240E+00
  0.382696E+01  0.552180E+00  0.122305E+00
  0.382969E+01  0.440037E+00  0.121429E+00
  0.383243E+01  0.388044E+00  0.121872E+00
  0.383516E+01  0.367071E+00  0.121008E+00
  0.383789E+01  0.438902E+00  0.121243E+00
  0.384062E+01  0.420513E+00  0.123175E+00
  0.384336E+01  0.424115E+00  0.121512E+00
  0.384609E+01  0.430212E+00  0.121726E+00
  0.384882E+01  0.419233E+00  0.122363E+00
  0.385155E+01  0.392484E+00  0.119200E+00
  0.385429E+01  0.357189E+00  0.121616E+00
  0.385702E+01  0.428009E+00  0.120297E+00
  0.385975E+01  0.321708E+00  0.122460E+00
  0.386248E+01  0.529387E+00  0.120666E+00
  0.386521E+01  0.379467E+00  0.122850E+00
  0.386795E+01  0.412680E+00  0.120732E+00
  0.387068E+01  0.356854E+00  0.123384E+00
  0.387341E+01  0.383934E+00  0.119428E+00
  0.387614E+01  0.475961E+00  0.123944E+00
  0.387888E+01  0.461348E+00  0.121440E+00
  0.388161E+01  0.456343E+00  0.119842E+00
  0.388434E+01  0.468807E+00  0.123722E+00
  0.388707E+01  0.344815E+00  0.121537E+00
  0.388981E+01  0.549580E+00  0.119390E+00
  0.389254E+01  0.550101E+00  0.121479E+00
  0.389527E+01  0.480613E+00  0.123138E+00
  0.389800E+01  0.395534E+00  0.122328E+00
  0.390073E+01  0.612381E+00  0.121646E+00
  0.390347E+01  0.330060E+00  0.121885E+00
  0.390620E+01  0.554079E+00  0.122026E+00
  0.390893E+01  0.397237E+00  0.120599E+00
  0.391166E+01  0.418504E+00  0.120970E+00
  0.391440E+01  0.510734E+00  0.122715E+00
  0.391713E+01  0.482871E+00  0.121016E+00
  0.391986E+01  0.471813E+00  0.123151E+00
  0.392259E+01  0.461126E+00  0.122583E+00
  0.392533E+01  0.557239E+00  0.122875E+00
  0.392806E+01  0.295433E+00  0.119192E+00
  0.393079E+01  0.443472E+00  0.121580E+00
  0.393352E+01  0.411033E+00  0.136542E+00
  0.393625E+01  0.539361E+00  0.151597E+00
  0.393899E+01  0.422561E+00  0.155612E+00
  0.394172E+01  0.408731E+00  0.166354E+00
  0.394445E+01  0.372400E+00  0.171541E+00
  0.394718E+01  0.554206E+00  0.174687E+00
  0.394992E+01  0.553467E+00  0.186024E+00
  0.395265E+01  0.481418E+00  0.187984E+00
  0.395538E+01  0.288908E+00  0.197604E+00
  0.395811E+01  0.350516E+00  0.201646E+00
  0.396085E+01  0.322621E+00  0.157821E+00
  0.396358E+01  0.464167E+00  0.147898E+00
  0.396631E+01  0.432822E+00  0.141563E+00
  0.396904E+01  0.394437E+00  0.140323E+00
  0.397177E+01  0.436898E+00  0.136289E+00
  0.397451E+01  0.252553E+00  0.136984E+00
  0.397724E+01  0.335361E+00  0.133631E+00
  0.397997E+01  0.512263E+00  0.137533E+00
  0.398270E+01  0.427391E+00  0.134702E+00
  0.398544E+01  0.360738E+00  0.135755E+00
  0.398817E+01  0.345900E+00  0.131941E+00
  0.399090E+01  0.279365E+00  0.131883E+00
  0.399363E+01  0.388929E+00  0.128766E+00
  0.399637E+01  0.539191E+00  0.132633E+00
  0.399910E+01  0.353992E+00  0.129707E+00
  0.400183E+01  0.355577E+00  0.131204E+00
  0.400456E+01  0.487473E+00  0.129789E+00
  0.400730E+01  0.292022E+00  0.129646E+00
  0.401003E+01  0.368370E+00  0.129887E+00
  0.401276E+01  0.474194E+00  0.126284E+00
  0.401549E+01  0.324666E+00  0.126380E+00
  0.401822E+01  0.417096E+00  0.125639E+00
  0.402096E+01  0.480997E+00  0.124799E+00
  0.402369E+01  0.584321E+00  0.125362E+00
  0.402642E+01  0.421810E+00  0.124088E+00
  0.402915E+01  0.520278E+00  0.123711E+00
  0.403189E+01  0.377983E+00  0.125039E+00
  0.403462E+01  0.457781E+00  0.119456E+00
  0.403735E+01  0.392998E+00  0.121117E+00
  0.404008E+01  0.600780E+00  0.122356E+00
  0.404282E+01  0.466065E+00  0.122740E+00
  0.404555E+01  0.262655E+00  0.121105E+00
  0.404828E+01  0.407148E+00  0.121217E+00
  0.405101E+01  0.410611E+00  0.122768E+00
  0.405374E+01  0.445772E+00  0.120210E+00
  0.405648E+01  0.311549E+00  0.119829E+00
  0.405921E+01  0.405119E+00  0.117544E+00
  0.406194E+01  0.517302E+00  0.121900E+00
  0.406467E+01  0.408114E+00  0.120619E+00
  0.406741E+01  0.516483E+00  0.122031E+00
  0.407014E+01  0.503922E+00  0.121380E+00
  0.407287E+01  0.385285E+00  0.120495E+00
  0.407560E+01  0.353134E+00  0.120207E+00
  0.407834E+01  0.468871E+00  0.121739E+00
  0.408107E+01  0.424905E+00  0.121813E+00
  0.408380E+01  0.369157E+00  0.122081E+00
  0.408653E+01  0.363473E+00  0.121125E+00
  0.408926E+01  0.387528E+00  0.120871E+00
  0.409200E+01  0.459758E+00  0.120871E+00
  0.409473E+01  0.314076E+00  0.119655E+00
  0.409746E+01  0.397300E+00  0.121626E+00
  0.410019E+01  0.331718E+00  0.120352E+00
  0.410293E+01  0.558402E+00  0.121858E+00
  0.410566E+01  0.449362E+00  0.119113E+00
  0.410839E+01  0.496591E+00  0.121953E+00
  0.411112E+01  0.372836E+00  0.118887E+00
  0.411386E+01  0.239799E+00  0.117599E+00
  0.411659E+01  0.376449E+00  0.119925E+00
  0.411932E+01  0.370516E+00  0.119693E+00
  0.412205E+01  0.415853E+00  0.118027E+00
  0.412478E+01  0.457313E+00  0.118883E+00
  0.412752E+01  0.502346E+00  0.119962E+00
  0.413025E+01  0.270752E+00  0.119289E+00
  0.413298E+01  0.201555E+00  0.119703E+00
  0.413571E+01  0.219733E+00  0.118418E+00
  0.413845E+01  0.384413E+00  0.118302E+00
  0.414118E+01  0.351187E+00  0.120134E+00
  0.414391E+01  0.423206E+00  0.119666E+00
  0.414664E+01  0.404751E+00  0.122429E+00
  0.414938E+01  0.459187E+00  0.119614E+00
  0.415211E+01  0.328064E+00  0.120943E+00
  0.415484E+01  0.536746E+00  0.121267E+00
  0.415757E+01  0.560460E+00  0.120276E+00
  0.416030E+01  0.349422E+00  0.119794E+00
  0.416304E+01  0.490327E+00  0.121861E+00
  0.416577E+01  0.484076E+00  0.120010E+00
  0.416850E+01  0.310833E+00  0.117422E+00
  0.417123E+01  0.387467E+00  0.120437E+00
  0.417397E+01  0.519515E+00  0.120414E+00
  0.417670E+01  0.375776E+00  0.120069E+00
  0.417943E+01  0.251933E+00  0.119420E+00
  0.418216E+01  0.336527E+00  0.118695E+00
  0.418490E+01  0.466826E+00  0.117417E+00
  0.418763E+01  0.493561E+00  0.118415E+00
  0.419036E+01  0.345490E+00  0.117776E+00
  0.419309E+01  0.513231E+00  0.119477E+00
  0.419582E+01  0.359452E+00  0.120525E+00
  0.419856E+01  0.167569E+00  0.119400E+00
  0.420129E+01  0.491663E+00  0.121239E+00
  0.420402E+01  0.386385E+00  0.118687E+00
  0.420675E+01  0.305554E+00  0.117749E+00
  0.420949E+01  0.332676E+00  0.118145E+00
  0.421222E+01  0.342411E+00  0.117680E+00
  0.421495E+01  0.344838E+00  0.118099E+00
  0.421768E+01  0.440518E+00  0.118015E+00
  0.422042E+01  0.415310E+00  0.119773E+00
  0.422315E+01  0.310172E+00  0.118790E+00
  0.422588E+01  0.297276E+00  0.118449E+00
  0.422861E+01  0.286603E+00  0.119624E+00
  0.423134E+01  0.254733E+00  0.120969E+00
  0.423408E+01  0.424422E+00  0.119039E+00
  0.423681E+01  0.385050E+00  0.117037E+00
  0.423954E+01  0.404808E+00  0.117498E+00
  0.424227E+01  0.449323E+00  0.118328E+00
  0.424501E+01  0.289935E+00  0.119778E+00
  0.424774E+01  0.356754E+00  0.115591E+00
  0.425047E+01  0.415637E+00  0.117300E+00
  0.425320E+01  0.414115E+00  0.119240E+00
  0.425594E+01  0.398244E+00  0.114665E+00
  0.425867E+01  0.271028E+00  0.118238E+00
  0.426140E+01  0.393437E+00  0.117464E+00
  0.426413E+01  0.391553E+00  0.117680E+00
  0.426686E+01  0.487710E+00  0.118629E+00
  0.426960E+01  0.276899E+00  0.118886E+00
  0.427233E+01  0.415612E+00  0.117015E+00
  0.427506E+01  0.516916E+00  0.116098E+00
  0.427779E+01  0.444824E+00  0.118830E+00
  0.428053E+01  0.450100E+00  0.117442E+00
  0.428326E+01  0.434329E+00  0.119306E+00
  0.428599E+01  0.377165E+00  0.119004E+00
  0.428872E+01  0.298906E+00  0.117750E+00
  0.429146E+01  0.383535E+00  0.117861E+00
  0.429419E+01  0.410514E+00  0.116133E+00
  0.429692E+01  0.358685E+00  0.117745E+00
  0.429965E+01  0.280096E+00  0.120140E+00
  0.430238E+01  0.487257E+00  0.118980E+00
  0.430512E+01  0.470361E+00  0.119221E+00
  0.430785E+01  0.207946E+00  0.115398E+00
  0.431058E+01  0.441257E+00  0.117500E+00
  0.431331E+01  0.306467E+00  0.117969E+00
  0.431605E+01  0.405521E+00  0.119050E+00
  0.431878E+01  0.325750E+00  0.119196E+00
  0.432151E+01  0.364664E+00  0.117755E+00
  0.432424E+01  0.326506E+00  0.117300E+00
  0.432698E+01  0.289395E+00  0.117193E+00
  0.432971E+01  0.233450E+00  0.114489E+00
  0.433244E+01  0.299876E+00  0.117080E+00
  0.433517E+01  0.222627E+00  0.115880E+00
  0.433790E+01  0.383091E+00  0.118873E+00
  0.434064E+01  0.541710E+00  0.120297E+00
  0.434337E+01  0.330931E+00  0.118013E+00
  0.434610E+01  0.317172E+00  0.119183E+00
  0.434883E+01  0.382348E+00  0.117221E+00
  0.435157E+01  0.440563E+00  0.117203E+00
  0.435430E+01  0.436395E+00  0.118818E+00
  0.435703E+01  0.403314E+00  0.115814E+00
  0.435976E+01  0.238914E+00  0.117171E+00
  0.436250E+01  0.308300E+00  0.117422E+00
  0.436523E+01  0.224616E+00  0.114437E+00
  0.436796E+01  0.388250E+00  0.119992E+00
  0.437069E+01  0.379310E+00  0.116982E+00
  0.437342E+01  0.390514E+00  0.117594E+00
  0.437616E+01  0.242075E+00  0.117136E+00
  0.437889E+01  0.454451E+00  0.117594E+00
  0.438162E+01  0.319685E+00  0.115188E+00
  0.438435E+01  0.382217E+00  0.117230E+00
  0.438709E+01  0.306454E+00  0.117504E+00
  0.438982E+01  0.314364E+00  0.117911E+00
  0.439255E+01  0.296176E+00  0.114067E+00
  0.439528E+01  0.225344E+00  0.115189E+00
  0.439802E+01  0.332553E+00  0.116179E+00
  0.440075E+01  0.459463E+00  0.116465E+00
  0.440348E+01  0.363303E+00  0.115351E+00
  0.440621E+01  0.325942E+00  0.116982E+00
  0.440894E+01  0.383931E+00  0.117186E+00
  0.441168E+01  0.254467E+00  0.117159E+00
  0.441441E+01  0.313486E+00  0.115598E+00
  0.441714E+01  0.340038E+00  0.117978E+00
  0.441987E+01  0.411020E+00  0.117316E+00
  0.442261E+01  0.313082E+00  0.113808E+00
  0.442534E+01  0.222100E+00  0.116645E+00
  0.442807E+01  0.266373E+00  0.114531E+00
  0.443080E+01  0.333694E+00  0.115892E+00
  0.443354E+01  0.408928E+00  0.115672E+00
  0.443627E+01  0.365977E+00  0.116178E+00
  0.443900E+01  0.272383E+00  0.117231E+00
  0.444173E+01  0.417558E+00  0.117202E+00
  0.444446E+01  0.329321E+00  0.117023E+00
  0.444720E+01  0.219983E+00  0.117059E+00
  0.444993E+01  0.174119E+00  0.115575E+00
  0.445266E+01  0.440978E+00  0.116857E+00
  0.445539E+01  0.431601E+00  0.114772E+00
  0.445813E+01  0.344509E+00  0.115400E+00
  0.446086E+01  0.344900E+00  0.115612E+00
  0.446359E+01  0.357314E+00  0.114201E+00
  0.446632E+01  0.188067E+00  0.116418E+00
  0.446906E+01  0.276333E+00  0.116301E+00
  0.447179E+01  0.296969E+00  0.116919E+00
  0.447452E+01  0.427357E+00  0.118579E+00
  0.447725E+01  0.299536E+00  0.114000E+00
  0.447998E+01  0.509849E+00  0.116392E+00
  0.448272E+01  0.273746E+00  0.116081E+00
  0.448545E+01  0.400258E+00  0.113053E+00
  0.448818E+01  0.317048E+00  0.115972E+00
  0.449091E+01  0.324475E+00  0.115591E+00
  0.449365E+01  0.241690E+00  0.115627E+00
  0.449638E+01  0.203868E+00  0.115626E+00
  0.449911E+01  0.449809E+00  0.116778E+00
  0.450184E+01  0.195895E+00  0.116975E+00
  0.450458E+01  0.267258E+00  0.116569E+00
  0.450731E+01  0.386603E+00  0.114568E+00
  0.451004E+01  0.299524E+00  0.116811E+00
  0.451277E+01  0.421151E+00  0.115947E+00
  0.451550E+01  0.290964E+00  0.117331E+00
  0.451824E+01  0.329034E+00  0.114563E+00
  0.452097E+01  0.385304E+00  0.116948E+00
  0.452370E+01  0.181749E+00  0.114731E+00
  0.452643E+01  0.471375E+00  0.116337E+00
  0.452917E+01  0.346744E+00  0.116225E+00
  0.453190E+01  0.140727E+00  0.114308E+00
  0.453463E+01  0.467923E+00  0.116655E+00
  0.453736E+01  0.299863E+00  0.114985E+00
  0.454010E+01  0.286454E+00  0.113486E+00
  0.454283E+01  0.463920E+00  0.118519E+00
  0.454556E+01  0.356853E+00  0.117907E+00
  0.454829E+01  0.324586E+00  0.113991E+00
  0.455102E+01  0.296281E+00  0.114451E+00
  0.455376E+01  0.267902E+00  0.115055E+00
  0.455649E+01  0.167966E+00  0.114632E+00
  0.455922E+01  0.295907E+00  0.116746E+00
  0.456195E+01  0.424156E+00  0.114941E+00
  0.456469E+01  0.351142E+00  0.115713E+00
  0.456742E+01  0.312789E+00  0.115946E+00
  0.457015E+01  0.416334E+00  0.115111E+00
  0.457288E+01  0.375569E+00  0.115032E+00
  0.457562E+01  0.344828E+00  0.114975E+00
  0.457835E+01  0.227571E+00  0.114197E+00
  0.458108E+01  0.406974E+00  0.116053E+00
  0.458381E+01  0.301924E+00  0.117116E+00
  0.458654E+01  0.368402E+00  0.116149E+00
  0.458928E+01  0.340085E+00  0.114884E+00
  0.459201E+01  0.387900E+00  0.116205E+00
  0.459474E+01  0.404278E+00  0.115325E+00
  0.459747E+01  0.340107E+00  0.115633E+00
  0.460021E+01  0.228024E+00  0.115085E+00
  0.460294E+01  0.358337E+00  0.114172E+00
  0.460567E+01  0.247099E+00  0.115352E+00
  0.460840E+01  0.380309E+00  0.115046E+00
  0.461114E+01  0.317638E+00  0.114209E+00
  0.461387E+01  0.442202E+00  0.114142E+00
  0.461660E+01  0.296669E+00  0.115063E+00
  0.461933E+01  0.258310E+00  0.113811E+00
  0.462206E+01  0.322104E+00  0.113265E+00
  0.462480E+01  0.238436E+00  0.115314E+00
  0.462753E+01  0.317372E+00  0.114575E+00
  0.463026E+01  0.249449E+00  0.111814E+00
  0.463299E+01  0.130535E+00  0.114118E+00
  0.463573E+01  0.271901E+00  0.115948E+00
  0.463846E+01  0.318854E+00  0.114129E+00
  0.464119E+01  0.343160E+00  0.116828E+00
  0.464392E+01  0.367367E+00  0.113500E+00
  0.464666E+01  0.422534E+00  0.114086E+00
  0.464939E+01  0.333418E+00  0.114573E+00
  0.465212E+01  0.491722E+00  0.114373E+00
  0.465485E+01  0.225093E+00  0.113915E+00
  0.465758E+01  0.201641E+00  0.113055E+00
  0.466032E+01  0.279004E+00  0.114381E+00
  0.466305E+01  0.310447E+00  0.114946E+00
  0.466578E+01  0.331972E+00  0.112035E+00
  0.466851E+01  0.439804E+00  0.112239E+00
  0.467125E+01  0.329923E+00  0.115479E+00
  0.467398E+01  0.255821E+00  0.113814E+00
  0.467671E+01  0.483056E+00  0.114550E+00
  0.467944E+01  0.355561E+00  0.113509E+00
  0.468218E+01  0.240287E+00  0.112977E+00
  0.468491E+01  0.444285E+00  0.114121E+00
  0.468764E+01  0.323278E+00  0.116887E+00
  0.469037E+01  0.244524E+00  0.113271E+00
  0.469310E+01  0.235270E+00  0.112196E+00
  0.469584E+01  0.247637E+00  0.114156E+00
  0.469857E+01  0.381253E+00  0.115453E+00
  0.470130E+01  0.323257E+00  0.116448E+00
  0.470403E+01  0.347917E+00  0.115554E+00
  0.470677E+01  0.197992E+00  0.113987E+00
  0.470950E+01  0.328897E+00  0.115621E+00
  0.471223E+01  0.415713E+00  0.114959E+00
  0.471496E+01  0.336676E+00  0.116054E+00
  0.471770E+01  0.358083E+00  0.113538E+00
  0.472043E+01  0.292987E+00  0.114467E+00
  0.472316E+01  0.361483E+00  0.114584E+00
  0.472589E+01  0.312266E+00  0.114559E+00
  0.472862E+01  0.335481E+00  0.115580E+00
  0.473136E+01  0.381309E+00  0.114358E+00
  0.473409E+01  0.336309E+00  0.114819E+00
  0.473682E+01  0.196571E+00  0.116409E+00
  0.473955E+01  0.212282E+00  0.115147E+00
  0.474229E+01  0.246497E+00  0.113623E+00
  0.474502E+01  0.320599E+00  0.113232E+00
  0.474775E+01  0.254556E+00  0.113970E+00
  0.475048E+01  0.384267E+00  0.114950E+00
  0.475322E+01  0.232192E+00  0.113189E+00
  0.475595E+01  0.345325E+00  0.114052E+00
  0.475868E+01  0.233711E+00  0.114554E+00
  0.476141E+01  0.185333E+00  0.113781E+00
  0.476414E+01  0.372166E+00  0.114339E+00
  0.476688E+01  0.151815E+00  0.114642E+00
  0.476961E+01  0.354169E+00  0.112924E+00
  0.477234E+01  0.324833E+00  0.113307E+00
  0.477507E+01  0.336950E+00  0.115933E+00
  0.477781E+01  0.233075E+00  0.113198E+00
  0.478054E+01  0.247336E+00  0.114932E+00
  0.478327E+01  0.134353E+00  0.112992E+00
  0.478600E+01  0.261232E+00  0.113445E+00
  0.478874E+01  0.259552E+00  0.113294E+00
  0.479147E+01  0.112721E+00  0.114141E+00
  0.479420E+01  0.206295E+00  0.111744E+00
  0.479693E+01  0.308479E+00  0.113237E+00
  0.479966E+01  0.237621E+00  0.114163E+00
  0.480240E+01  0.278534E+00  0.113066E+00
  0.480513E+01  0.340273E+00  0.112717E+00
  0.480786E+01  0.235365E+00  0.114427E+00
  0.481059E+01  0.229389E+00  0.113735E+00
  0.481333E+01  0.284721E+00  0.113812E+00
  0.481606E+01  0.396232E+00  0.113500E+00
  0.481879E+01  0.231542E+00  0.111395E+00
  0.482152E+01  0.277334E+00  0.113125E+00
  0.482426E+01  0.146171E+00  0.114470E+00
  0.482699E+01  0.432161E+00  0.114419E+00
  0.482972E+01  0.343043E+00  0.112272E+00
  0.483245E+01  0.390035E+00  0.113530E+00
  0.483518E+01  0.275433E+00  0.114280E+00
  0.483792E+01  0.169843E+00  0.113865E+00
  0.484065E+01  0.232671E+00  0.113984E+00
  0.484338E+01  0.186367E+00  0.113952E+00
  0.484611E+01  0.396260E+00  0.115868E+00
  0.484885E+01  0.291083E+00  0.113092E+00
  0.485158E+01  0.240115E+00  0.113779E+00
  0.485431E+01  0.406307E+00  0.113728E+00
  0.485704E+01  0.188648E+00  0.112760E+00
  0.485978E+01  0.400293E+00  0.111528E+00
  0.486251E+01  0.264892E+00  0.111373E+00
  0.486524E+01  0.422779E+00  0.113359E+00
  0.486797E+01  0.327572E+00  0.114030E+00
  0.487070E+01  0.338272E+00  0.112624E+00
  0.487344E+01  0.328692E+00  0.112800E+00
  0.487617E+01  0.367791E+00  0.113391E+00
  0.487890E+01  0.473592E+00  0.112364E+00
  0.488163E+01  0.348411E+00  0.113196E+00
  0.488437E+01  0.284183E+00  0.113202E+00
  0.488710E+01  0.316266E+00  0.114296E+00
  0.488983E+01  0.339551E+00  0.114635E+00
  0.489256E+01  0.297970E+00  0.112894E+00
  0.489530E+01  0.318014E+00  0.112676E+00
  0.489803E+01  0.209743E+00  0.116121E+00
  0.490076E+01  0.358029E+00  0.111473E+00
  0.490349E+01  0.203971E+00  0.114200E+00
  0.490622E+01  0.364889E+00  0.115402E+00
  0.490896E+01  0.311341E+00  0.114637E+00
  0.491169E+01  0.208832E+00  0.112584E+00
  0.491442E+01  0.180737E+00  0.111544E+00
  0.491715E+01  0.466153E+00  0.114960E+00
  0.491989E+01  0.372479E+00  0.112565E+00
  0.492262E+01  0.302238E+00  0.112753E+00
  0.492535E+01  0.179909E+00  0.111999E+00
  0.492808E+01  0.484761E+00  0.113834E+00
  0.493082E+01  0.229177E+00  0.110662E+00
  0.493355E+01  0.283585E+00  0.111586E+00
  0.493628E+01  0.210895E+00  0.112907E+00
  0.493901E+01  0.304375E+00  0.114218E+00
  0.494174E+01  0.122410E+00  0.113469E+00
  0.494448E+01  0.323411E+00  0.111499E+00
  0.494721E+01  0.311152E+00  0.111284E+00
  0.494994E+01  0.235931E+00  0.114052E+00
  0.495267E+01  0.199835E+00  0.113184E+00
  0.495541E+01  0.237572E+00  0.113045E+00
  0.495814E+01  0.204154E+00  0.113607E+00
  0.496087E+01  0.386598E+00  0.114973E+00
  0.496360E+01  0.316824E+00  0.112992E+00
  0.496634E+01 -0.139112E+01  0.116017E+00
  0.496907E+01  0.296504E+00  0.112933E+00
  0.497180E+01  0.150531E+00  0.111159E+00
  0.497453E+01  0.253817E+00  0.113192E+00
  0.497726E+01  0.321048E+00  0.114067E+00
  0.498000E+01  0.327226E+00  0.111153E+00
  0.498273E+01  0.234088E+00  0.113134E+00
  0.498546E+01  0.352806E+00  0.114178E+00
  0.498819E+01  0.331977E+00  0.111976E+00
  0.499093E+01  0.191234E+00  0.112373E+00
  0.499366E+01  0.563647E+00  0.111752E+00
  0.499639E+01  0.342946E+00  0.112887E+00
  0.499912E+01  0.315545E+00  0.113017E+00
  0.500186E+01  0.206234E+00  0.111737E+00
  0.500459E+01  0.239575E+00  0.113501E+00
  0.500732E+01  0.309503E+00  0.111927E+00
  0.501005E+01  0.326022E+00  0.110932E+00
  0.501278E+01  0.368573E+00  0.110078E+00
  0.501552E+01  0.250986E+00  0.112985E+00
  0.501825E+01  0.244474E+00  0.111795E+00
  0.502098E+01  0.356057E+00  0.113284E+00
  0.502371E+01  0.216874E+00  0.112828E+00
  0.502645E+01  0.455816E+00  0.114054E+00
  0.502918E+01  0.304169E+00  0.112417E+00
  0.503191E+01  0.403155E+00  0.113434E+00
  0.503464E+01  0.256728E+00  0.111750E+00
  0.503738E+01  0.213408E+00  0.111187E+00
  0.504011E+01  0.352579E+00  0.114234E+00
  0.504284E+01  0.210850E+00  0.113286E+00
  0.504557E+01  0.305591E+00  0.111652E+00
  0.504830E+01  0.142288E+00  0.113366E+00
  0.505104E+01  0.488153E-01  0.112497E+00
  0.505377E+01  0.293512E+00  0.110433E+00
  0.505650E+01  0.190813E+00  0.112151E+00
  0.505923E+01  0.156787E+00  0.112605E+00
  0.506197E+01  0.184159E+00  0.113195E+00
  0.506470E+01  0.277408E+00  0.111465E+00
  0.506743E+01  0.282339E+00  0.110950E+00
  0.507016E+01  0.190866E+00  0.110710E+00
  0.507290E+01  0.189055E+00  0.111428E+00
  0.507563E+01  0.369588E+00  0.112584E+00
  0.507836E+01  0.369134E+00  0.113714E+00
  0.508109E+01  0.237497E+00  0.111993E+00
  0.508382E+01  0.203528E+00  0.113307E+00
  0.508656E+01  0.146468E+00  0.113258E+00
  0.508929E+01  0.370170E+00  0.112694E+00
  0.509202E+01  0.296072E+00  0.113726E+00
  0.509475E+01  0.240376E+00  0.111565E+00
  0.509749E+01  0.121373E+00  0.111991E+00
  0.510022E+01  0.179147E+00  0.111612E+00
  0.510295E+01  0.239098E+00  0.113776E+00
  0.510568E+01  0.319191E+00  0.111509E+00
  0.510842E+01  0.239496E+00  0.112661E+00
  0.511115E+01  0.315005E+00  0.113432E+00
  0.511388E+01  0.224828E+00  0.115427E+00
  0.511661E+01  0.288056E+00  0.111240E+00
  0.511934E+01  0.246834E+00  0.111510E+00
  0.512208E+01  0.255903E+00  0.114045E+00
  0.512481E+01  0.309009E+00  0.109338E+00
  0.512754E+01  0.133564E+00  0.111654E+00
  0.513027E+01  0.114541E+00  0.113850E+00
  0.513301E+01  0.221008E+00  0.111902E+00
  0.513574E+01  0.350347E+00  0.112432E+00
  0.513847E+01  0.216535E+00  0.111379E+00
  0.514120E+01  0.252009E+00  0.112802E+00
  0.514394E+01  0.155235E+00  0.114068E+00
  0.514667E+01  0.138681E+00  0.112502E+00
  0.514940E+01  0.348915E+00  0.114510E+00
  0.515213E+01  0.296003E+00  0.113861E+00
  0.515486E+01  0.225759E+00  0.112313E+00
  0.515760E+01  0.161822E+00  0.113007E+00
  0.516033E+01  0.161779E+00  0.114260E+00
  0.516306E+01  0.289082E+00  0.113299E+00
  0.516579E+01  0.383639E+00  0.112781E+00
  0.516853E+01  0.166320E+00  0.110882E+00
  0.517126E+01  0.198680E+00  0.110942E+00
  0.517399E+01  0.353629E+00  0.112201E+00
  0.517672E+01  0.348721E+00  0.113818E+00
  0.517946E+01  0.288779E+00  0.113013E+00
  0.518219E+01  0.207469E+00  0.112222E+00
  0.518492E+01  0.248131E+00  0.113274E+00
  0.518765E+01  0.235194E+00  0.111527E+00
  0.519038E+01  0.152523E+00  0.111148E+00
  0.519312E+01  0.120479E+00  0.111105E+00
  0.519585E+01  0.202156E+00  0.112943E+00
  0.519858E+01  0.285720E+00  0.111532E+00
  0.520131E+01  0.413098E+00  0.112049E+00
  0.520405E+01  0.317829E+00  0.112285E+00
  0.520678E+01  0.335485E+00  0.113483E+00
  0.520951E+01  0.204417E+00  0.112666E+00
  0.521224E+01  0.290113E+00  0.113173E+00
  0.521498E+01  0.204045E+00  0.112287E+00
  0.521771E+01  0.206422E+00  0.112938E+00
  0.522044E+01  0.224538E+00  0.113879E+00
  0.522317E+01  0.390622E+00  0.111930E+00
  0.522590E+01  0.336777E+00  0.113339E+00
  0.522864E+01  0.219266E+00  0.113239E+00
  0.523137E+01  0.167033E+00  0.112174E+00
  0.523410E+01  0.246815E+00  0.111625E+00
  0.523683E+01  0.223904E+00  0.109965E+00
  0.523957E+01  0.253365E+00  0.113472E+00
  0.524230E+01  0.159563E+00  0.112328E+00
  0.524503E+01  0.234218E+00  0.110593E+00
  0.524776E+01  0.179956E+00  0.111168E+00
  0.525050E+01  0.341086E+00  0.112132E+00
  0.525323E+01  0.255607E+00  0.114409E+00
  0.525596E+01  0.142353E+00  0.113442E+00
  0.525869E+01  0.183398E+00  0.111556E+00
  0.526142E+01  0.395193E+00  0.112734E+00
  0.526416E+01  0.165709E+00  0.112697E+00
  0.526689E+01  0.182415E+00  0.115326E+00
  0.526962E+01  0.389795E+00  0.109898E+00
  0.527235E+01  0.140739E+00  0.112603E+00
  0.527509E+01  0.199301E+00  0.112165E+00
  0.527782E+01  0.216111E+00  0.112208E+00
  0.528055E+01  0.170258E+00  0.112711E+00
  0.528328E+01  0.425787E+00  0.134196E+00
  0.528602E+01 -0.775256E-01  0.144685E+00
  0.528875E+01  0.318715E+00  0.157638E+00
  0.529148E+01  0.363539E+00  0.160711E+00
  0.529421E+01  0.339652E+00  0.170705E+00
  0.529694E+01  0.189188E+00  0.179492E+00
  0.529968E+01  0.241058E+00  0.188424E+00
  0.530241E+01 -0.218906E-01  0.199127E+00
  0.530514E+01  0.359821E-01  0.211914E+00
  0.530787E+01  0.262890E+00  0.143317E+00
  0.531061E+01  0.130501E+00  0.133320E+00
  0.531334E+01  0.315692E+00  0.130988E+00
  0.531607E+01  0.177392E+00  0.129331E+00
  0.531880E+01  0.265573E+00  0.123209E+00
  0.532154E+01  0.267493E+00  0.123320E+00
  0.532427E+01  0.313956E+00  0.125306E+00
  0.532700E+01  0.111408E+00  0.123769E+00
  0.532973E+01  0.353439E+00  0.123152E+00
  0.533246E+01  0.295670E+00  0.124598E+00
  0.533520E+01  0.356005E+00  0.123961E+00
  0.533793E+01  0.258591E+00  0.124020E+00
  0.534066E+01  0.175693E+00  0.120348E+00
  0.534339E+01  0.161837E+00  0.118768E+00
  0.534613E+01  0.273834E+00  0.118066E+00
  0.534886E+01  0.368041E+00  0.118577E+00
  0.535159E+01  0.119058E+00  0.113461E+00
  0.535432E+01  0.397815E+00  0.118498E+00
  0.535706E+01  0.326984E+00  0.113907E+00
  0.535979E+01  0.319404E+00  0.115441E+00
  0.536252E+01  0.212486E+00  0.113031E+00
  0.536525E+01  0.815981E-01  0.108670E+00
  0.536798E+01  0.165459E+00  0.110265E+00
  0.537072E+01  0.101475E+00  0.112403E+00
  0.537345E+01  0.252593E+00  0.111896E+00
  0.537618E+01  0.204500E+00  0.110978E+00
  0.537891E+01  0.519486E-01  0.112252E+00
  0.538165E+01  0.226582E+00  0.111421E+00
  0.538438E+01  0.993088E-01  0.110133E+00
  0.538711E+01  0.208188E+00  0.110139E+00
  0.538984E+01  0.230398E+00  0.110324E+00
  0.539258E+01  0.252825E+00  0.111953E+00
  0.539531E+01  0.172510E+00  0.109128E+00
  0.539804E+01  0.274976E+00  0.110856E+00
  0.540077E+01  0.167071E+00  0.111326E+00
  0.540350E+01  0.247414E+00  0.109951E+00
  0.540624E+01  0.249056E+00  0.110843E+00
  0.540897E+01  0.316586E+00  0.110982E+00
  0.541170E+01  0.288374E+00  0.109282E+00
  0.541443E+01  0.291219E+00  0.111100E+00
  0.541717E+01  0.160907E+00  0.110634E+00
  0.541990E+01  0.248462E+00  0.111611E+00
  0.542263E+01  0.217570E+00  0.110589E+00
  0.542536E+01  0.179181E+00  0.111538E+00
  0.542810E+01  0.433176E+00  0.109858E+00
  0.543083E+01  0.297722E+00  0.112053E+00
  0.543356E+01  0.223157E+00  0.108841E+00
  0.543629E+01  0.171734E+00  0.109612E+00
  0.543902E+01  0.132617E+00  0.111319E+00
  0.544176E+01  0.231915E+00  0.110245E+00
  0.544449E+01  0.202005E+00  0.110663E+00
  0.544722E+01  0.141189E+00  0.108571E+00
  0.544995E+01  0.130950E+00  0.111100E+00
  0.545269E+01  0.206395E+00  0.108319E+00
  0.545542E+01  0.256196E+00  0.110909E+00
  0.545815E+01  0.186752E+00  0.111292E+00
  0.546088E+01  0.313690E+00  0.107294E+00
  0.546362E+01  0.312395E+00  0.111539E+00
  0.546635E+01  0.930075E-01  0.109187E+00
  0.546908E+01  0.316270E+00  0.111295E+00
  0.547181E+01  0.179497E+00  0.107256E+00
  0.547454E+01  0.185850E+00  0.109657E+00
  0.547728E+01  0.205219E+00  0.110277E+00
  0.548001E+01  0.237671E+00  0.110816E+00
  0.548274E+01  0.272432E+00  0.109263E+00
  0.548547E+01  0.278929E+00  0.109335E+00
  0.548821E+01  0.314839E+00  0.109059E+00
  0.549094E+01  0.960998E-01  0.108252E+00
  0.549367E+01  0.339109E+00  0.110562E+00
  0.549640E+01  0.206324E+00  0.108351E+00
  0.549914E+01  0.116970E+00  0.109093E+00
  0.550187E+01  0.231113E+00  0.109313E+00
  0.550460E+01  0.139011E+00  0.109283E+00
  0.550733E+01  0.323089E+00  0.109633E+00
  0.551006E+01  0.226928E+00  0.108766E+00
  0.551280E+01  0.269451E+00  0.108412E+00
  0.551553E+01  0.137796E+00  0.109493E+00
  0.551826E+01  0.233950E+00  0.109701E+00
  0.552099E+01  0.241432E+00  0.109673E+00
  0.552373E+01  0.216018E+00  0.132880E+00
  0.552646E+01  0.162963E+00  0.143992E+00
  0.552919E+01  0.120799E+00  0.152712E+00
  0.553192E+01  0.299411E+00  0.127519E+00
  0.553466E+01  0.156679E+00  0.118287E+00
  0.553739E+01  0.290694E+00  0.117253E+00
  0.554012E+01  0.146043E+00  0.112490E+00
  0.554285E+01  0.263459E+00  0.113100E+00
  0.554558E+01  0.288934E+00  0.111680E+00
  0.554832E+01  0.339828E+00  0.114450E+00
  0.555105E+01  0.197081E+00  0.116006E+00
  0.555378E+01  0.757432E-01  0.113685E+00
  0.555651E+01  0.211963E+00  0.111384E+00
  0.555925E+01  0.702777E-01  0.112060E+00
  0.556198E+01  0.574986E-01  0.110917E+00
  0.556471E+01  0.150076E+00  0.112789E+00
  0.556744E+01  0.272709E+00  0.111630E+00
  0.557018E+01  0.170561E+00  0.112149E+00
  0.557291E+01  0.171671E+00  0.111246E+00
  0.557564E+01  0.233611E+00  0.112313E+00
  0.557837E+01  0.125122E+00  0.110433E+00
  0.558110E+01  0.406884E+00  0.111206E+00
  0.558384E+01  0.117441E+00  0.109628E+00
  0.558657E+01  0.190331E+00  0.108538E+00
  0.558930E+01  0.160399E+00  0.107676E+00
  0.559203E+01  0.178851E+00  0.109242E+00
  0.559477E+01  0.352328E+00  0.110904E+00
  0.559750E+01  0.355538E+00  0.108630E+00
  0.560023E+01  0.228560E+00  0.109165E+00
  0.560296E+01  0.298327E+00  0.109844E+00
  0.560570E+01  0.286585E+00  0.110111E+00
  0.560843E+01  0.123543E+00  0.108948E+00
  0.561116E+01  0.191448E+00  0.109309E+00
  0.561389E+01  0.237436E+00  0.109057E+00
  0.561662E+01  0.172897E+00  0.108328E+00
  0.561936E+01  0.162735E+00  0.110090E+00
  0.562209E+01  0.379831E+00  0.108145E+00
  0.562482E+01  0.154118E+00  0.110730E+00
  0.562755E+01  0.173043E+00  0.108886E+00
  0.563029E+01  0.200820E+00  0.108179E+00
  0.563302E+01  0.130814E+00  0.108675E+00
  0.563575E+01  0.419471E-01  0.108924E+00
  0.563848E+01  0.246828E+00  0.108963E+00
  0.564122E+01  0.197231E+00  0.106796E+00
  0.564395E+01  0.159070E+00  0.109759E+00
  0.564668E+01  0.208806E+00  0.111047E+00
  0.564941E+01  0.220076E+00  0.108626E+00
  0.565214E+01  0.182256E+00  0.110627E+00
  0.565488E+01  0.181304E+00  0.111028E+00
  0.565761E+01  0.373731E+00  0.108697E+00
  0.566034E+01  0.157267E+00  0.107902E+00
  0.566307E+01  0.206909E+00  0.106681E+00
  0.566581E+01  0.175483E+00  0.108787E+00
  0.566854E+01  0.161212E+00  0.108918E+00
  0.567127E+01  0.281793E+00  0.108008E+00
  0.567400E+01  0.208516E+00  0.107490E+00
  0.567674E+01  0.236873E+00  0.110392E+00
  0.567947E+01  0.282870E+00  0.108100E+00
  0.568220E+01  0.208116E+00  0.107329E+00
  0.568493E+01  0.302812E+00  0.109154E+00
  0.568766E+01  0.164271E+00  0.109199E+00
  0.569040E+01  0.278633E+00  0.105433E+00
  0.569313E+01  0.263103E+00  0.108355E+00
  0.569586E+01  0.310860E-01  0.109663E+00
  0.569859E+01  0.223035E+00  0.107438E+00
  0.570133E+01  0.103060E+00  0.109175E+00
  0.570406E+01  0.354556E+00  0.109084E+00
  0.570679E+01  0.166060E+00  0.109612E+00
  0.570952E+01  0.226681E+00  0.106726E+00
  0.571226E+01  0.253042E+00  0.108997E+00
  0.571499E+01  0.285140E+00  0.109482E+00
  0.571772E+01  0.209863E+00  0.107713E+00
  0.572045E+01  0.159296E+00  0.107657E+00
  0.572318E+01  0.210545E+00  0.109327E+00
  0.572592E+01  0.740220E-01  0.106807E+00
  0.572865E+01  0.174408E+00  0.109440E+00
  0.573138E+01  0.152723E+00  0.110025E+00
  0.573411E+01  0.731732E-01  0.109367E+00
  0.573685E+01  0.215362E+00  0.107943E+00
  0.573958E+01  0.275081E+00  0.108545E+00
  0.574231E+01  0.225420E+00  0.109669E+00
  0.574504E+01  0.260477E+00  0.107915E+00
  0.574778E+01  0.102351E+00  0.107585E+00
  0.575051E+01  0.227459E+00  0.107333E+00
  0.575324E+01  0.170193E+00  0.108074E+00
  0.575597E+01  0.223401E+00  0.107370E+00
  0.575870E+01  0.156436E+00  0.107543E+00
  0.576144E+01  0.198678E+00  0.107295E+00
  0.576417E+01  0.269950E+00  0.109296E+00
  0.576690E+01  0.154018E+00  0.110240E+00
  0.576963E+01  0.230286E+00  0.108475E+00
  0.577237E+01  0.229354E+00  0.108593E+00
  0.577510E+01  0.963060E-01  0.107097E+00
  0.577783E+01  0.305156E+00  0.108308E+00
  0.578056E+01  0.226813E+00  0.111301E+00
  0.578330E+01  0.112903E+00  0.108070E+00
  0.578603E+01  0.202509E+00  0.108742E+00
  0.578876E+01  0.159094E+00  0.107415E+00
  0.579149E+01  0.222760E+00  0.110150E+00
  0.579422E+01  0.235174E+00  0.109542E+00
  0.579696E+01  0.109582E+00  0.108461E+00
  0.579969E+01  0.530327E-01  0.108501E+00
  0.580242E+01  0.197540E+00  0.107303E+00
  0.580515E+01  0.161609E+00  0.106186E+00
  0.580789E+01  0.254487E+00  0.106732E+00
  0.581062E+01  0.234494E+00  0.106042E+00
  0.581335E+01  0.193653E+00  0.108223E+00
  0.581608E+01  0.229057E+00  0.108066E+00
  0.581882E+01  0.101005E+00  0.109093E+00
  0.582155E+01  0.251403E+00  0.107429E+00
  0.582428E+01  0.111458E+00  0.108631E+00
  0.582701E+01  0.156224E+00  0.107864E+00
  0.582974E+01  0.136593E+00  0.109032E+00
  0.583248E+01  0.125758E+00  0.108973E+00
  0.583521E+01  0.127579E+00  0.108792E+00
  0.583794E+01  0.183215E+00  0.109454E+00
  0.584067E+01  0.928652E-01  0.108969E+00
  0.584341E+01  0.138154E+00  0.108523E+00
  0.584614E+01  0.172115E+00  0.110375E+00
  0.584887E+01  0.174776E+00  0.106479E+00
  0.585160E+01  0.153118E+00  0.108728E+00
  0.585434E+01  0.588484E-01  0.108717E+00
  0.585707E+01  0.198461E+00  0.109746E+00
  0.585980E+01  0.176182E+00  0.109530E+00
  0.586253E+01  0.134689E+00  0.108007E+00
  0.586526E+01  0.199884E+00  0.108390E+00
  0.586800E+01  0.201630E+00  0.107265E+00
  0.587073E+01  0.243492E+00  0.106830E+00
  0.587346E+01  0.230459E+00  0.106313E+00
  0.587619E+01  0.180964E+00  0.106783E+00
  0.587893E+01  0.781944E-01  0.107959E+00
  0.588166E+01  0.162297E+00  0.108571E+00
  0.588439E+01  0.167018E+00  0.107864E+00
  0.588712E+01  0.211537E+00  0.109160E+00
  0.588986E+01  0.280430E+00  0.108480E+00
  0.589259E+01  0.221431E+00  0.107795E+00
  0.589532E+01  0.272301E+00  0.110183E+00
  0.589805E+01  0.705715E-01  0.111740E+00
  0.590078E+01  0.204281E+00  0.109140E+00
  0.590352E+01  0.149116E+00  0.108785E+00
  0.590625E+01  0.186078E+00  0.107211E+00
  0.590898E+01  0.239437E+00  0.108649E+00
  0.591171E+01  0.765768E-01  0.108500E+00
  0.591445E+01  0.185139E+00  0.108733E+00
  0.591718E+01  0.136678E+00  0.106688E+00
  0.591991E+01  0.203381E+00  0.105950E+00
  0.592264E+01  0.212691E+00  0.107864E+00
  0.592538E+01  0.171390E+00  0.108130E+00
  0.592811E+01  0.201560E+00  0.109142E+00
  0.593084E+01  0.147951E+00  0.109806E+00
  0.593357E+01  0.103406E+00  0.109185E+00
  0.593630E+01  0.246181E+00  0.108679E+00
  0.593904E+01  0.228287E+00  0.108189E+00
  0.594177E+01  0.115406E+00  0.108348E+00
  0.594450E+01  0.179981E+00  0.105552E+00
  0.594723E+01  0.241370E+00  0.109151E+00
  0.594997E+01  0.842539E-01  0.110915E+00
  0.595270E+01  0.150063E+00  0.107484E+00
  0.595543E+01  0.184918E+00  0.106528E+00
  0.595816E+01  0.247638E+00  0.109581E+00
  0.596090E+01  0.185613E+00  0.108642E+00
  0.596363E+01  0.120764E+00  0.107688E+00
  0.596636E+01  0.476889E+00  0.131526E+00
  0.596909E+01  0.715455E-01  0.141332E+00
  0.597182E+01  0.121063E+00  0.149736E+00
  0.597456E+01  0.246459E+00  0.160678E+00
  0.597729E+01  0.750301E-01  0.170826E+00
  0.598002E+01  0.264445E+00  0.183043E+00
  0.598275E+01 -0.357621E-01  0.188305E+00
  0.598549E+01  0.299945E+00  0.206202E+00
  0.598822E+01  0.200757E+00  0.215531E+00
  0.599095E+01  0.493461E+00  0.219421E+00
  0.599368E+01  0.311572E+00  0.239076E+00
  0.599642E+01 -0.142066E+00  0.265613E+00
  0.599915E+01  0.158033E+00  0.289323E+00
  0.600188E+01  0.429334E+00  0.291261E+00
  0.600461E+01 -0.626428E-01  0.377538E+00
  0.600734E+01  0.165822E+00  0.402419E+00
  0.601008E+01 -0.343138E+00  0.534455E+00
  0.601281E+01  0.126731E+00  0.655311E+00
  0.601554E+01 -0.137543E+01  0.197040E+01
