0.146543 0.541457E+02 0.375268E+01 
0.149275 0.541642E+02 0.335951E+01 
0.152008 0.510973E+02 0.315298E+01 
0.15474 0.525564E+02 0.297172E+01 
0.157472 0.529202E+02 0.282751E+01 
0.160205 0.526795E+02 0.266993E+01 
0.162937 0.518548E+02 0.252300E+01 
0.165669 0.520929E+02 0.241954E+01 
0.168402 0.525985E+02 0.229819E+01 
0.171134 0.528167E+02 0.219826E+01 
0.173866 0.511356E+02 0.208697E+01 
0.176599 0.499829E+02 0.198447E+01 
0.179331 0.503374E+02 0.191438E+01 
0.182063 0.500090E+02 0.183999E+01 
0.184795 0.509483E+02 0.176904E+01 
0.187528 0.490235E+02 0.168099E+01 
0.19026 0.492997E+02 0.162702E+01 
0.192992 0.503354E+02 0.156845E+01 
0.195725 0.488540E+02 0.151610E+01 
0.198457 0.491222E+02 0.145681E+01 
0.201189 0.487503E+02 0.142263E+01 
0.203922 0.478292E+02 0.136925E+01 
0.206654 0.464735E+02 0.132582E+01 
0.209386 0.477554E+02 0.128156E+01 
0.212119 0.472992E+02 0.124816E+01 
0.214851 0.475301E+02 0.122670E+01 
0.217583 0.468014E+02 0.119368E+01 
0.220315 0.464137E+02 0.115160E+01 
0.223048 0.454228E+02 0.111747E+01 
0.22578 0.452113E+02 0.109023E+01 
0.228512 0.462284E+02 0.107231E+01 
0.231245 0.448338E+02 0.105230E+01 
0.233977 0.428855E+02 0.102211E+01 
0.236709 0.435907E+02 0.100320E+01 
0.239442 0.438817E+02 0.985879E+00 
0.242174 0.433149E+02 0.965691E+00 
0.244906 0.427657E+02 0.946329E+00 
0.247639 0.426244E+02 0.942057E+00 
0.250371 0.422524E+02 0.922883E+00 
0.253103 0.420742E+02 0.905927E+00 
0.255835 0.420482E+02 0.899964E+00 
0.258568 0.419438E+02 0.888389E+00 
0.2613 0.419994E+02 0.875654E+00 
0.264032 0.416996E+02 0.863897E+00 
0.266765 0.411950E+02 0.854510E+00 
0.269497 0.413948E+02 0.845521E+00 
0.272229 0.405474E+02 0.831077E+00 
0.274962 0.406639E+02 0.822242E+00 
0.277694 0.402993E+02 0.816006E+00 
0.280426 0.396009E+02 0.808160E+00 
0.283159 0.392256E+02 0.795367E+00 
0.285891 0.395446E+02 0.780765E+00 
0.288623 0.385451E+02 0.776031E+00 
0.291355 0.379160E+02 0.766779E+00 
0.294088 0.380452E+02 0.761953E+00 
0.29682 0.381434E+02 0.757554E+00 
0.299552 0.374315E+02 0.741614E+00 
0.302285 0.370874E+02 0.732997E+00 
0.305017 0.372904E+02 0.732516E+00 
0.307749 0.362453E+02 0.721043E+00 
0.310482 0.360275E+02 0.712523E+00 
0.313214 0.363046E+02 0.710018E+00 
0.315946 0.364576E+02 0.702654E+00 
0.318679 0.358652E+02 0.697448E+00 
0.321411 0.353285E+02 0.683448E+00 
0.324143 0.350754E+02 0.687985E+00 
0.326876 0.348557E+02 0.685194E+00 
0.329608 0.350604E+02 0.679495E+00 
0.33234 0.344303E+02 0.675667E+00 
0.335072 0.338999E+02 0.669988E+00 
0.337805 0.340587E+02 0.672280E+00 
0.340537 0.336740E+02 0.665291E+00 
0.343269 0.328441E+02 0.656286E+00 
0.346002 0.332147E+02 0.659274E+00 
0.348734 0.331141E+02 0.652949E+00 
0.351466 0.326647E+02 0.660295E+00 
0.354199 0.325068E+02 0.649771E+00 
0.356931 0.316386E+02 0.642345E+00 
0.359663 0.309235E+02 0.641252E+00 
0.362396 0.312834E+02 0.635950E+00 
0.365128 0.314400E+02 0.637787E+00 
0.36786 0.311765E+02 0.632681E+00 
0.370592 0.305132E+02 0.630462E+00 
0.373325 0.312641E+02 0.634911E+00 
0.376057 0.306616E+02 0.627112E+00 
0.378789 0.303601E+02 0.622946E+00 
0.381522 0.302759E+02 0.620568E+00 
0.384254 0.296752E+02 0.617826E+00 
0.386986 0.290722E+02 0.612199E+00 
0.389719 0.288512E+02 0.609835E+00 
0.392451 0.290549E+02 0.612475E+00 
0.395183 0.287038E+02 0.608144E+00 
0.397916 0.288672E+02 0.605761E+00 
0.400648 0.283683E+02 0.606789E+00 
0.40338 0.285870E+02 0.603737E+00 
0.406112 0.281908E+02 0.599988E+00 
0.408845 0.281194E+02 0.599493E+00 
0.411577 0.277754E+02 0.590388E+00 
0.414309 0.273013E+02 0.589909E+00 
0.417042 0.279282E+02 0.587627E+00 
0.419774 0.271832E+02 0.585872E+00 
0.422506 0.270804E+02 0.586832E+00 
0.425239 0.261430E+02 0.579536E+00 
0.427971 0.261567E+02 0.578907E+00 
0.430703 0.265128E+02 0.577268E+00 
0.433436 0.262597E+02 0.576534E+00 
0.436168 0.255878E+02 0.572090E+00 
0.4389 0.258430E+02 0.571308E+00 
0.441632 0.259071E+02 0.572761E+00 
0.444365 0.252366E+02 0.566925E+00 
0.447097 0.251240E+02 0.563407E+00 
0.449829 0.245757E+02 0.559826E+00 
0.452562 0.251548E+02 0.563436E+00 
0.455294 0.243464E+02 0.561179E+00 
0.458026 0.245474E+02 0.555305E+00 
0.460759 0.247384E+02 0.556720E+00 
0.463491 0.239907E+02 0.551332E+00 
0.466223 0.237711E+02 0.552244E+00 
0.468956 0.236628E+02 0.548489E+00 
0.471688 0.235527E+02 0.548694E+00 
0.47442 0.233092E+02 0.550680E+00 
0.477152 0.233771E+02 0.542778E+00 
0.479885 0.229495E+02 0.545469E+00 
0.482617 0.229672E+02 0.544212E+00 
0.485349 0.228163E+02 0.539528E+00 
0.488082 0.229934E+02 0.542104E+00 
0.490814 0.227982E+02 0.543869E+00 
0.493546 0.226069E+02 0.541814E+00 
0.496279 0.215029E+02 0.526846E+00 
0.499011 0.220313E+02 0.535535E+00 
0.501743 0.218043E+02 0.530957E+00 
0.504476 0.214394E+02 0.528342E+00 
0.507208 0.216350E+02 0.528924E+00 
0.50994 0.217745E+02 0.527501E+00 
0.512672 0.214211E+02 0.529172E+00 
0.515405 0.214253E+02 0.526582E+00 
0.518137 0.204511E+02 0.521306E+00 
0.520869 0.205033E+02 0.527964E+00 
0.523602 0.210605E+02 0.528077E+00 
0.526334 0.206309E+02 0.523965E+00 
0.529066 0.202172E+02 0.518813E+00 
0.531799 0.202617E+02 0.522942E+00 
0.534531 0.203191E+02 0.521255E+00 
0.537263 0.198322E+02 0.513913E+00 
0.539996 0.196392E+02 0.520302E+00 
0.542728 0.193990E+02 0.508557E+00 
0.54546 0.194017E+02 0.509768E+00 
0.548192 0.193100E+02 0.508042E+00 
0.550925 0.190368E+02 0.509187E+00 
0.553657 0.191419E+02 0.506911E+00 
0.556389 0.182274E+02 0.500580E+00 
0.559122 0.185319E+02 0.504511E+00 
0.561854 0.188725E+02 0.503278E+00 
0.564586 0.184751E+02 0.497903E+00 
0.567319 0.180928E+02 0.501886E+00 
0.570051 0.180702E+02 0.502697E+00 
0.572783 0.180704E+02 0.502436E+00 
0.575516 0.176604E+02 0.495232E+00 
0.578248 0.173537E+02 0.496287E+00 
0.58098 0.179713E+02 0.495517E+00 
0.583713 0.173201E+02 0.488202E+00 
0.586445 0.178610E+02 0.495293E+00 
0.589177 0.175734E+02 0.491113E+00 
0.591909 0.171354E+02 0.492368E+00 
0.594642 0.169612E+02 0.490015E+00 
0.597374 0.166922E+02 0.485092E+00 
0.600106 0.167165E+02 0.488501E+00 
0.602839 0.166157E+02 0.486737E+00 
0.605571 0.164577E+02 0.485462E+00 
0.608303 0.167987E+02 0.487425E+00 
0.611036 0.166106E+02 0.483066E+00 
0.613768 0.157076E+02 0.474906E+00 
0.6165 0.155022E+02 0.478117E+00 
0.619233 0.154554E+02 0.475780E+00 
0.621965 0.158883E+02 0.472931E+00 
0.624697 0.159120E+02 0.478600E+00 
0.627429 0.155475E+02 0.476414E+00 
0.630162 0.156911E+02 0.475392E+00 
0.632894 0.155159E+02 0.471534E+00 
0.635626 0.154139E+02 0.469941E+00 
0.638359 0.152969E+02 0.471837E+00 
0.641091 0.153897E+02 0.472232E+00 
0.643823 0.151171E+02 0.470167E+00 
0.646556 0.150344E+02 0.468663E+00 
0.649288 0.150365E+02 0.466704E+00 
0.65202 0.146760E+02 0.464407E+00 
0.654753 0.152548E+02 0.469681E+00 
0.657485 0.149708E+02 0.467548E+00 
0.660217 0.145274E+02 0.461616E+00 
0.662949 0.147661E+02 0.462037E+00 
0.665682 0.142921E+02 0.462081E+00 
0.668414 0.141487E+02 0.460159E+00 
0.671146 0.137142E+02 0.458229E+00 
0.673879 0.137891E+02 0.461920E+00 
0.676611 0.140152E+02 0.459838E+00 
0.679343 0.139793E+02 0.457681E+00 
0.682076 0.140696E+02 0.456931E+00 
0.684808 0.137013E+02 0.456125E+00 
0.68754 0.135333E+02 0.451677E+00 
0.690273 0.134697E+02 0.452389E+00 
0.693005 0.131863E+02 0.447596E+00 
0.695737 0.133903E+02 0.453121E+00 
0.698469 0.132692E+02 0.454634E+00 
0.701202 0.127235E+02 0.447503E+00 
0.703934 0.127786E+02 0.446436E+00 
0.706666 0.126010E+02 0.443185E+00 
0.709399 0.126687E+02 0.444188E+00 
0.712131 0.127221E+02 0.446523E+00 
0.714863 0.125530E+02 0.438125E+00 
0.717596 0.128067E+02 0.444459E+00 
0.720328 0.128128E+02 0.440902E+00 
0.72306 0.125144E+02 0.441087E+00 
0.725793 0.126479E+02 0.443461E+00 
0.728525 0.126752E+02 0.442314E+00 
0.731257 0.122758E+02 0.439024E+00 
0.733989 0.119301E+02 0.433928E+00 
0.736722 0.117879E+02 0.435356E+00 
0.739454 0.120160E+02 0.434888E+00 
0.742186 0.121143E+02 0.433432E+00 
0.744919 0.122248E+02 0.437782E+00 
0.747651 0.116167E+02 0.431480E+00 
0.750383 0.117162E+02 0.430927E+00 
0.753116 0.118650E+02 0.434932E+00 
0.755848 0.114897E+02 0.432925E+00 
0.75858 0.111003E+02 0.430909E+00 
0.761313 0.110152E+02 0.429499E+00 
0.764045 0.111045E+02 0.428833E+00 
0.766777 0.111626E+02 0.423606E+00 
0.769509 0.111623E+02 0.424185E+00 
0.772242 0.108385E+02 0.423855E+00 
0.774974 0.112904E+02 0.426417E+00 
0.777706 0.113916E+02 0.428377E+00 
0.780439 0.111954E+02 0.423633E+00 
0.783171 0.109886E+02 0.420245E+00 
0.785903 0.107851E+02 0.421077E+00 
0.788636 0.108095E+02 0.423312E+00 
0.791368 0.107574E+02 0.427334E+00 
0.7941 0.104856E+02 0.420132E+00 
0.796833 0.105840E+02 0.416629E+00 
0.799565 0.100864E+02 0.418160E+00 
0.802297 0.998097E+01 0.422674E+00 
0.805029 0.100335E+02 0.424222E+00 
0.807762 0.102800E+02 0.421631E+00 
0.810494 0.100374E+02 0.426325E+00 
0.813226 0.978175E+01 0.425708E+00 
0.815959 0.979416E+01 0.425531E+00 
0.818691 0.104226E+02 0.428337E+00 
0.821423 0.100023E+02 0.427520E+00 
0.824156 0.990490E+01 0.434447E+00 
0.826888 0.982143E+01 0.429634E+00 
0.82962 0.958826E+01 0.429905E+00 
0.832353 0.937767E+01 0.425153E+00 
0.835085 0.955106E+01 0.426980E+00 
0.837817 0.938646E+01 0.425814E+00 
0.840549 0.940159E+01 0.427324E+00 
0.843282 0.970174E+01 0.431243E+00 
0.846014 0.976565E+01 0.425838E+00 
0.848746 0.959786E+01 0.427737E+00 
0.851479 0.942078E+01 0.434102E+00 
0.854211 0.923662E+01 0.430981E+00 
0.856943 0.907285E+01 0.431983E+00 
0.859676 0.914803E+01 0.428186E+00 
0.862408 0.926613E+01 0.430631E+00 
0.86514 0.904954E+01 0.426832E+00 
0.867873 0.907353E+01 0.429482E+00 
0.870605 0.891779E+01 0.433125E+00 
0.873337 0.876943E+01 0.429955E+00 
0.87607 0.851326E+01 0.428807E+00 
0.878802 0.830958E+01 0.429104E+00 
0.881534 0.881555E+01 0.430205E+00 
0.884266 0.841465E+01 0.429587E+00 
0.886999 0.846448E+01 0.431346E+00 
0.889731 0.847090E+01 0.425350E+00 
0.892463 0.864446E+01 0.422746E+00 
0.895196 0.827482E+01 0.427524E+00 
0.897928 0.830894E+01 0.426337E+00 
0.90066 0.814954E+01 0.430868E+00 
0.903393 0.808757E+01 0.429927E+00 
0.906125 0.824730E+01 0.424944E+00 
0.908857 0.810639E+01 0.430387E+00 
0.91159 0.773498E+01 0.428602E+00 
0.914322 0.783483E+01 0.432967E+00 
0.917054 0.814144E+01 0.431412E+00 
0.919786 0.803806E+01 0.428600E+00 
0.922519 0.808434E+01 0.432229E+00 
0.925251 0.771329E+01 0.425818E+00 
0.927983 0.763438E+01 0.425610E+00 
0.930716 0.808586E+01 0.434006E+00 
0.933448 0.817233E+01 0.432877E+00 
0.93618 0.772252E+01 0.429266E+00 
0.938913 0.723885E+01 0.422990E+00 
0.941645 0.728922E+01 0.426540E+00 
0.944377 0.741651E+01 0.430819E+00 
0.94711 0.743838E+01 0.431630E+00 
0.949842 0.737938E+01 0.427626E+00 
0.952574 0.751761E+01 0.426121E+00 
0.955306 0.708115E+01 0.429373E+00 
0.958039 0.708279E+01 0.425599E+00 
0.960771 0.738766E+01 0.429289E+00 
0.963503 0.713114E+01 0.425626E+00 
0.966236 0.669000E+01 0.424977E+00 
0.968968 0.669282E+01 0.429343E+00 
0.9717 0.683401E+01 0.424628E+00 
0.974433 0.707235E+01 0.429532E+00 
0.977165 0.757439E+01 0.430025E+00 
0.979897 0.708673E+01 0.425562E+00 
0.98263 0.722281E+01 0.429564E+00 
0.985362 0.675665E+01 0.420585E+00 
0.988094 0.676197E+01 0.433321E+00 
0.990826 0.727360E+01 0.435041E+00 
0.993559 0.721206E+01 0.427908E+00 
0.996291 0.694281E+01 0.428663E+00 
0.999023 0.693888E+01 0.426971E+00 
1.00176 0.702862E+01 0.426452E+00 
1.00449 0.660680E+01 0.424614E+00 
1.00722 0.655836E+01 0.421814E+00 
1.00995 0.629677E+01 0.420463E+00 
1.01268 0.634474E+01 0.420960E+00 
1.01542 0.668604E+01 0.426780E+00 
1.01815 0.659589E+01 0.422947E+00 
1.02088 0.618418E+01 0.426250E+00 
1.02361 0.650948E+01 0.424619E+00 
1.02635 0.650291E+01 0.425060E+00 
1.02908 0.609363E+01 0.427786E+00 
1.03181 0.624141E+01 0.420376E+00 
1.03454 0.633443E+01 0.422219E+00 
1.03728 0.622094E+01 0.423699E+00 
1.04001 0.608736E+01 0.421920E+00 
1.04274 0.630347E+01 0.422968E+00 
1.04547 0.650240E+01 0.426037E+00 
1.0482 0.648730E+01 0.428446E+00 
1.05094 0.632138E+01 0.431102E+00 
1.05367 0.596480E+01 0.426949E+00 
1.0564 0.636422E+01 0.423874E+00 
1.05913 0.623025E+01 0.425873E+00 
1.06187 0.594409E+01 0.424846E+00 
1.0646 0.581423E+01 0.419499E+00 
1.06733 0.560455E+01 0.422040E+00 
1.07006 0.550839E+01 0.420892E+00 
1.0728 0.609440E+01 0.423458E+00 
1.07553 0.570331E+01 0.420367E+00 
1.07826 0.602981E+01 0.423109E+00 
1.08099 0.545194E+01 0.427584E+00 
1.08372 0.549591E+01 0.423838E+00 
1.08646 0.577570E+01 0.426603E+00 
1.08919 0.536562E+01 0.419227E+00 
1.09192 0.559624E+01 0.419635E+00 
1.09465 0.546038E+01 0.417548E+00 
1.09739 0.567446E+01 0.419130E+00 
1.10012 0.539205E+01 0.418559E+00 
1.10285 0.529599E+01 0.423631E+00 
1.10558 0.569646E+01 0.424009E+00 
1.10832 0.591560E+01 0.427782E+00 
1.11105 0.531921E+01 0.418820E+00 
1.11378 0.507770E+01 0.421282E+00 
1.11651 0.525677E+01 0.421983E+00 
1.11924 0.556126E+01 0.420612E+00 
1.12198 0.531090E+01 0.418797E+00 
1.12471 0.552613E+01 0.423032E+00 
1.12744 0.514995E+01 0.422673E+00 
1.13017 0.494400E+01 0.418172E+00 
1.13291 0.487538E+01 0.424347E+00 
1.13564 0.467242E+01 0.417322E+00 
1.13837 0.486766E+01 0.416053E+00 
1.1411 0.487375E+01 0.416928E+00 
1.14384 0.496556E+01 0.416180E+00 
1.14657 0.519086E+01 0.414246E+00 
1.1493 0.519619E+01 0.419555E+00 
1.15203 0.477637E+01 0.415356E+00 
1.15476 0.502953E+01 0.416549E+00 
1.1575 0.468058E+01 0.416199E+00 
1.16023 0.435211E+01 0.418073E+00 
1.16296 0.467850E+01 0.415894E+00 
1.16569 0.452510E+01 0.413836E+00 
1.16843 0.490716E+01 0.417045E+00 
1.17116 0.491847E+01 0.420697E+00 
1.17389 0.451174E+01 0.415909E+00 
1.17662 0.469467E+01 0.415243E+00 
1.17936 0.491983E+01 0.418998E+00 
1.18209 0.491170E+01 0.420785E+00 
1.18482 0.482940E+01 0.416067E+00 
1.18755 0.432349E+01 0.419810E+00 
1.19028 0.475409E+01 0.417632E+00 
1.19302 0.471269E+01 0.416704E+00 
1.19575 0.465835E+01 0.418680E+00 
1.19848 0.457731E+01 0.418577E+00 
1.20121 0.474560E+01 0.420388E+00 
1.20395 0.481435E+01 0.414852E+00 
1.20668 0.435377E+01 0.410701E+00 
1.20941 0.407575E+01 0.418099E+00 
1.21214 0.441155E+01 0.416365E+00 
1.21488 0.482380E+01 0.419090E+00 
1.21761 0.453021E+01 0.420122E+00 
1.22034 0.462276E+01 0.417942E+00 
1.22307 0.437391E+01 0.417668E+00 
1.2258 0.434240E+01 0.417858E+00 
1.22854 0.441880E+01 0.615357E+00 
1.23127 0.419612E+01 0.334889E+00 
1.23673 0.405175E+01 0.547695E+00 
1.23947 0.383769E+01 0.488615E+00 
1.2422 0.437213E+01 0.483801E+00 
1.24493 0.451039E+01 0.499692E+00 
1.24766 0.435924E+01 0.499579E+00 
1.2504 0.450540E+01 0.504419E+00 
1.25313 0.444007E+01 0.512068E+00 
1.25586 0.452892E+01 0.520882E+00 
1.25859 0.414473E+01 0.527485E+00 
1.26133 0.364058E+01 0.534992E+00 
1.26406 0.371170E+01 0.492950E+00 
1.26679 0.381679E+01 0.470681E+00 
1.26952 0.419700E+01 0.469978E+00 
1.27225 0.442750E+01 0.460758E+00 
1.27499 0.383041E+01 0.452211E+00 
1.27772 0.373496E+01 0.443618E+00 
1.28045 0.424468E+01 0.443403E+00 
1.28318 0.407189E+01 0.440770E+00 
1.28592 0.376554E+01 0.440126E+00 
1.28865 0.381424E+01 0.436212E+00 
1.29138 0.394372E+01 0.437621E+00 
1.29411 0.382705E+01 0.428550E+00 
1.29685 0.422850E+01 0.432359E+00 
1.29958 0.399713E+01 0.421878E+00 
1.30231 0.364107E+01 0.420373E+00 
1.30504 0.340580E+01 0.419362E+00 
1.30777 0.317817E+01 0.414928E+00 
1.31051 0.350109E+01 0.421279E+00 
1.31324 0.333985E+01 0.420198E+00 
1.31597 0.387368E+01 0.418105E+00 
1.3187 0.404225E+01 0.422185E+00 
1.32144 0.388007E+01 0.421358E+00 
1.32417 0.362887E+01 0.419471E+00 
1.3269 0.385072E+01 0.415491E+00 
1.32963 0.383520E+01 0.417418E+00 
1.33237 0.337000E+01 0.415440E+00 
1.3351 0.355400E+01 0.414732E+00 
1.33783 0.386103E+01 0.423070E+00 
1.34056 0.344785E+01 0.418809E+00 
1.34329 0.364030E+01 0.413200E+00 
1.34603 0.367886E+01 0.413139E+00 
1.34876 0.357676E+01 0.418609E+00 
1.35149 0.366440E+01 0.417010E+00 
1.35422 0.337929E+01 0.417144E+00 
1.35696 0.311885E+01 0.414486E+00 
1.35969 0.298601E+01 0.414262E+00 
1.36242 0.315832E+01 0.418326E+00 
1.36515 0.330166E+01 0.416074E+00 
1.36789 0.345566E+01 0.416116E+00 
1.37062 0.346407E+01 0.414481E+00 
1.37335 0.287235E+01 0.411648E+00 
1.37608 0.296442E+01 0.415076E+00 
1.37881 0.306194E+01 0.409906E+00 
1.38155 0.360606E+01 0.408793E+00 
1.38428 0.319556E+01 0.411646E+00 
1.38701 0.294253E+01 0.413173E+00 
1.38974 0.333168E+01 0.417717E+00 
1.39248 0.355236E+01 0.416183E+00 
1.39521 0.337659E+01 0.415082E+00 
1.39794 0.342699E+01 0.413769E+00 
1.40067 0.347804E+01 0.409896E+00 
1.40341 0.308510E+01 0.413049E+00 
1.40614 0.335334E+01 0.411619E+00 
1.40887 0.345653E+01 0.414462E+00 
1.4116 0.322229E+01 0.414602E+00 
1.41433 0.278752E+01 0.405964E+00 
1.41707 0.304284E+01 0.405228E+00 
1.4198 0.335755E+01 0.411216E+00 
1.42253 0.316163E+01 0.406639E+00 
1.42526 0.276511E+01 0.403895E+00 
1.428 0.287686E+01 0.405997E+00 
1.43073 0.319355E+01 0.408948E+00 
1.43346 0.312873E+01 0.409436E+00 
1.43619 0.279539E+01 0.411145E+00 
1.43893 0.295770E+01 0.412519E+00 
1.44166 0.305435E+01 0.409337E+00 
1.44439 0.305863E+01 0.406807E+00 
1.44712 0.304196E+01 0.411142E+00 
1.44985 0.286419E+01 0.404644E+00 
1.45259 0.308684E+01 0.408935E+00 
1.45532 0.312877E+01 0.409262E+00 
1.45805 0.266340E+01 0.405140E+00 
1.46078 0.273574E+01 0.403754E+00 
1.46352 0.272255E+01 0.405899E+00 
1.46625 0.287456E+01 0.402818E+00 
1.46898 0.325493E+01 0.414204E+00 
1.47171 0.262278E+01 0.409558E+00 
1.47445 0.261925E+01 0.402425E+00 
1.47718 0.252973E+01 0.400680E+00 
1.47991 0.292709E+01 0.400521E+00 
1.48264 0.276781E+01 0.398031E+00 
1.48537 0.288526E+01 0.396836E+00 
1.48811 0.288001E+01 0.398999E+00 
1.49084 0.243085E+01 0.397562E+00 
1.49357 0.274761E+01 0.400182E+00 
1.4963 0.258191E+01 0.400447E+00 
1.49904 0.265887E+01 0.402892E+00 
1.50177 0.279014E+01 0.392582E+00 
1.5045 0.283552E+01 0.400017E+00 
1.50723 0.220645E+01 0.398308E+00 
1.50997 0.229851E+01 0.394999E+00 
1.5127 0.263312E+01 0.396337E+00 
1.51543 0.282776E+01 0.398726E+00 
1.51816 0.250222E+01 0.392523E+00 
1.52089 0.252052E+01 0.395127E+00 
1.52363 0.236875E+01 0.397831E+00 
1.52636 0.237373E+01 0.398886E+00 
1.52909 0.235297E+01 0.398656E+00 
1.53182 0.267946E+01 0.394488E+00 
1.53456 0.223133E+01 0.394498E+00 
1.53729 0.232079E+01 0.401117E+00 
1.54002 0.261470E+01 0.398019E+00 
1.54275 0.269525E+01 0.394451E+00 
1.54549 0.256174E+01 0.395539E+00 
1.54822 0.229969E+01 0.394841E+00 
1.55095 0.248384E+01 0.395787E+00 
1.55368 0.219072E+01 0.394009E+00 
1.55641 0.251172E+01 0.392442E+00 
1.55915 0.261752E+01 0.397594E+00 
1.56188 0.232783E+01 0.395591E+00 
1.56461 0.228868E+01 0.393986E+00 
1.56734 0.260453E+01 0.392627E+00 
1.57008 0.240521E+01 0.397838E+00 
1.57281 0.226779E+01 0.398827E+00 
1.57554 0.230337E+01 0.395178E+00 
1.57827 0.238374E+01 0.389411E+00 
1.58101 0.234665E+01 0.392381E+00 
1.58374 0.235510E+01 0.392749E+00 
1.58647 0.251807E+01 0.394523E+00 
1.5892 0.233369E+01 0.396120E+00 
1.59193 0.219269E+01 0.393389E+00 
1.59467 0.195103E+01 0.397167E+00 
1.5974 0.260837E+01 0.396041E+00 
1.60013 0.208644E+01 0.390221E+00 
1.60286 0.228482E+01 0.391739E+00 
1.6056 0.236212E+01 0.399389E+00 
1.60833 0.243509E+01 0.395927E+00 
1.61106 0.206520E+01 0.392858E+00 
1.61379 0.244379E+01 0.390397E+00 
1.61653 0.199853E+01 0.393311E+00 
1.61926 0.228661E+01 0.395374E+00 
1.62199 0.207278E+01 0.391647E+00 
1.62472 0.207425E+01 0.391577E+00 
1.62745 0.200144E+01 0.390538E+00 
1.63019 0.214454E+01 0.392309E+00 
1.63292 0.219475E+01 0.397444E+00 
1.63565 0.247087E+01 0.393567E+00 
1.63838 0.220859E+01 0.391180E+00 
1.64112 0.243488E+01 0.395092E+00 
1.64385 0.225180E+01 0.390179E+00 
1.64658 0.232544E+01 0.390462E+00 
1.64931 0.224634E+01 0.391048E+00 
1.65205 0.193880E+01 0.389993E+00 
1.65478 0.197158E+01 0.389804E+00 
1.65751 0.208048E+01 0.394973E+00 
1.66024 0.193518E+01 0.392983E+00 
1.66297 0.182097E+01 0.393241E+00 
1.66571 0.186557E+01 0.390935E+00 
1.66844 0.181944E+01 0.386052E+00 
1.67117 0.166179E+01 0.387001E+00 
1.6739 0.200808E+01 0.390565E+00 
1.67664 0.196107E+01 0.392545E+00 
1.67937 0.200970E+01 0.394621E+00 
1.6821 0.204497E+01 0.391255E+00 
1.68483 0.214617E+01 0.388331E+00 
1.68757 0.202401E+01 0.387693E+00 
1.6903 0.198338E+01 0.389434E+00 
1.69303 0.190559E+01 0.388163E+00 
1.69576 0.167949E+01 0.393350E+00 
1.69849 0.171698E+01 0.394422E+00 
1.70123 0.174305E+01 0.389481E+00 
1.70396 0.160056E+01 0.388059E+00 
1.70669 0.180038E+01 0.390258E+00 
1.70942 0.191351E+01 0.388805E+00 
1.71216 0.214137E+01 0.389226E+00 
1.71489 0.189543E+01 0.389156E+00 
1.71762 0.182466E+01 0.389359E+00 
1.72035 0.185500E+01 0.385119E+00 
1.72309 0.200676E+01 0.389965E+00 
1.72582 0.172168E+01 0.388980E+00 
1.72855 0.142459E+01 0.385713E+00 
1.73128 0.192529E+01 0.390919E+00 
1.73401 0.185268E+01 0.391286E+00 
1.73675 0.200426E+01 0.389040E+00 
1.73948 0.196691E+01 0.387683E+00 
1.74221 0.179442E+01 0.388175E+00 
1.74494 0.178524E+01 0.389258E+00 
1.74768 0.188062E+01 0.387930E+00 
1.75041 0.186588E+01 0.386494E+00 
1.75314 0.152056E+01 0.383104E+00 
1.75587 0.165470E+01 0.380268E+00 
1.75861 0.188915E+01 0.386308E+00 
1.76134 0.160020E+01 0.389912E+00 
1.76407 0.161969E+01 0.386399E+00 
1.7668 0.169260E+01 0.388811E+00 
1.76953 0.167498E+01 0.388002E+00 
1.77227 0.163758E+01 0.392184E+00 
1.775 0.172531E+01 0.389145E+00 
1.77773 0.167900E+01 0.281898E+00 
1.78046 0.168505E+01 0.209114E+00 
1.7832 0.152452E+01 0.204719E+00 
1.78593 0.173179E+01 0.204669E+00 
1.78866 0.149937E+01 0.206982E+00 
1.79139 0.163233E+01 0.204436E+00 
1.79413 0.158829E+01 0.205975E+00 
1.79686 0.174787E+01 0.207840E+00 
1.79959 0.161281E+01 0.207791E+00 
1.80232 0.140264E+01 0.205317E+00 
1.80505 0.144262E+01 0.207312E+00 
1.80779 0.167031E+01 0.208074E+00 
1.81052 0.147826E+01 0.206099E+00 
1.81325 0.127209E+01 0.205294E+00 
1.81598 0.128522E+01 0.203643E+00 
1.81872 0.153167E+01 0.205177E+00 
1.82145 0.153458E+01 0.204916E+00 
1.82418 0.151480E+01 0.206718E+00 
1.82691 0.144192E+01 0.205297E+00 
1.82965 0.142867E+01 0.207765E+00 
1.83238 0.152855E+01 0.207389E+00 
1.83511 0.165996E+01 0.207760E+00 
1.83784 0.149599E+01 0.206154E+00 
1.84057 0.167803E+01 0.207438E+00 
1.84331 0.180567E+01 0.208018E+00 
1.84604 0.148910E+01 0.208082E+00 
1.84877 0.137892E+01 0.206004E+00 
1.8515 0.146399E+01 0.204828E+00 
1.85424 0.143851E+01 0.205490E+00 
1.85697 0.128494E+01 0.207641E+00 
1.8597 0.137194E+01 0.205535E+00 
1.86243 0.136758E+01 0.204304E+00 
1.86517 0.145976E+01 0.206748E+00 
1.8679 0.152074E+01 0.207202E+00 
1.87063 0.145679E+01 0.206738E+00 
1.87336 0.145187E+01 0.201411E+00 
1.87609 0.128172E+01 0.203557E+00 
1.87883 0.136344E+01 0.204724E+00 
1.88156 0.145967E+01 0.204168E+00 
1.88429 0.131603E+01 0.203231E+00 
1.88702 0.149145E+01 0.202788E+00 
1.88976 0.117582E+01 0.201401E+00 
1.89249 0.127224E+01 0.202081E+00 
1.89522 0.131687E+01 0.203138E+00 
1.89795 0.149815E+01 0.202452E+00 
1.90069 0.137992E+01 0.205975E+00 
1.90342 0.144125E+01 0.202004E+00 
1.90615 0.130201E+01 0.202777E+00 
1.90888 0.136532E+01 0.204811E+00 
1.91161 0.140548E+01 0.203908E+00 
1.91435 0.125775E+01 0.205103E+00 
1.91708 0.134697E+01 0.204231E+00 
1.91981 0.130815E+01 0.203810E+00 
1.92254 0.134226E+01 0.202413E+00 
1.92528 0.143883E+01 0.203594E+00 
1.92801 0.146351E+01 0.200873E+00 
1.93074 0.140092E+01 0.203327E+00 
1.93347 0.116024E+01 0.208095E+00 
1.93621 0.143308E+01 0.205693E+00 
1.93894 0.134657E+01 0.202047E+00 
1.94167 0.124428E+01 0.202310E+00 
1.9444 0.125511E+01 0.203271E+00 
1.94713 0.142527E+01 0.204165E+00 
1.94987 0.138028E+01 0.205022E+00 
1.9526 0.106274E+01 0.201550E+00 
1.95533 0.115198E+01 0.201602E+00 
1.95806 0.110699E+01 0.202817E+00 
1.9608 0.135288E+01 0.201208E+00 
1.96353 0.133789E+01 0.202437E+00 
1.96626 0.100609E+01 0.202624E+00 
1.96899 0.122206E+01 0.170268E+00 
1.97173 0.133048E+01 0.141045E+00 
1.97446 0.123837E+01 0.139854E+00 
1.97719 0.117898E+01 0.140189E+00 
1.97992 0.120689E+01 0.139044E+00 
1.98265 0.121931E+01 0.141156E+00 
1.98539 0.127591E+01 0.141618E+00 
1.98812 0.109992E+01 0.139643E+00 
1.99085 0.117115E+01 0.141616E+00 
1.99358 0.979797E+00 0.140383E+00 
1.99632 0.110956E+01 0.139712E+00 
1.99905 0.118402E+01 0.139047E+00 
2.00178 0.121082E+01 0.139324E+00 
2.00451 0.115778E+01 0.139256E+00 
2.00725 0.119856E+01 0.139273E+00 
2.00998 0.123638E+01 0.139367E+00 
2.01271 0.109911E+01 0.139981E+00 
2.01544 0.119427E+01 0.140475E+00 
2.01817 0.125785E+01 0.139128E+00 
2.02091 0.123205E+01 0.138286E+00 
2.02364 0.109123E+01 0.140254E+00 
2.02637 0.102007E+01 0.141839E+00 
2.0291 0.113103E+01 0.141471E+00 
2.03184 0.127017E+01 0.140160E+00 
2.03457 0.114274E+01 0.141279E+00 
2.0373 0.121616E+01 0.139777E+00 
2.04003 0.125855E+01 0.139314E+00 
2.04277 0.123664E+01 0.138896E+00 
2.0455 0.124740E+01 0.138742E+00 
2.04823 0.114039E+01 0.139706E+00 
2.05096 0.113231E+01 0.141800E+00 
2.05369 0.108984E+01 0.139905E+00 
2.05643 0.104187E+01 0.138699E+00 
2.05916 0.114536E+01 0.138779E+00 
2.06189 0.107092E+01 0.139751E+00 
2.06462 0.106580E+01 0.140935E+00 
2.06736 0.102658E+01 0.139646E+00 
2.07009 0.970105E+00 0.138394E+00 
2.07282 0.108310E+01 0.138336E+00 
2.07555 0.122139E+01 0.139967E+00 
2.07829 0.122307E+01 0.141162E+00 
2.08102 0.120851E+01 0.140860E+00 
2.08375 0.120480E+01 0.140998E+00 
2.08648 0.118449E+01 0.140164E+00 
2.08921 0.114603E+01 0.138954E+00 
2.09195 0.106295E+01 0.139219E+00 
2.09468 0.109507E+01 0.138407E+00 
2.09741 0.115914E+01 0.140070E+00 
2.10014 0.122297E+01 0.139213E+00 
2.10288 0.109923E+01 0.138610E+00 
2.10561 0.105936E+01 0.139290E+00 
2.10834 0.967390E+00 0.137796E+00 
2.11107 0.988371E+00 0.138009E+00 
2.11381 0.103837E+01 0.138969E+00 
2.11654 0.109391E+01 0.139550E+00 
2.11927 0.984842E+00 0.139483E+00 
2.122 0.858084E+00 0.137794E+00 
2.12473 0.946446E+00 0.138082E+00 
2.12747 0.109134E+01 0.139430E+00 
2.1302 0.916298E+00 0.140902E+00 
2.13293 0.997330E+00 0.138709E+00 
2.13566 0.987229E+00 0.136270E+00 
2.1384 0.103115E+01 0.138133E+00 
2.14113 0.101726E+01 0.138084E+00 
2.14386 0.108712E+01 0.138182E+00 
2.14659 0.959634E+00 0.137391E+00 
2.14933 0.936372E+00 0.138716E+00 
2.15206 0.855372E+00 0.139128E+00 
2.15479 0.904535E+00 0.138973E+00 
2.15752 0.925176E+00 0.138256E+00 
2.16025 0.892600E+00 0.138454E+00 
2.16299 0.863680E+00 0.138759E+00 
2.16572 0.852173E+00 0.138047E+00 
2.16845 0.949014E+00 0.137804E+00 
2.17118 0.105507E+01 0.139333E+00 
2.17392 0.871396E+00 0.137658E+00 
2.17665 0.105302E+01 0.137474E+00 
2.17938 0.109724E+01 0.138359E+00 
2.18211 0.107611E+01 0.138445E+00 
2.18485 0.850037E+00 0.136974E+00 
2.18758 0.879375E+00 0.137758E+00 
2.19031 0.987005E+00 0.136678E+00 
2.19304 0.971182E+00 0.136377E+00 
2.19577 0.900273E+00 0.137410E+00 
2.19851 0.950001E+00 0.137126E+00 
2.20124 0.932203E+00 0.138182E+00 
2.20397 0.794812E+00 0.138502E+00 
2.2067 0.103567E+01 0.136870E+00 
2.20944 0.101390E+01 0.137210E+00 
2.21217 0.103644E+01 0.136945E+00 
2.2149 0.103163E+01 0.137586E+00 
2.21763 0.894670E+00 0.136367E+00 
2.22037 0.865763E+00 0.138203E+00 
2.2231 0.103092E+01 0.137318E+00 
2.22583 0.798592E+00 0.137015E+00 
2.22856 0.886642E+00 0.138549E+00 
2.23129 0.104657E+01 0.139374E+00 
2.23403 0.971701E+00 0.138169E+00 
2.23676 0.100861E+01 0.137423E+00 
2.23949 0.894340E+00 0.135511E+00 
2.24222 0.845072E+00 0.135233E+00 
2.24496 0.871246E+00 0.137757E+00 
2.24769 0.101566E+01 0.137379E+00 
2.25042 0.100440E+01 0.139542E+00 
2.25315 0.965811E+00 0.139342E+00 
2.25589 0.102191E+01 0.138890E+00 
2.25862 0.814893E+00 0.137403E+00 
2.26135 0.831420E+00 0.135228E+00 
2.26408 0.788935E+00 0.138007E+00 
2.26681 0.973017E+00 0.136198E+00 
2.26955 0.962493E+00 0.135964E+00 
2.27228 0.961730E+00 0.136109E+00 
2.27501 0.107985E+01 0.137330E+00 
2.27774 0.866974E+00 0.137155E+00 
2.28048 0.850822E+00 0.139225E+00 
2.28321 0.101271E+01 0.138471E+00 
2.28594 0.112119E+01 0.138614E+00 
2.28867 0.912561E+00 0.137101E+00 
2.29141 0.810722E+00 0.138078E+00 
2.29414 0.717975E+00 0.136997E+00 
2.29687 0.875506E+00 0.137264E+00 
2.2996 0.866569E+00 0.137149E+00 
2.30233 0.853473E+00 0.137485E+00 
2.30507 0.926173E+00 0.138362E+00 
2.3078 0.827595E+00 0.136772E+00 
2.31053 0.926078E+00 0.136762E+00 
2.31326 0.748100E+00 0.134577E+00 
2.316 0.828567E+00 0.136547E+00 
2.31873 0.941614E+00 0.136134E+00 
2.32146 0.938596E+00 0.134471E+00 
2.32419 0.995562E+00 0.136141E+00 
2.32693 0.767283E+00 0.143828E+00 
2.32966 0.746186E+00 0.853740E-01 
2.33239 0.816462E+00 0.860103E-01 
2.33512 0.750723E+00 0.856770E-01 
2.33785 0.789174E+00 0.861930E-01 
2.34059 0.804482E+00 0.855243E-01 
2.34332 0.861924E+00 0.851024E-01 
2.34605 0.829313E+00 0.850564E-01 
2.34878 0.784466E+00 0.859768E-01 
2.35152 0.839975E+00 0.860679E-01 
2.35425 0.873882E+00 0.846663E-01 
2.35698 0.893520E+00 0.849663E-01 
2.35971 0.889794E+00 0.842079E-01 
2.36245 0.817996E+00 0.842654E-01 
2.36518 0.878038E+00 0.844959E-01 
2.36791 0.861874E+00 0.856622E-01 
2.37064 0.852886E+00 0.860461E-01 
2.37337 0.774127E+00 0.848813E-01 
2.37611 0.822539E+00 0.848336E-01 
2.37884 0.859811E+00 0.842361E-01 
2.38157 0.776043E+00 0.843413E-01 
2.3843 0.847364E+00 0.851071E-01 
2.38704 0.846965E+00 0.853800E-01 
2.38977 0.864736E+00 0.858272E-01 
2.3925 0.911784E+00 0.853491E-01 
2.39523 0.917129E+00 0.856406E-01 
2.39797 0.865711E+00 0.847498E-01 
2.4007 0.797814E+00 0.843614E-01 
2.40343 0.873263E+00 0.852280E-01 
2.40616 0.804718E+00 0.851819E-01 
2.40889 0.832000E+00 0.839519E-01 
2.41163 0.879985E+00 0.848816E-01 
2.41436 0.842899E+00 0.848767E-01 
2.41709 0.814798E+00 0.847333E-01 
2.41982 0.836941E+00 0.840486E-01 
2.42256 0.786701E+00 0.843987E-01 
2.42529 0.776026E+00 0.848562E-01 
2.42802 0.779022E+00 0.838150E-01 
2.43075 0.760400E+00 0.840542E-01 
2.43349 0.814105E+00 0.852826E-01 
2.43622 0.814332E+00 0.847757E-01 
2.43895 0.846162E+00 0.838432E-01 
2.44168 0.871236E+00 0.847415E-01 
2.44441 0.807007E+00 0.840106E-01 
2.44715 0.804062E+00 0.843319E-01 
2.44988 0.801049E+00 0.851003E-01 
2.45261 0.916791E+00 0.849243E-01 
2.45534 0.826564E+00 0.840175E-01 
2.45808 0.775532E+00 0.852013E-01 
2.46081 0.815282E+00 0.855306E-01 
2.46354 0.798860E+00 0.844569E-01 
2.46627 0.784214E+00 0.842549E-01 
2.46901 0.776477E+00 0.849494E-01 
2.47174 0.846001E+00 0.852714E-01 
2.47447 0.812956E+00 0.844916E-01 
2.4772 0.785956E+00 0.835238E-01 
2.47993 0.824452E+00 0.838248E-01 
2.48267 0.775292E+00 0.835232E-01 
2.4854 0.770860E+00 0.840456E-01 
2.48813 0.775358E+00 0.845613E-01 
2.49086 0.741129E+00 0.840396E-01 
2.4936 0.840871E+00 0.849846E-01 
2.49633 0.807483E+00 0.848547E-01 
2.49906 0.807195E+00 0.851118E-01 
2.50179 0.875230E+00 0.843826E-01 
2.50453 0.806891E+00 0.845884E-01 
2.50726 0.736512E+00 0.846788E-01 
2.50999 0.748298E+00 0.840454E-01 
2.51272 0.768277E+00 0.842377E-01 
2.51545 0.756711E+00 0.832623E-01 
2.51819 0.763044E+00 0.831534E-01 
2.52092 0.770434E+00 0.838147E-01 
2.52365 0.765413E+00 0.844553E-01 
2.52638 0.710314E+00 0.833085E-01 
2.52912 0.766100E+00 0.840639E-01 
2.53185 0.808407E+00 0.840895E-01 
2.53458 0.782534E+00 0.834619E-01 
2.53731 0.783284E+00 0.833486E-01 
2.54005 0.788106E+00 0.840886E-01 
2.54278 0.826283E+00 0.847911E-01 
2.54551 0.765202E+00 0.835114E-01 
2.54824 0.793856E+00 0.840505E-01 
2.55097 0.790444E+00 0.840645E-01 
2.55371 0.735630E+00 0.846022E-01 
2.55644 0.870013E+00 0.838706E-01 
2.55917 0.771619E+00 0.832121E-01 
2.5619 0.734315E+00 0.834494E-01 
2.56464 0.778591E+00 0.840122E-01 
2.56737 0.712692E+00 0.835184E-01 
2.5701 0.714810E+00 0.826938E-01 
2.57283 0.788231E+00 0.830898E-01 
2.57557 0.766195E+00 0.834812E-01 
2.5783 0.826806E+00 0.848023E-01 
2.58103 0.849170E+00 0.938572E-01 
2.58376 0.769218E+00 0.989591E-01 
2.58649 0.749286E+00 0.100669E+00 
2.58923 0.672352E+00 0.102863E+00 
2.59196 0.697387E+00 0.107272E+00 
2.59469 0.654906E+00 0.111450E+00 
2.59742 0.861617E+00 0.116712E+00 
2.60016 0.830115E+00 0.120483E+00 
2.60289 0.774677E+00 0.121912E+00 
2.60562 0.708293E+00 0.124460E+00 
2.60835 0.632640E+00 0.126029E+00 
2.61109 0.768534E+00 0.126913E+00 
2.61382 0.747385E+00 0.108645E+00 
2.61655 0.745783E+00 0.101432E+00 
2.61928 0.749245E+00 0.973431E-01 
2.62201 0.768257E+00 0.958180E-01 
2.62475 0.775524E+00 0.945147E-01 
2.62748 0.761705E+00 0.929980E-01 
2.63021 0.786346E+00 0.930597E-01 
2.63294 0.686397E+00 0.919332E-01 
2.63568 0.707674E+00 0.902092E-01 
2.63841 0.728052E+00 0.909284E-01 
2.64114 0.748085E+00 0.912946E-01 
2.64387 0.753690E+00 0.898357E-01 
2.64661 0.657185E+00 0.894099E-01 
2.64934 0.757397E+00 0.903709E-01 
2.65207 0.717424E+00 0.893094E-01 
2.6548 0.779539E+00 0.892640E-01 
2.65753 0.761796E+00 0.885173E-01 
2.66027 0.732418E+00 0.882926E-01 
2.663 0.792554E+00 0.896867E-01 
2.66573 0.778906E+00 0.912097E-01 
2.66846 0.768878E+00 0.901240E-01 
2.6712 0.782283E+00 0.883342E-01 
2.67393 0.748424E+00 0.891310E-01 
2.67666 0.696139E+00 0.891688E-01 
2.67939 0.725394E+00 0.887947E-01 
2.68213 0.681517E+00 0.880951E-01 
2.68486 0.689566E+00 0.884097E-01 
2.68759 0.691169E+00 0.883620E-01 
2.69032 0.718055E+00 0.884105E-01 
2.69305 0.641242E+00 0.874452E-01 
2.69579 0.720844E+00 0.879694E-01 
2.69852 0.727741E+00 0.888037E-01 
2.70125 0.745683E+00 0.881959E-01 
2.70398 0.716660E+00 0.860438E-01 
2.70672 0.738102E+00 0.859800E-01 
2.70945 0.763386E+00 0.857422E-01 
2.71218 0.666006E+00 0.853531E-01 
2.71491 0.671686E+00 0.842392E-01 
2.71765 0.708133E+00 0.852659E-01 
2.72038 0.675115E+00 0.848687E-01 
2.72311 0.664871E+00 0.848351E-01 
2.72584 0.770082E+00 0.850072E-01 
2.72857 0.720053E+00 0.835669E-01 
2.73131 0.657329E+00 0.837313E-01 
2.73404 0.697336E+00 0.836191E-01 
2.73677 0.701474E+00 0.835016E-01 
2.7395 0.712986E+00 0.834773E-01 
2.74224 0.722116E+00 0.824882E-01 
2.74497 0.687421E+00 0.837153E-01 
2.7477 0.742642E+00 0.842468E-01 
2.75043 0.745733E+00 0.845887E-01 
2.75317 0.629084E+00 0.837772E-01 
2.7559 0.652589E+00 0.842595E-01 
2.75863 0.746708E+00 0.851467E-01 
2.76136 0.651771E+00 0.846124E-01 
2.76409 0.691631E+00 0.832025E-01 
2.76683 0.688512E+00 0.840745E-01 
2.76956 0.703020E+00 0.839991E-01 
2.77229 0.712552E+00 0.832726E-01 
2.77502 0.709014E+00 0.830788E-01 
2.77776 0.751985E+00 0.824280E-01 
2.78049 0.677243E+00 0.833265E-01 
2.78322 0.733653E+00 0.829901E-01 
2.78595 0.671006E+00 0.828210E-01 
2.78869 0.707779E+00 0.827375E-01 
2.79142 0.706946E+00 0.825423E-01 
2.79415 0.654333E+00 0.831104E-01 
2.79688 0.611567E+00 0.828662E-01 
2.79961 0.602249E+00 0.823125E-01 
2.80235 0.679782E+00 0.828640E-01 
2.80508 0.728200E+00 0.824532E-01 
2.80781 0.737408E+00 0.821397E-01 
2.81054 0.673489E+00 0.819590E-01 
2.81328 0.777791E+00 0.824008E-01 
2.81601 0.728942E+00 0.835604E-01 
2.81874 0.730388E+00 0.831905E-01 
2.82147 0.781167E+00 0.832914E-01 
2.82421 0.768904E+00 0.832344E-01 
2.82694 0.783410E+00 0.836661E-01 
2.82967 0.747223E+00 0.828534E-01 
2.8324 0.696916E+00 0.826722E-01 
2.83513 0.710036E+00 0.826355E-01 
2.83787 0.746973E+00 0.824159E-01 
2.8406 0.719170E+00 0.834233E-01 
2.84333 0.787108E+00 0.829585E-01 
2.84606 0.699996E+00 0.816119E-01 
2.8488 0.697385E+00 0.812028E-01 
2.85153 0.638796E+00 0.815908E-01 
2.85426 0.682550E+00 0.826947E-01 
2.85699 0.748085E+00 0.820691E-01 
2.85973 0.734758E+00 0.822124E-01 
2.86246 0.706973E+00 0.817894E-01 
2.86519 0.671305E+00 0.816075E-01 
2.86792 0.655576E+00 0.825571E-01 
2.87065 0.676897E+00 0.813223E-01 
2.87339 0.660779E+00 0.815264E-01 
2.87612 0.594694E+00 0.824126E-01 
2.87885 0.630429E+00 0.831177E-01 
2.88158 0.678215E+00 0.826610E-01 
2.88432 0.703221E+00 0.820114E-01 
2.88705 0.683093E+00 0.812603E-01 
2.88978 0.719619E+00 0.821773E-01 
2.89251 0.694801E+00 0.827675E-01 
2.89525 0.663063E+00 0.826810E-01 
2.89798 0.726829E+00 0.813300E-01 
2.90071 0.719204E+00 0.814939E-01 
2.90344 0.712923E+00 0.826574E-01 
2.90617 0.635609E+00 0.823163E-01 
2.90891 0.699219E+00 0.822392E-01 
2.91164 0.702232E+00 0.824926E-01 
2.91437 0.691545E+00 0.819425E-01 
2.9171 0.565792E+00 0.815202E-01 
2.91984 0.671259E+00 0.826719E-01 
2.92257 0.638843E+00 0.818409E-01 
2.9253 0.648542E+00 0.805177E-01 
2.92803 0.631324E+00 0.807901E-01 
2.93077 0.668983E+00 0.824687E-01 
2.9335 0.655181E+00 0.825721E-01 
2.93623 0.651989E+00 0.816817E-01 
2.93896 0.646879E+00 0.816938E-01 
2.94169 0.644957E+00 0.816212E-01 
2.94443 0.678466E+00 0.818110E-01 
2.94716 0.706585E+00 0.819950E-01 
2.94989 0.708576E+00 0.820830E-01 
2.95262 0.669689E+00 0.810603E-01 
2.95536 0.636258E+00 0.812952E-01 
2.95809 0.690382E+00 0.819856E-01 
2.96082 0.671879E+00 0.819788E-01 
2.96355 0.705724E+00 0.819535E-01 
2.96629 0.695387E+00 0.818703E-01 
2.96902 0.664042E+00 0.820767E-01 
2.97175 0.631065E+00 0.816552E-01 
2.97448 0.650503E+00 0.813147E-01 
2.97721 0.625224E+00 0.807668E-01 
2.97995 0.625019E+00 0.809450E-01 
2.98268 0.603028E+00 0.815576E-01 
2.98541 0.680983E+00 0.815997E-01 
2.98814 0.688150E+00 0.818969E-01 
2.99088 0.617846E+00 0.809780E-01 
2.99361 0.663701E+00 0.805872E-01 
2.99634 0.685265E+00 0.809595E-01 
2.99907 0.781670E+00 0.808513E-01 
3.00181 0.642699E+00 0.813543E-01 
3.00454 0.711041E+00 0.812485E-01 
3.00727 0.660879E+00 0.820126E-01 
3.01 0.616264E+00 0.818845E-01 
3.01273 0.611265E+00 0.816960E-01 
3.01547 0.623463E+00 0.819497E-01 
3.0182 0.698588E+00 0.810257E-01 
3.02093 0.590448E+00 0.817706E-01 
3.02366 0.532892E+00 0.815973E-01 
3.0264 0.564090E+00 0.808991E-01 
3.02913 0.605033E+00 0.809596E-01 
3.03186 0.605495E+00 0.820304E-01 
3.03459 0.686089E+00 0.814816E-01 
3.03733 0.627594E+00 0.815097E-01 
3.04006 0.682879E+00 0.809482E-01 
3.04279 0.648239E+00 0.812054E-01 
3.04552 0.597816E+00 0.806187E-01 
3.04825 0.599624E+00 0.803727E-01 
3.05099 0.645322E+00 0.804430E-01 
3.05372 0.616826E+00 0.812555E-01 
3.05645 0.663290E+00 0.809946E-01 
3.05918 0.606221E+00 0.803626E-01 
3.06192 0.617369E+00 0.804582E-01 
3.06465 0.647294E+00 0.808673E-01 
3.06738 0.631708E+00 0.805296E-01 
3.07011 0.665436E+00 0.797603E-01 
3.07285 0.693287E+00 0.807935E-01 
3.07558 0.670303E+00 0.807193E-01 
3.07831 0.597679E+00 0.799999E-01 
3.08104 0.664823E+00 0.822419E-01 
3.08377 0.641420E+00 0.815075E-01 
3.08651 0.657340E+00 0.813151E-01 
3.08924 0.636918E+00 0.810851E-01 
3.09197 0.606183E+00 0.809847E-01 
3.0947 0.630281E+00 0.804196E-01 
3.09744 0.573998E+00 0.806500E-01 
3.10017 0.659779E+00 0.810253E-01 
3.1029 0.682845E+00 0.807319E-01 
3.10563 0.638172E+00 0.804991E-01 
3.10837 0.580124E+00 0.799183E-01 
3.1111 0.606374E+00 0.798360E-01 
3.11383 0.606680E+00 0.798081E-01 
3.11656 0.700889E+00 0.814127E-01 
3.11929 0.716748E+00 0.812357E-01 
3.12203 0.629237E+00 0.804110E-01 
3.12476 0.664348E+00 0.801034E-01 
3.12749 0.627666E+00 0.797924E-01 
3.13022 0.659385E+00 0.807715E-01 
3.13296 0.654720E+00 0.812765E-01 
3.13569 0.638321E+00 0.809299E-01 
3.13842 0.548368E+00 0.807423E-01 
3.14115 0.591222E+00 0.796418E-01 
3.14389 0.600596E+00 0.789396E-01 
3.14662 0.681152E+00 0.801720E-01 
3.14935 0.631110E+00 0.797207E-01 
3.15208 0.635529E+00 0.801456E-01 
3.15481 0.573341E+00 0.798439E-01 
3.15755 0.675883E+00 0.807967E-01 
3.16028 0.667949E+00 0.807686E-01 
3.16301 0.664947E+00 0.817317E-01 
3.16574 0.653025E+00 0.803352E-01 
3.16848 0.642367E+00 0.798951E-01 
3.17121 0.574613E+00 0.798701E-01 
3.17394 0.581634E+00 0.799214E-01 
3.17667 0.626206E+00 0.797142E-01 
3.17941 0.622491E+00 0.806487E-01 
3.18214 0.642296E+00 0.804255E-01 
3.18487 0.677309E+00 0.797549E-01 
3.1876 0.661606E+00 0.795844E-01 
3.19033 0.615681E+00 0.795204E-01 
3.19307 0.611725E+00 0.796844E-01 
3.1958 0.593248E+00 0.792760E-01 
3.19853 0.646761E+00 0.801513E-01 
3.20126 0.627776E+00 0.799886E-01 
3.204 0.630631E+00 0.801081E-01 
3.20673 0.606606E+00 0.806085E-01 
3.20946 0.551613E+00 0.800764E-01 
3.21219 0.560487E+00 0.791956E-01 
3.21493 0.524732E+00 0.790896E-01 
3.21766 0.589383E+00 0.797220E-01 
3.22039 0.571924E+00 0.793700E-01 
3.22312 0.616605E+00 0.796153E-01 
3.22585 0.667407E+00 0.789292E-01 
3.22859 0.636506E+00 0.794754E-01 
3.23132 0.533614E+00 0.792652E-01 
3.23405 0.550783E+00 0.789257E-01 
3.23678 0.565253E+00 0.786538E-01 
3.23952 0.591214E+00 0.799597E-01 
3.24225 0.660013E+00 0.795461E-01 
3.24498 0.601957E+00 0.791145E-01 
3.24771 0.566492E+00 0.799107E-01 
3.25045 0.628905E+00 0.808570E-01 
3.25318 0.632113E+00 0.809765E-01 
3.25591 0.570122E+00 0.797411E-01 
3.25864 0.498085E+00 0.800037E-01 
3.26137 0.612439E+00 0.789783E-01 
3.26411 0.550895E+00 0.783589E-01 
3.26684 0.575990E+00 0.784223E-01 
3.26957 0.577567E+00 0.792928E-01 
3.2723 0.590019E+00 0.785778E-01 
3.27504 0.610528E+00 0.797997E-01 
3.27777 0.549073E+00 0.797195E-01 
3.2805 0.618205E+00 0.807148E-01 
3.28323 0.539747E+00 0.791646E-01 
3.28597 0.546202E+00 0.784964E-01 
3.2887 0.586210E+00 0.794465E-01 
3.29143 0.648646E+00 0.792328E-01 
3.29416 0.606645E+00 0.795278E-01 
3.29689 0.534328E+00 0.785951E-01 
3.29963 0.517368E+00 0.776690E-01 
3.30236 0.572403E+00 0.781017E-01 
3.30509 0.597480E+00 0.793653E-01 
3.30782 0.567958E+00 0.787397E-01 
3.31056 0.581229E+00 0.786025E-01 
3.31329 0.602030E+00 0.791260E-01 
3.31602 0.555384E+00 0.791278E-01 
3.31875 0.565619E+00 0.787064E-01 
3.32149 0.588054E+00 0.791647E-01 
3.32422 0.533397E+00 0.784144E-01 
3.32695 0.524890E+00 0.790607E-01 
3.32968 0.558640E+00 0.786832E-01 
3.33241 0.559784E+00 0.786300E-01 
3.33515 0.537944E+00 0.787662E-01 
3.33788 0.519364E+00 0.789789E-01 
3.34061 0.512100E+00 0.781530E-01 
3.34334 0.553603E+00 0.787544E-01 
3.34608 0.561623E+00 0.792665E-01 
3.34881 0.532644E+00 0.782647E-01 
3.35154 0.527174E+00 0.777556E-01 
3.35427 0.604057E+00 0.788401E-01 
3.35701 0.532556E+00 0.783838E-01 
3.35974 0.573853E+00 0.787661E-01 
3.36247 0.597897E+00 0.792660E-01 
3.3652 0.517456E+00 0.785522E-01 
3.36793 0.538530E+00 0.783349E-01 
3.37067 0.610472E+00 0.791765E-01 
3.3734 0.629070E+00 0.791147E-01 
3.37613 0.632545E+00 0.791045E-01 
3.37886 0.584126E+00 0.793246E-01 
3.3816 0.555810E+00 0.787433E-01 
3.38433 0.522721E+00 0.776815E-01 
3.38706 0.555436E+00 0.792358E-01 
3.38979 0.532084E+00 0.781826E-01 
3.39253 0.541354E+00 0.790004E-01 
3.39526 0.607155E+00 0.789353E-01 
3.39799 0.600360E+00 0.794739E-01 
3.40072 0.448651E+00 0.778190E-01 
3.40345 0.469400E+00 0.775090E-01 
3.40619 0.486108E+00 0.787586E-01 
3.40892 0.534266E+00 0.780797E-01 
3.41165 0.535349E+00 0.790838E-01 
3.41438 0.563511E+00 0.783575E-01 
3.41712 0.522604E+00 0.782416E-01 
3.41985 0.494527E+00 0.780362E-01 
3.42258 0.511581E+00 0.777462E-01 
3.42531 0.519393E+00 0.774118E-01 
3.42805 0.497150E+00 0.784123E-01 
3.43078 0.514460E+00 0.786082E-01 
3.43351 0.483298E+00 0.773013E-01 
3.43624 0.570860E+00 0.779325E-01 
3.43897 0.595460E+00 0.778739E-01 
3.44171 0.611769E+00 0.784444E-01 
3.44444 0.612880E+00 0.780023E-01 
3.44717 0.546872E+00 0.785512E-01 
3.4499 0.541748E+00 0.778174E-01 
3.45264 0.462270E+00 0.796341E-01 
3.45537 0.481915E+00 0.781156E-01 
3.4581 0.550488E+00 0.776931E-01 
3.46083 0.590467E+00 0.776775E-01 
3.46357 0.575173E+00 0.776232E-01 
3.4663 0.524962E+00 0.786440E-01 
3.46903 0.563322E+00 0.783792E-01 
3.47176 0.502499E+00 0.789026E-01 
3.47449 0.548404E+00 0.774181E-01 
3.47723 0.540156E+00 0.772918E-01 
3.47996 0.541396E+00 0.776850E-01 
3.48269 0.565735E+00 0.781909E-01 
3.48542 0.556202E+00 0.769717E-01 
3.48816 0.436411E+00 0.775128E-01 
3.49089 0.452055E+00 0.775074E-01 
3.49362 0.436381E+00 0.782799E-01 
3.49635 0.550084E+00 0.773904E-01 
3.49909 0.509378E+00 0.778702E-01 
3.50182 0.571759E+00 0.771939E-01 
3.50455 0.581015E+00 0.775482E-01 
3.50728 0.497197E+00 0.772807E-01 
3.51001 0.510437E+00 0.781300E-01 
3.51275 0.520867E+00 0.794962E-01 
3.51548 0.417174E+00 0.781478E-01 
3.51821 0.495567E+00 0.786608E-01 
3.52094 0.612538E+00 0.777438E-01 
3.52368 0.623822E+00 0.771069E-01 
3.52641 0.602601E+00 0.782514E-01 
3.52914 0.573571E+00 0.790110E-01 
3.53187 0.496676E+00 0.771963E-01 
3.53461 0.512587E+00 0.773259E-01 
3.53734 0.546149E+00 0.772659E-01 
3.54007 0.508484E+00 0.775533E-01 
3.5428 0.521027E+00 0.773585E-01 
3.54553 0.532673E+00 0.769528E-01 
3.54827 0.578138E+00 0.777282E-01 
3.551 0.549101E+00 0.777699E-01 
3.55373 0.545668E+00 0.785305E-01 
3.55646 0.512105E+00 0.778877E-01 
3.5592 0.480980E+00 0.768393E-01 
3.56193 0.535738E+00 0.775514E-01 
3.56466 0.508253E+00 0.768707E-01 
3.56739 0.518551E+00 0.768148E-01 
3.57013 0.472302E+00 0.772996E-01 
3.57286 0.499244E+00 0.776662E-01 
3.57559 0.507314E+00 0.778952E-01 
3.57832 0.476839E+00 0.768683E-01 
3.58105 0.521495E+00 0.779864E-01 
3.58379 0.523983E+00 0.772634E-01 
3.58652 0.478885E+00 0.776754E-01 
3.58925 0.448880E+00 0.774359E-01 
3.59198 0.515991E+00 0.770228E-01 
3.59472 0.492597E+00 0.760381E-01 
3.59745 0.486933E+00 0.775157E-01 
3.60018 0.514182E+00 0.768557E-01 
3.60291 0.515317E+00 0.768781E-01 
3.60565 0.465509E+00 0.777705E-01 
3.60838 0.462560E+00 0.776865E-01 
3.61111 0.457420E+00 0.762734E-01 
3.61384 0.427575E+00 0.770508E-01 
3.61657 0.432033E+00 0.774942E-01 
3.61931 0.507037E+00 0.773554E-01 
3.62204 0.499811E+00 0.776046E-01 
3.62477 0.504113E+00 0.774836E-01 
3.6275 0.508795E+00 0.780492E-01 
3.63024 0.443309E+00 0.769455E-01 
3.63297 0.489408E+00 0.766151E-01 
3.6357 0.471261E+00 0.775030E-01 
3.63843 0.494053E+00 0.766024E-01 
3.64117 0.492177E+00 0.768781E-01 
3.6439 0.508798E+00 0.762953E-01 
3.64663 0.576097E+00 0.772051E-01 
3.64936 0.547906E+00 0.778393E-01 
3.65209 0.434908E+00 0.761432E-01 
3.65483 0.531009E+00 0.773633E-01 
3.65756 0.507305E+00 0.774674E-01 
3.66029 0.516118E+00 0.779800E-01 
3.66302 0.445804E+00 0.763075E-01 
3.66576 0.544451E+00 0.771202E-01 
3.66849 0.461875E+00 0.769394E-01 
3.67122 0.460459E+00 0.766012E-01 
3.67395 0.488428E+00 0.769880E-01 
3.67669 0.486221E+00 0.781908E-01 
3.67942 0.471794E+00 0.770372E-01 
3.68215 0.475708E+00 0.773679E-01 
3.68488 0.460223E+00 0.764317E-01 
3.68761 0.477472E+00 0.767749E-01 
3.69035 0.459513E+00 0.768251E-01 
3.69308 0.541852E+00 0.762920E-01 
3.69581 0.472655E+00 0.763141E-01 
3.69854 0.433726E+00 0.765084E-01 
3.70128 0.536793E+00 0.772746E-01 
3.70401 0.565550E+00 0.779510E-01 
3.70674 0.482932E+00 0.771220E-01 
3.70947 0.449076E+00 0.767872E-01 
3.71221 0.400248E+00 0.766944E-01 
3.71494 0.501011E+00 0.774569E-01 
3.71767 0.483692E+00 0.760692E-01 
3.7204 0.464454E+00 0.765098E-01 
3.72313 0.436474E+00 0.760090E-01 
3.72587 0.457803E+00 0.767425E-01 
3.7286 0.504774E+00 0.769779E-01 
3.73133 0.490084E+00 0.761436E-01 
3.73406 0.464157E+00 0.758629E-01 
3.7368 0.446671E+00 0.764313E-01 
3.73953 0.433849E+00 0.748360E-01 
3.74226 0.472678E+00 0.758398E-01 
3.74499 0.510852E+00 0.764479E-01 
3.74773 0.489727E+00 0.768788E-01 
3.75046 0.466975E+00 0.769472E-01 
3.75319 0.425123E+00 0.763802E-01 
3.75592 0.393428E+00 0.766161E-01 
3.75865 0.474704E+00 0.759102E-01 
3.76139 0.485829E+00 0.769823E-01 
3.76412 0.516102E+00 0.771735E-01 
3.76685 0.526752E+00 0.770947E-01 
3.76958 0.508105E+00 0.753729E-01 
3.77232 0.496181E+00 0.757762E-01 
3.77505 0.492098E+00 0.763951E-01 
3.77778 0.451753E+00 0.758481E-01 
3.78051 0.434405E+00 0.760140E-01 
3.78325 0.472090E+00 0.760091E-01 
3.78598 0.472342E+00 0.768355E-01 
3.78871 0.552400E+00 0.763439E-01 
3.79144 0.490016E+00 0.756757E-01 
3.79417 0.451918E+00 0.753411E-01 
3.79691 0.435436E+00 0.756623E-01 
3.79964 0.470820E+00 0.760861E-01 
3.80237 0.478744E+00 0.747298E-01 
3.8051 0.479824E+00 0.750682E-01 
3.80784 0.442231E+00 0.754577E-01 
3.81057 0.454467E+00 0.767424E-01 
3.8133 0.454296E+00 0.770072E-01 
3.81603 0.469156E+00 0.768096E-01 
3.81877 0.423460E+00 0.766954E-01 
3.8215 0.420546E+00 0.769315E-01 
3.82423 0.457052E+00 0.771466E-01 
3.82696 0.465346E+00 0.769440E-01 
3.82969 0.438549E+00 0.761481E-01 
3.83243 0.411887E+00 0.763538E-01 
3.83516 0.417805E+00 0.758113E-01 
3.83789 0.448566E+00 0.760156E-01 
3.84062 0.466036E+00 0.766747E-01 
3.84336 0.415856E+00 0.762613E-01 
3.84609 0.455526E+00 0.763426E-01 
3.84882 0.460664E+00 0.764616E-01 
3.85155 0.409396E+00 0.751731E-01 
3.85429 0.417905E+00 0.760306E-01 
3.85702 0.425240E+00 0.756953E-01 
3.85975 0.370884E+00 0.764752E-01 
3.86248 0.462621E+00 0.760907E-01 
3.86521 0.450180E+00 0.766631E-01 
3.86795 0.409786E+00 0.760914E-01 
3.87068 0.379148E+00 0.767720E-01 
3.87341 0.413951E+00 0.756429E-01 
3.87614 0.405687E+00 0.770087E-01 
3.87888 0.425193E+00 0.762023E-01 
3.88161 0.440033E+00 0.754922E-01 
3.88434 0.465970E+00 0.770766E-01 
3.88707 0.411058E+00 0.761570E-01 
3.88981 0.459843E+00 0.750733E-01 
3.89254 0.441307E+00 0.759669E-01 
3.89527 0.505331E+00 0.767811E-01 
3.898 0.453995E+00 0.766398E-01 
3.90073 0.521046E+00 0.760434E-01 
3.90347 0.400828E+00 0.765997E-01 
3.9062 0.396720E+00 0.765252E-01 
3.90893 0.392189E+00 0.759079E-01 
3.91166 0.415471E+00 0.758396E-01 
3.9144 0.456868E+00 0.764457E-01 
3.91713 0.425568E+00 0.761182E-01 
3.91986 0.444994E+00 0.771057E-01 
3.92259 0.456287E+00 0.765725E-01 
3.92533 0.420600E+00 0.765238E-01 
3.92806 0.371239E+00 0.750644E-01 
3.93079 0.473564E+00 0.770409E-01 
3.93352 0.482801E+00 0.855042E-01 
3.93625 0.452959E+00 0.936362E-01 
3.93899 0.387330E+00 0.977763E-01 
3.94172 0.396139E+00 0.103699E+00 
3.94445 0.328564E+00 0.107176E+00 
3.94718 0.404786E+00 0.109570E+00 
3.94992 0.488756E+00 0.115546E+00 
3.95265 0.418039E+00 0.118364E+00 
3.95538 0.378062E+00 0.123755E+00 
3.95811 0.451539E+00 0.122543E+00 
3.96085 0.412844E+00 0.101987E+00 
3.96358 0.463057E+00 0.928109E-01 
3.96631 0.444744E+00 0.888202E-01 
3.96904 0.403539E+00 0.875541E-01 
3.97177 0.386889E+00 0.855325E-01 
3.97451 0.345925E+00 0.856694E-01 
3.97724 0.386578E+00 0.842615E-01 
3.97997 0.468724E+00 0.855684E-01 
3.9827 0.375864E+00 0.843759E-01 
3.98544 0.370626E+00 0.845767E-01 
3.98817 0.372859E+00 0.829280E-01 
3.9909 0.388905E+00 0.826874E-01 
3.99363 0.392336E+00 0.810605E-01 
3.99637 0.470272E+00 0.823599E-01 
3.9991 0.389365E+00 0.816445E-01 
4.00183 0.383390E+00 0.820258E-01 
4.00456 0.399917E+00 0.814581E-01 
4.0073 0.355295E+00 0.814124E-01 
4.01003 0.393234E+00 0.809015E-01 
4.01276 0.422155E+00 0.792883E-01 
4.01549 0.373048E+00 0.790092E-01 
4.01822 0.408189E+00 0.782695E-01 
4.02096 0.471653E+00 0.782142E-01 
4.02369 0.504481E+00 0.783143E-01 
4.02642 0.503887E+00 0.778439E-01 
4.02915 0.465433E+00 0.771464E-01 
4.03189 0.399171E+00 0.777918E-01 
4.03462 0.410480E+00 0.752063E-01 
4.03735 0.450010E+00 0.757569E-01 
4.04008 0.507038E+00 0.761104E-01 
4.04282 0.462637E+00 0.765580E-01 
4.04555 0.402870E+00 0.760840E-01 
4.04828 0.388040E+00 0.758585E-01 
4.05101 0.400441E+00 0.764763E-01 
4.05374 0.416030E+00 0.751993E-01 
4.05648 0.354070E+00 0.747467E-01 
4.05921 0.411944E+00 0.738831E-01 
4.06194 0.427971E+00 0.756585E-01 
4.06467 0.380479E+00 0.752588E-01 
4.06741 0.427353E+00 0.757925E-01 
4.07014 0.422701E+00 0.755551E-01 
4.07287 0.367761E+00 0.754749E-01 
4.0756 0.333654E+00 0.751436E-01 
4.07834 0.439342E+00 0.760378E-01 
4.08107 0.359895E+00 0.762745E-01 
4.0838 0.374328E+00 0.762062E-01 
4.08653 0.303176E+00 0.759541E-01 
4.08926 0.418462E+00 0.754625E-01 
4.092 0.428552E+00 0.752944E-01 
4.09473 0.356997E+00 0.750543E-01 
4.09746 0.396734E+00 0.759138E-01 
4.10019 0.404066E+00 0.754890E-01 
4.10293 0.473972E+00 0.755489E-01 
4.10566 0.406125E+00 0.748148E-01 
4.10839 0.402468E+00 0.756996E-01 
4.11112 0.370834E+00 0.742143E-01 
4.11386 0.300028E+00 0.736637E-01 
4.11659 0.371132E+00 0.745801E-01 
4.11932 0.388804E+00 0.743668E-01 
4.12205 0.411848E+00 0.739509E-01 
4.12478 0.433866E+00 0.740452E-01 
4.12752 0.409805E+00 0.748337E-01 
4.13025 0.355240E+00 0.745590E-01 
4.13298 0.348719E+00 0.746521E-01 
4.13571 0.318436E+00 0.738968E-01 
4.13845 0.348051E+00 0.741159E-01 
4.14118 0.379993E+00 0.749578E-01 
4.14391 0.404384E+00 0.751606E-01 
4.14664 0.377850E+00 0.759294E-01 
4.14938 0.383910E+00 0.749944E-01 
4.15211 0.391311E+00 0.754911E-01 
4.15484 0.432795E+00 0.755153E-01 
4.15757 0.460509E+00 0.748889E-01 
4.1603 0.403091E+00 0.748149E-01 
4.16304 0.431080E+00 0.756738E-01 
4.16577 0.427368E+00 0.746677E-01 
4.1685 0.342627E+00 0.737719E-01 
4.17123 0.360829E+00 0.749012E-01 
4.17397 0.409581E+00 0.751382E-01 
4.1767 0.391498E+00 0.748611E-01 
4.17943 0.370658E+00 0.746367E-01 
4.18216 0.404373E+00 0.738663E-01 
4.1849 0.378634E+00 0.733717E-01 
4.18763 0.400781E+00 0.736193E-01 
4.19036 0.378142E+00 0.736982E-01 
4.19309 0.402183E+00 0.745379E-01 
4.19582 0.364391E+00 0.747820E-01 
4.19856 0.341771E+00 0.747123E-01 
4.20129 0.458686E+00 0.750458E-01 
4.20402 0.375825E+00 0.741897E-01 
4.20675 0.337539E+00 0.733976E-01 
4.20949 0.352135E+00 0.736495E-01 
4.21222 0.365288E+00 0.734174E-01 
4.21495 0.367127E+00 0.737500E-01 
4.21768 0.393727E+00 0.735944E-01 
4.22042 0.409486E+00 0.744356E-01 
4.22315 0.315642E+00 0.740353E-01 
4.22588 0.309643E+00 0.740141E-01 
4.22861 0.310629E+00 0.747266E-01 
4.23134 0.315365E+00 0.751395E-01 
4.23408 0.370759E+00 0.741725E-01 
4.23681 0.402978E+00 0.731361E-01 
4.23954 0.404623E+00 0.735344E-01 
4.24227 0.414783E+00 0.737571E-01 
4.24501 0.352703E+00 0.742577E-01 
4.24774 0.361160E+00 0.724668E-01 
4.25047 0.407873E+00 0.731745E-01 
4.2532 0.411210E+00 0.736121E-01 
4.25594 0.372875E+00 0.721833E-01 
4.25867 0.332436E+00 0.733514E-01 
4.2614 0.401003E+00 0.731398E-01 
4.26413 0.403636E+00 0.733376E-01 
4.26686 0.400078E+00 0.737128E-01 
4.2696 0.278908E+00 0.741082E-01 
4.27233 0.396694E+00 0.729731E-01 
4.27506 0.400112E+00 0.726845E-01 
4.27779 0.395359E+00 0.735607E-01 
4.28053 0.360194E+00 0.735335E-01 
4.28326 0.348691E+00 0.740953E-01 
4.28599 0.368045E+00 0.742917E-01 
4.28872 0.354161E+00 0.733270E-01 
4.29146 0.325272E+00 0.733044E-01 
4.29419 0.330926E+00 0.725369E-01 
4.29692 0.312193E+00 0.733592E-01 
4.29965 0.320741E+00 0.745674E-01 
4.30238 0.420182E+00 0.740163E-01 
4.30512 0.391756E+00 0.738983E-01 
4.30785 0.319020E+00 0.723184E-01 
4.31058 0.397123E+00 0.729980E-01 
4.31331 0.368721E+00 0.733675E-01 
4.31605 0.398516E+00 0.740032E-01 
4.31878 0.376368E+00 0.741247E-01 
4.32151 0.370862E+00 0.733494E-01 
4.32424 0.351057E+00 0.728644E-01 
4.32698 0.314457E+00 0.726967E-01 
4.32971 0.328005E+00 0.717387E-01 
4.33244 0.339544E+00 0.726352E-01 
4.33517 0.322555E+00 0.725812E-01 
4.3379 0.365765E+00 0.735617E-01 
4.34064 0.443922E+00 0.744579E-01 
4.34337 0.350388E+00 0.734714E-01 
4.3461 0.335394E+00 0.739224E-01 
4.34883 0.344657E+00 0.729140E-01 
4.35157 0.394673E+00 0.730359E-01 
4.3543 0.452212E+00 0.734696E-01 
4.35703 0.387859E+00 0.723241E-01 
4.35976 0.295971E+00 0.726591E-01 
4.3625 0.315966E+00 0.728967E-01 
4.36523 0.318055E+00 0.721290E-01 
4.36796 0.356599E+00 0.740732E-01 
4.37069 0.385385E+00 0.730695E-01 
4.37342 0.399316E+00 0.728398E-01 
4.37616 0.325640E+00 0.729908E-01 
4.37889 0.370184E+00 0.729350E-01 
4.38162 0.292461E+00 0.720733E-01 
4.38435 0.343832E+00 0.724258E-01 
4.38709 0.346121E+00 0.729248E-01 
4.38982 0.298911E+00 0.727406E-01 
4.39255 0.287941E+00 0.713598E-01 
4.39528 0.263605E+00 0.716477E-01 
4.39802 0.331291E+00 0.722281E-01 
4.40075 0.401029E+00 0.724349E-01 
4.40348 0.358668E+00 0.719114E-01 
4.40621 0.339330E+00 0.726652E-01 
4.40894 0.323887E+00 0.726399E-01 
4.41168 0.271439E+00 0.729157E-01 
4.41441 0.306621E+00 0.721052E-01 
4.41714 0.306371E+00 0.730357E-01 
4.41987 0.337640E+00 0.725820E-01 
4.42261 0.295784E+00 0.713276E-01 
4.42534 0.293594E+00 0.722127E-01 
4.42807 0.339079E+00 0.717195E-01 
4.4308 0.318641E+00 0.718013E-01 
4.43354 0.374383E+00 0.720116E-01 
4.43627 0.347371E+00 0.722823E-01 
4.439 0.295464E+00 0.727058E-01 
4.44173 0.375743E+00 0.728362E-01 
4.44446 0.343172E+00 0.726189E-01 
4.4472 0.323220E+00 0.725803E-01 
4.44993 0.279536E+00 0.719473E-01 
4.45266 0.345580E+00 0.722878E-01 
4.45539 0.412269E+00 0.712994E-01 
4.45813 0.363507E+00 0.715570E-01 
4.46086 0.361746E+00 0.717068E-01 
4.46359 0.321021E+00 0.713577E-01 
4.46632 0.243560E+00 0.720041E-01 
4.46906 0.266001E+00 0.722292E-01 
4.47179 0.298526E+00 0.725934E-01 
4.47452 0.384517E+00 0.729189E-01 
4.47725 0.367885E+00 0.712946E-01 
4.47998 0.403453E+00 0.716312E-01 
4.48272 0.320954E+00 0.717038E-01 
4.48545 0.320993E+00 0.704977E-01 
4.48818 0.291475E+00 0.718252E-01 
4.49091 0.329931E+00 0.716729E-01 
4.49365 0.307457E+00 0.719367E-01 
4.49638 0.289964E+00 0.718791E-01 
4.49911 0.373775E+00 0.724552E-01 
4.50184 0.275788E+00 0.724572E-01 
4.50458 0.308645E+00 0.722566E-01 
4.50731 0.331326E+00 0.714166E-01 
4.51004 0.312781E+00 0.722681E-01 
4.51277 0.362267E+00 0.721759E-01 
4.5155 0.285993E+00 0.722932E-01 
4.51824 0.350232E+00 0.714798E-01 
4.52097 0.351047E+00 0.720861E-01 
4.5237 0.275108E+00 0.715969E-01 
4.52643 0.382696E+00 0.718782E-01 
4.52917 0.353050E+00 0.718373E-01 
4.5319 0.260658E+00 0.711814E-01 
4.53463 0.367058E+00 0.719801E-01 
4.53736 0.338468E+00 0.711233E-01 
4.5401 0.362059E+00 0.709947E-01 
4.54283 0.433537E+00 0.730193E-01 
4.54556 0.353236E+00 0.728508E-01 
4.54829 0.317092E+00 0.709837E-01 
4.55102 0.295942E+00 0.706679E-01 
4.55376 0.293607E+00 0.713055E-01 
4.55649 0.300298E+00 0.712829E-01 
4.55922 0.321956E+00 0.720217E-01 
4.56195 0.377533E+00 0.713555E-01 
4.56469 0.318578E+00 0.717156E-01 
4.56742 0.334306E+00 0.717237E-01 
4.57015 0.393927E+00 0.714431E-01 
4.57288 0.383790E+00 0.710886E-01 
4.57562 0.323579E+00 0.711886E-01 
4.57835 0.306039E+00 0.710789E-01 
4.58108 0.361920E+00 0.717333E-01 
4.58381 0.341704E+00 0.724298E-01 
4.58654 0.356877E+00 0.717317E-01 
4.58928 0.344581E+00 0.714149E-01 
4.59201 0.354963E+00 0.717041E-01 
4.59474 0.372047E+00 0.713891E-01 
4.59747 0.359059E+00 0.712620E-01 
4.60021 0.302700E+00 0.713126E-01 
4.60294 0.320315E+00 0.709505E-01 
4.60567 0.281504E+00 0.714168E-01 
4.6084 0.312104E+00 0.710360E-01 
4.61114 0.330832E+00 0.707074E-01 
4.61387 0.368023E+00 0.706953E-01 
4.6166 0.303477E+00 0.711378E-01 
4.61933 0.305875E+00 0.706110E-01 
4.62206 0.309794E+00 0.700706E-01 
4.6248 0.299340E+00 0.712897E-01 
4.62753 0.310908E+00 0.708791E-01 
4.63026 0.309954E+00 0.697462E-01 
4.63299 0.204368E+00 0.705229E-01 
4.63573 0.277041E+00 0.713980E-01 
4.63846 0.311521E+00 0.709314E-01 
4.64119 0.339527E+00 0.718550E-01 
4.64392 0.310793E+00 0.702998E-01 
4.64666 0.327841E+00 0.704885E-01 
4.64939 0.316330E+00 0.706293E-01 
4.65212 0.348428E+00 0.705022E-01 
4.65485 0.214364E+00 0.703750E-01 
4.65758 0.261057E+00 0.699639E-01 
4.66032 0.273242E+00 0.707873E-01 
4.66305 0.274827E+00 0.707217E-01 
4.66578 0.329876E+00 0.696562E-01 
4.66851 0.394969E+00 0.695128E-01 
4.67125 0.308411E+00 0.711634E-01 
4.67398 0.260035E+00 0.707001E-01 
4.67671 0.394369E+00 0.708523E-01 
4.67944 0.319045E+00 0.701074E-01 
4.68218 0.290960E+00 0.700121E-01 
4.68491 0.351545E+00 0.706240E-01 
4.68764 0.295310E+00 0.718548E-01 
4.69037 0.262380E+00 0.703099E-01 
4.6931 0.224183E+00 0.693812E-01 
4.69584 0.291126E+00 0.703950E-01 
4.69857 0.346075E+00 0.711415E-01 
4.7013 0.304319E+00 0.717070E-01 
4.70403 0.312069E+00 0.711421E-01 
4.70677 0.257761E+00 0.709332E-01 
4.7095 0.284491E+00 0.713071E-01 
4.71223 0.312981E+00 0.711337E-01 
4.71496 0.328828E+00 0.710501E-01 
4.7177 0.358310E+00 0.703485E-01 
4.72043 0.278714E+00 0.705528E-01 
4.72316 0.329663E+00 0.707907E-01 
4.72589 0.285744E+00 0.708177E-01 
4.72862 0.323195E+00 0.709846E-01 
4.73136 0.319749E+00 0.706371E-01 
4.73409 0.271209E+00 0.709643E-01 
4.73682 0.218451E+00 0.717282E-01 
4.73955 0.276557E+00 0.709333E-01 
4.74229 0.296203E+00 0.702967E-01 
4.74502 0.313701E+00 0.699834E-01 
4.74775 0.268724E+00 0.704482E-01 
4.75048 0.289821E+00 0.705120E-01 
4.75322 0.272342E+00 0.700781E-01 
4.75595 0.292954E+00 0.703584E-01 
4.75868 0.299944E+00 0.706358E-01 
4.76141 0.270149E+00 0.702158E-01 
4.76414 0.293876E+00 0.703128E-01 
4.76688 0.247209E+00 0.706521E-01 
4.76961 0.307039E+00 0.698037E-01 
4.77234 0.258891E+00 0.700292E-01 
4.77507 0.297076E+00 0.708457E-01 
4.77781 0.289464E+00 0.701956E-01 
4.78054 0.295256E+00 0.706813E-01 
4.78327 0.240653E+00 0.699085E-01 
4.786 0.279007E+00 0.697849E-01 
4.78874 0.274732E+00 0.700731E-01 
4.79147 0.238535E+00 0.701689E-01 
4.7942 0.244733E+00 0.692487E-01 
4.79693 0.302740E+00 0.697949E-01 
4.79966 0.285693E+00 0.702512E-01 
4.8024 0.313151E+00 0.698914E-01 
4.80513 0.331530E+00 0.696225E-01 
4.80786 0.267113E+00 0.704580E-01 
4.81059 0.245631E+00 0.701145E-01 
4.81333 0.289791E+00 0.701116E-01 
4.81606 0.358914E+00 0.698560E-01 
4.81879 0.283353E+00 0.691843E-01 
4.82152 0.219096E+00 0.696229E-01 
4.82426 0.200674E+00 0.705620E-01 
4.82699 0.360123E+00 0.701921E-01 
4.82972 0.329418E+00 0.693310E-01 
4.83245 0.312812E+00 0.700711E-01 
4.83518 0.282686E+00 0.702294E-01 
4.83792 0.206281E+00 0.702468E-01 
4.84065 0.219718E+00 0.701353E-01 
4.84338 0.218729E+00 0.702270E-01 
4.84611 0.348093E+00 0.706221E-01 
4.84885 0.283204E+00 0.696979E-01 
4.85158 0.285581E+00 0.699722E-01 
4.85431 0.310014E+00 0.699243E-01 
4.85704 0.290483E+00 0.692297E-01 
4.85978 0.313530E+00 0.687602E-01 
4.86251 0.320631E+00 0.688946E-01 
4.86524 0.319198E+00 0.695660E-01 
4.86797 0.291168E+00 0.700292E-01 
4.8707 0.313930E+00 0.693062E-01 
4.87344 0.287819E+00 0.694403E-01 
4.87617 0.311674E+00 0.696206E-01 
4.8789 0.370304E+00 0.693596E-01 
4.88163 0.295626E+00 0.695494E-01 
4.88437 0.288043E+00 0.698413E-01 
4.8871 0.285228E+00 0.701023E-01 
4.88983 0.316817E+00 0.705294E-01 
4.89256 0.262835E+00 0.694252E-01 
4.8953 0.268154E+00 0.695667E-01 
4.89803 0.272814E+00 0.707612E-01 
4.90076 0.325974E+00 0.692197E-01 
4.90349 0.240344E+00 0.700333E-01 
4.90622 0.293735E+00 0.706537E-01 
4.90896 0.283127E+00 0.705018E-01 
4.91169 0.259367E+00 0.693160E-01 
4.91442 0.225595E+00 0.691206E-01 
4.91715 0.325016E+00 0.702095E-01 
4.91989 0.328611E+00 0.695261E-01 
4.92262 0.294207E+00 0.693028E-01 
4.92535 0.290554E+00 0.690593E-01 
4.92808 0.392895E+00 0.694411E-01 
4.93082 0.264060E+00 0.685105E-01 
4.93355 0.227783E+00 0.686545E-01 
4.93628 0.238999E+00 0.695565E-01 
4.93901 0.305215E+00 0.700095E-01 
4.94174 0.255638E+00 0.694341E-01 
4.94448 0.275771E+00 0.684907E-01 
4.94721 0.292044E+00 0.686303E-01 
4.94994 0.221040E+00 0.698773E-01 
4.95267 0.250726E+00 0.695074E-01 
4.95541 0.236081E+00 0.692717E-01 
4.95814 0.218045E+00 0.695959E-01 
4.96087 0.302207E+00 0.702110E-01 
4.9636 0.140480E+00 0.697147E-01 
4.96634 -0.424150E+00 0.710664E-01 
4.96907 0.177102E+00 0.695381E-01 
4.9718 0.223940E+00 0.686172E-01 
4.97453 0.227720E+00 0.694715E-01 
4.97726 0.288652E+00 0.696536E-01 
4.98 0.261940E+00 0.688873E-01 
4.98273 0.282251E+00 0.694263E-01 
4.98546 0.316351E+00 0.697577E-01 
4.98819 0.326863E+00 0.686348E-01 
4.99093 0.280226E+00 0.687506E-01 
4.99366 0.359499E+00 0.686515E-01 
4.99639 0.320395E+00 0.691279E-01 
4.99912 0.281310E+00 0.689874E-01 
5.00186 0.255068E+00 0.691064E-01 
5.00459 0.254499E+00 0.693717E-01 
5.00732 0.291328E+00 0.686691E-01 
5.01005 0.313132E+00 0.681124E-01 
5.01278 0.309602E+00 0.676777E-01 
5.01552 0.315930E+00 0.689680E-01 
5.01825 0.264470E+00 0.686933E-01 
5.02098 0.286521E+00 0.692553E-01 
5.02371 0.230994E+00 0.690966E-01 
5.02645 0.334669E+00 0.698743E-01 
5.02918 0.235651E+00 0.691593E-01 
5.03191 0.255655E+00 0.693160E-01 
5.03464 0.226122E+00 0.684155E-01 
5.03738 0.247961E+00 0.683928E-01 
5.04011 0.289120E+00 0.697048E-01 
5.04284 0.245524E+00 0.693068E-01 
5.04557 0.238527E+00 0.686441E-01 
5.0483 0.196818E+00 0.692064E-01 
5.05104 0.153121E+00 0.689245E-01 
5.05377 0.264900E+00 0.678906E-01 
5.0565 0.250728E+00 0.687120E-01 
5.05923 0.223595E+00 0.689225E-01 
5.06197 0.232745E+00 0.693324E-01 
5.0647 0.241672E+00 0.684400E-01 
5.06743 0.258227E+00 0.679609E-01 
5.07016 0.212967E+00 0.677741E-01 
5.0729 0.222000E+00 0.682734E-01 
5.07563 0.279735E+00 0.689670E-01 
5.07836 0.334333E+00 0.693379E-01 
5.08109 0.284443E+00 0.688761E-01 
5.08382 0.221039E+00 0.690830E-01 
5.08656 0.231880E+00 0.693060E-01 
5.08929 0.317935E+00 0.690051E-01 
5.09202 0.279255E+00 0.693309E-01 
5.09475 0.235756E+00 0.683555E-01 
5.09749 0.203534E+00 0.686875E-01 
5.10022 0.222738E+00 0.686870E-01 
5.10295 0.267872E+00 0.694210E-01 
5.10568 0.264518E+00 0.685150E-01 
5.10842 0.234810E+00 0.691641E-01 
5.11115 0.283825E+00 0.695922E-01 
5.11388 0.243968E+00 0.700690E-01 
5.11661 0.247529E+00 0.686045E-01 
5.11934 0.232011E+00 0.682131E-01 
5.12208 0.240439E+00 0.692689E-01 
5.12481 0.254612E+00 0.675105E-01 
5.12754 0.209812E+00 0.684088E-01 
5.13027 0.187336E+00 0.692004E-01 
5.13301 0.203518E+00 0.687047E-01 
5.13574 0.254655E+00 0.688336E-01 
5.13847 0.259153E+00 0.685036E-01 
5.1412 0.257364E+00 0.687971E-01 
5.14394 0.191090E+00 0.694885E-01 
5.14667 0.211344E+00 0.688941E-01 
5.1494 0.236063E+00 0.697787E-01 
5.15213 0.273410E+00 0.696372E-01 
5.15486 0.219365E+00 0.685767E-01 
5.1576 0.191207E+00 0.691196E-01 
5.16033 0.226109E+00 0.696689E-01 
5.16306 0.264305E+00 0.693677E-01 
5.16579 0.307148E+00 0.686216E-01 
5.16853 0.240575E+00 0.680045E-01 
5.17126 0.256772E+00 0.679456E-01 
5.17399 0.315418E+00 0.686557E-01 
5.17672 0.276088E+00 0.693037E-01 
5.17946 0.244428E+00 0.690684E-01 
5.18219 0.284973E+00 0.685423E-01 
5.18492 0.251558E+00 0.689084E-01 
5.18765 0.203916E+00 0.683558E-01 
5.19038 0.193992E+00 0.679264E-01 
5.19312 0.203965E+00 0.681382E-01 
5.19585 0.272302E+00 0.688167E-01 
5.19858 0.268947E+00 0.683788E-01 
5.20131 0.308665E+00 0.682499E-01 
5.20405 0.258954E+00 0.685924E-01 
5.20678 0.294277E+00 0.692221E-01 
5.20951 0.232751E+00 0.689013E-01 
5.21224 0.244675E+00 0.688155E-01 
5.21498 0.228509E+00 0.686143E-01 
5.21771 0.256121E+00 0.689993E-01 
5.22044 0.191335E+00 0.692093E-01 
5.22317 0.323310E+00 0.687384E-01 
5.2259 0.292758E+00 0.689235E-01 
5.22864 0.228850E+00 0.692287E-01 
5.23137 0.251717E+00 0.684701E-01 
5.2341 0.236470E+00 0.681925E-01 
5.23683 0.223633E+00 0.674951E-01 
5.23957 0.247279E+00 0.688031E-01 
5.2423 0.287497E+00 0.685400E-01 
5.24503 0.245682E+00 0.677577E-01 
5.24776 0.221906E+00 0.677212E-01 
5.2505 0.246519E+00 0.684371E-01 
5.25323 0.214360E+00 0.695547E-01 
5.25596 0.193630E+00 0.693006E-01 
5.25869 0.237901E+00 0.685099E-01 
5.26142 0.313677E+00 0.684192E-01 
5.26416 0.211114E+00 0.690151E-01 
5.26689 0.214495E+00 0.695544E-01 
5.26962 0.300703E+00 0.676396E-01 
5.27235 0.227809E+00 0.681944E-01 
5.27509 0.220035E+00 0.684764E-01 
5.27782 0.206189E+00 0.683710E-01 
5.28055 0.189830E+00 0.704468E-01 
5.28328 0.297048E+00 0.810332E-01 
5.28602 0.143415E+00 0.885775E-01 
5.28875 0.224701E+00 0.954159E-01 
5.29148 0.319453E+00 0.986075E-01 
5.29421 0.306466E+00 0.104178E+00 
5.29694 0.218075E+00 0.109247E+00 
5.29968 0.243355E+00 0.115105E+00 
5.30241 0.155082E+00 0.121614E+00 
5.30514 0.117518E+00 0.124149E+00 
5.30787 0.194291E+00 0.926240E-01 
5.31061 0.180338E+00 0.817423E-01 
5.31334 0.279432E+00 0.799567E-01 
5.31607 0.214398E+00 0.785912E-01 
5.3188 0.238634E+00 0.754043E-01 
5.32154 0.224340E+00 0.754351E-01 
5.32427 0.183975E+00 0.759838E-01 
5.327 0.189238E+00 0.753443E-01 
5.32973 0.238846E+00 0.749035E-01 
5.33246 0.257339E+00 0.754882E-01 
5.3352 0.296927E+00 0.755839E-01 
5.33793 0.266201E+00 0.751134E-01 
5.34066 0.203675E+00 0.733811E-01 
5.34339 0.164321E+00 0.721775E-01 
5.34613 0.235614E+00 0.719594E-01 
5.34886 0.304738E+00 0.715858E-01 
5.35159 0.216217E+00 0.699046E-01 
5.35432 0.304903E+00 0.709915E-01 
5.35706 0.296658E+00 0.697643E-01 
5.35979 0.311855E+00 0.697889E-01 
5.36252 0.237231E+00 0.685019E-01 
5.36525 0.152649E+00 0.664926E-01 
5.36798 0.132796E+00 0.668047E-01 
5.37072 0.122707E+00 0.681765E-01 
5.37345 0.232509E+00 0.680966E-01 
5.37618 0.219841E+00 0.678415E-01 
5.37891 0.135586E+00 0.680887E-01 
5.38165 0.224780E+00 0.679015E-01 
5.38438 0.179947E+00 0.670857E-01 
5.38711 0.231843E+00 0.670664E-01 
5.38984 0.235704E+00 0.669868E-01 
5.39258 0.250051E+00 0.677552E-01 
5.39531 0.238737E+00 0.667780E-01 
5.39804 0.251733E+00 0.674173E-01 
5.40077 0.228702E+00 0.675348E-01 
5.4035 0.218634E+00 0.669330E-01 
5.40624 0.248356E+00 0.674039E-01 
5.40897 0.250414E+00 0.672140E-01 
5.4117 0.226701E+00 0.665744E-01 
5.41443 0.243409E+00 0.671424E-01 
5.41717 0.206802E+00 0.673755E-01 
5.4199 0.229193E+00 0.675622E-01 
5.42263 0.231207E+00 0.674513E-01 
5.42536 0.219797E+00 0.674921E-01 
5.4281 0.296141E+00 0.670633E-01 
5.43083 0.264221E+00 0.675728E-01 
5.43356 0.228831E+00 0.663707E-01 
5.43629 0.192095E+00 0.666142E-01 
5.43902 0.183642E+00 0.672445E-01 
5.44176 0.206620E+00 0.672217E-01 
5.44449 0.147337E+00 0.670666E-01 
5.44722 0.146400E+00 0.662578E-01 
5.44995 0.154493E+00 0.668696E-01 
5.45269 0.177914E+00 0.662632E-01 
5.45542 0.192469E+00 0.670684E-01 
5.45815 0.174714E+00 0.672374E-01 
5.46088 0.314070E+00 0.656174E-01 
5.46362 0.233600E+00 0.672023E-01 
5.46635 0.191777E+00 0.665233E-01 
5.46908 0.253019E+00 0.671208E-01 
5.47181 0.220419E+00 0.656058E-01 
5.47454 0.209246E+00 0.663000E-01 
5.47728 0.230629E+00 0.668644E-01 
5.48001 0.229518E+00 0.669525E-01 
5.48274 0.251538E+00 0.665742E-01 
5.48547 0.242129E+00 0.661886E-01 
5.48821 0.254139E+00 0.660328E-01 
5.49094 0.218762E+00 0.659218E-01 
5.49367 0.265910E+00 0.666492E-01 
5.4964 0.186216E+00 0.657067E-01 
5.49914 0.135475E+00 0.662300E-01 
5.50187 0.236218E+00 0.663717E-01 
5.5046 0.165741E+00 0.662744E-01 
5.50733 0.238291E+00 0.663137E-01 
5.51006 0.218928E+00 0.657670E-01 
5.5128 0.209222E+00 0.657290E-01 
5.51553 0.209421E+00 0.660923E-01 
5.51826 0.232154E+00 0.664571E-01 
5.52099 0.261729E+00 0.681947E-01 
5.52373 0.265771E+00 0.797936E-01 
5.52646 0.172801E+00 0.873928E-01 
5.52919 0.138009E+00 0.905812E-01 
5.53192 0.220719E+00 0.785765E-01 
5.53466 0.203412E+00 0.722810E-01 
5.53739 0.259784E+00 0.706389E-01 
5.54012 0.204967E+00 0.684619E-01 
5.54285 0.216223E+00 0.684118E-01 
5.54558 0.238576E+00 0.676484E-01 
5.54832 0.264168E+00 0.692945E-01 
5.55105 0.239464E+00 0.699137E-01 
5.55378 0.169063E+00 0.689345E-01 
5.55651 0.190848E+00 0.674777E-01 
5.55925 0.120261E+00 0.677251E-01 
5.56198 0.127179E+00 0.673455E-01 
5.56471 0.171373E+00 0.680920E-01 
5.56744 0.225863E+00 0.674414E-01 
5.57018 0.176705E+00 0.677423E-01 
5.57291 0.183566E+00 0.674599E-01 
5.57564 0.191811E+00 0.678911E-01 
5.57837 0.165681E+00 0.671420E-01 
5.5811 0.286765E+00 0.669730E-01 
5.58384 0.201314E+00 0.663194E-01 
5.58657 0.195737E+00 0.656419E-01 
5.5893 0.197756E+00 0.656280E-01 
5.59203 0.191377E+00 0.661920E-01 
5.59477 0.299938E+00 0.666491E-01 
5.5975 0.273095E+00 0.659198E-01 
5.60023 0.216789E+00 0.661240E-01 
5.60296 0.214428E+00 0.661662E-01 
5.6057 0.229100E+00 0.664144E-01 
5.60843 0.191127E+00 0.659781E-01 
5.61116 0.188680E+00 0.660606E-01 
5.61389 0.241083E+00 0.659885E-01 
5.61662 0.181245E+00 0.654470E-01 
5.61936 0.179779E+00 0.663076E-01 
5.62209 0.297390E+00 0.657262E-01 
5.62482 0.216970E+00 0.666298E-01 
5.62755 0.168031E+00 0.657530E-01 
5.63029 0.179535E+00 0.655140E-01 
5.63302 0.147475E+00 0.655892E-01 
5.63575 0.113966E+00 0.657729E-01 
5.63848 0.186313E+00 0.654131E-01 
5.64122 0.200120E+00 0.649775E-01 
5.64395 0.170306E+00 0.661707E-01 
5.64668 0.200874E+00 0.667033E-01 
5.64941 0.192705E+00 0.659954E-01 
5.65214 0.177133E+00 0.664690E-01 
5.65488 0.188651E+00 0.667379E-01 
5.65761 0.285323E+00 0.657587E-01 
5.66034 0.174283E+00 0.650856E-01 
5.66307 0.218240E+00 0.644876E-01 
5.66581 0.194980E+00 0.654630E-01 
5.66854 0.228574E+00 0.655919E-01 
5.67127 0.229593E+00 0.651515E-01 
5.674 0.212472E+00 0.649347E-01 
5.67674 0.232551E+00 0.662716E-01 
5.67947 0.242312E+00 0.653978E-01 
5.6822 0.218448E+00 0.648002E-01 
5.68493 0.205496E+00 0.655738E-01 
5.68766 0.180615E+00 0.652597E-01 
5.6904 0.253316E+00 0.641491E-01 
5.69313 0.256280E+00 0.651317E-01 
5.69586 0.132979E+00 0.658985E-01 
5.69859 0.175744E+00 0.649376E-01 
5.70133 0.143073E+00 0.657884E-01 
5.70406 0.248394E+00 0.659125E-01 
5.70679 0.194721E+00 0.657817E-01 
5.70952 0.237163E+00 0.646347E-01 
5.71226 0.234609E+00 0.654732E-01 
5.71499 0.256294E+00 0.657276E-01 
5.71772 0.218331E+00 0.649318E-01 
5.72045 0.195545E+00 0.650481E-01 
5.72318 0.194924E+00 0.655530E-01 
5.72592 0.146024E+00 0.648280E-01 
5.72865 0.167934E+00 0.656914E-01 
5.73138 0.157009E+00 0.661614E-01 
5.73411 0.150277E+00 0.656486E-01 
5.73685 0.187796E+00 0.651514E-01 
5.73958 0.232840E+00 0.653884E-01 
5.74231 0.243737E+00 0.658938E-01 
5.74504 0.238677E+00 0.650128E-01 
5.74778 0.174107E+00 0.648510E-01 
5.75051 0.162623E+00 0.646575E-01 
5.75324 0.158692E+00 0.649623E-01 
5.75597 0.216034E+00 0.647425E-01 
5.7587 0.204886E+00 0.645406E-01 
5.76144 0.220039E+00 0.646651E-01 
5.76417 0.224879E+00 0.655806E-01 
5.7669 0.205269E+00 0.660123E-01 
5.76963 0.213177E+00 0.652219E-01 
5.77237 0.195435E+00 0.651528E-01 
5.7751 0.193724E+00 0.646585E-01 
5.77783 0.227544E+00 0.654192E-01 
5.78056 0.219741E+00 0.662467E-01 
5.7833 0.162550E+00 0.653073E-01 
5.78603 0.198575E+00 0.651272E-01 
5.78876 0.207015E+00 0.648777E-01 
5.79149 0.226146E+00 0.660322E-01 
5.79422 0.217680E+00 0.656641E-01 
5.79696 0.145537E+00 0.653872E-01 
5.79969 0.137535E+00 0.651099E-01 
5.80242 0.182403E+00 0.645852E-01 
5.80515 0.159398E+00 0.638447E-01 
5.80789 0.185970E+00 0.640982E-01 
5.81062 0.208164E+00 0.639796E-01 
5.81335 0.227825E+00 0.649409E-01 
5.81608 0.229793E+00 0.647795E-01 
5.81882 0.164165E+00 0.652481E-01 
5.82155 0.210850E+00 0.648130E-01 
5.82428 0.166458E+00 0.650746E-01 
5.82701 0.192205E+00 0.647934E-01 
5.82974 0.184750E+00 0.651424E-01 
5.83248 0.175640E+00 0.654057E-01 
5.83521 0.141562E+00 0.654808E-01 
5.83794 0.160752E+00 0.657600E-01 
5.84067 0.162872E+00 0.653097E-01 
5.84341 0.185681E+00 0.652136E-01 
5.84614 0.182440E+00 0.656726E-01 
5.84887 0.175982E+00 0.644922E-01 
5.8516 0.177033E+00 0.649236E-01 
5.85434 0.174215E+00 0.652798E-01 
5.85707 0.196267E+00 0.658210E-01 
5.8598 0.189009E+00 0.655445E-01 
5.86253 0.185169E+00 0.650235E-01 
5.86526 0.204148E+00 0.646669E-01 
5.868 0.191144E+00 0.643340E-01 
5.87073 0.162092E+00 0.639811E-01 
5.87346 0.201646E+00 0.638303E-01 
5.87619 0.155028E+00 0.640546E-01 
5.87893 0.115854E+00 0.647311E-01 
5.88166 0.135467E+00 0.649667E-01 
5.88439 0.149855E+00 0.649957E-01 
5.88712 0.200014E+00 0.651047E-01 
5.88986 0.228542E+00 0.650522E-01 
5.89259 0.236828E+00 0.649386E-01 
5.89532 0.249569E+00 0.659921E-01 
5.89805 0.167656E+00 0.666516E-01 
5.90078 0.191980E+00 0.654683E-01 
5.90352 0.185197E+00 0.652504E-01 
5.90625 0.204721E+00 0.645867E-01 
5.90898 0.211759E+00 0.650437E-01 
5.91171 0.111543E+00 0.649833E-01 
5.91445 0.171520E+00 0.650296E-01 
5.91718 0.147066E+00 0.640431E-01 
5.91991 0.164545E+00 0.636151E-01 
5.92264 0.193956E+00 0.642915E-01 
5.92538 0.179273E+00 0.645998E-01 
5.92811 0.199921E+00 0.652022E-01 
5.93084 0.157497E+00 0.656371E-01 
