# SAXS profile: number of points = 500, q_min = 0, q_max = 0.5, delta_q = 0.001
#    q    intensity 
0.00000    16326415.42912670 
0.00100    16324049.83042768 
0.00200    16316954.41633189 
0.00300    16305135.99048560 
0.00400    16288601.90088710 
0.00500    16267368.64298975 
0.00600    16241450.85533773 
0.00700    16210871.74771953 
0.00800    16175652.25941902 
0.00900    16135828.80407076 
0.01000    16091422.78914896 
0.01100    16042480.59612884 
0.01200    15989032.42542154 
0.01300    15931131.62858731 
0.01400    15868813.77457243 
0.01500    15802140.65279580 
0.01600    15731150.02364750 
0.01700    15655917.87836672 
0.01800    15576488.30981092 
0.01900    15492932.44669874 
0.02000    15405311.54984133 
0.02100    15313708.45178401 
0.02200    15218170.98429171 
0.02300    15118795.58802929 
0.02400    15015647.81653429 
0.02500    14908819.27906804 
0.02600    14798383.38749450 
0.02700    14684433.57947659 
0.02800    14567040.52859958 
0.02900    14446319.27449409 
0.03000    14322342.36202315 
0.03100    14195212.64831669 
0.03200    14065018.77464418 
0.03300    13931879.29229136 
0.03400    13795863.66978849 
0.03500    13657096.34395527 
0.03600    13515663.57062170 
0.03700    13371685.02857905 
0.03800    13225253.23136984 
0.03900    13076487.47487620 
0.04000    12925470.94348799 
0.04100    12772339.82353416 
0.04200    12617188.70869411 
0.04300    12460123.32906873 
0.04400    12301259.72508079 
0.04500    12140716.00283714 
0.04600    11978580.06793090 
0.04700    11814981.91688135 
0.04800    11650022.45468655 
0.04900    11483824.64455187 
0.05000    11316481.81901758 
0.05100    11148118.01430751 
0.05200    10978821.85213829 
0.05300    10808727.80735032 
0.05400    10637929.73202527 
0.05500    10466538.28467432 
0.05600    10294651.84990838 
0.05700    10122399.03470650 
0.05800    9949856.59619431 
0.05900    9777137.43740542 
0.06000    9604347.14178715 
0.06100    9431587.82758221 
0.06200    9258957.71631238 
0.06300    9086554.78014262 
0.06400    8914456.11929736 
0.06500    8742783.11340605 
0.06600    8571614.71224824 
0.06700    8401040.89656333 
0.06800    8231154.48648717 
0.06900    8062045.74149119 
0.07000    7893786.62562650 
0.07100    7726466.07073759 
0.07200    7560161.85565320 
0.07300    7394967.09375767 
0.07400    7230941.98452991 
0.07500    7068161.38738663 
0.07600    6906694.56438757 
0.07700    6746625.23548508 
0.07800    6587999.64596875 
0.07900    6430888.30217534 
0.08000    6275361.43613607 
0.08100    6121477.89524108 
0.08200    5969276.52322178 
0.08300    5818824.28580044 
0.08400    5670172.94464412 
0.08500    5523368.97706841 
0.08600    5378461.44245949 
0.08700    5235491.86933261 
0.08800    5094492.10477496 
0.08900    4955516.21084755 
0.09000    4818594.05050659 
0.09100    4683754.72921019 
0.09200    4551029.73431989 
0.09300    4420461.33094380 
0.09400    4292049.05302238 
0.09500    4165836.80469673 
0.09600    4041840.45594260 
0.09700    3920085.46414547 
0.09800    3800582.04452006 
0.09900    3683350.27378466 
0.10000    3568382.76765000 
0.10100    3455705.26448357 
0.10200    3345326.47445919 
0.10300    3237241.54574726 
0.10400    3131460.17791250 
0.10500    3027997.54394241 
0.10600    2926812.63709976 
0.10700    2827944.60420215 
0.10800    2731362.59993438 
0.10900    2637070.80470220 
0.11000    2545055.06850661 
0.11100    2455313.86743859 
0.11200    2367821.68423387 
0.11300    2282573.94362104 
0.11400    2199558.38273546 
0.11500    2118752.28404292 
0.11600    2040135.78701705 
0.11700    1963699.42879319 
0.11800    1889399.50935075 
0.11900    1817232.73366225 
0.12000    1747165.75534657 
0.12100    1679193.02414819 
0.12200    1613266.07400017 
0.12300    1549367.77419073 
0.12400    1487464.99558297 
0.12500    1427529.06231460 
0.12600    1369547.44068084 
0.12700    1313464.20730676 
0.12800    1259260.27680088 
0.12900    1206908.16431763 
0.13000    1156366.78459482 
0.13100    1107600.59949689 
0.13200    1060582.23547771 
0.13300    1015278.99078707 
0.13400    971652.98726204 
0.13500    929666.33837477 
0.13600    889286.07882901 
0.13700    850476.15997576 
0.13800    813200.96658214 
0.13900    777424.81855355 
0.14000    743112.98787635 
0.14100    710227.33092893 
0.14200    678729.70069356 
0.14300    648585.92866234 
0.14400    619754.57614042 
0.14500    592210.46001523 
0.14600    565912.03851327 
0.14700    540823.14913897 
0.14800    516902.63261082 
0.14900    494119.23068143 
0.15000    472439.80502706 
0.15100    451827.20429205 
0.15200    432253.77155176 
0.15300    413675.58761991 
0.15400    396057.37643173 
0.15500    379374.59855560 
0.15600    363586.08358069 
0.15700    348671.33139938 
0.15800    334580.59023947 
0.15900    321297.96093309 
0.16000    308781.47906663 
0.16100    297014.04022829 
0.16200    285950.79048775 
0.16300    275569.11730065 
0.16400    265843.10684103 
0.16500    256738.90381156 
0.16600    248232.97948781 
0.16700    240293.01486844 
0.16800    232893.91763240 
0.16900    226019.97543896 
0.17000    219633.24161766 
0.17100    213713.79998513 
0.17200    208238.26527390 
0.17300    203184.13135606 
0.17400    198529.90506224 
0.17500    194251.72779102 
0.17600    190320.49284821 
0.17700    186731.08903038 
0.17800    183451.74986814 
0.17900    180470.27531253 
0.18000    177763.15319460 
0.18100    175321.81682983 
0.18200    173108.90263137 
0.18300    171124.71615726 
0.18400    169348.53728889 
0.18500    167765.87669241 
0.18600    166357.57669830 
0.18700    165113.51320045 
0.18800    164016.89759964 
0.18900    163061.21324723 
0.19000    162219.20064779 
0.19100    161502.32311727 
0.19200    160873.93573258 
0.19300    160343.00219972 
0.19400    159884.04124387 
0.19500    159497.05723921 
0.19600    159168.87197939 
0.19700    158892.47148534 
0.19800    158656.20611860 
0.19900    158458.23851206 
0.20000    158283.35470487 
0.20100    158130.95649943 
0.20200    157992.04698304 
0.20300    157863.63577057 
0.20400    157735.33528263 
0.20500    157605.64327688 
0.20600    157464.27867787 
0.20700    157314.71814417 
0.20800    157146.04617935 
0.20900    156966.56505682 
0.21000    156755.09857780 
0.21100    156521.25514938 
0.21200    156257.98983027 
0.21300    155963.41193368 
0.21400    155637.19900877 
0.21500    155280.96616721 
0.21600    154882.32452449 
0.21700    154449.50837697 
0.21800    153979.12983884 
0.21900    153466.09825190 
0.22000    152916.17365076 
0.22100    152329.73992845 
0.22200    151703.56323192 
0.22300    151035.46722834 
0.22400    150328.19746774 
0.22500    149588.74772849 
0.22600    148805.21120494 
0.22700    147990.99503646 
0.22800    147138.38907218 
0.22900    146249.36426810 
0.23000    145331.69497458 
0.23100    144380.85448264 
0.23200    143398.98320068 
0.23300    142389.41692341 
0.23400    141354.47368033 
0.23500    140289.30917415 
0.23600    139205.88399667 
0.23700    138100.29787569 
0.23800    136976.49977938 
0.23900    135832.44780427 
0.24000    134674.27045400 
0.24100    133506.98290819 
0.24200    132327.39511259 
0.24300    131137.00385934 
0.24400    129941.62717501 
0.24500    128739.71638575 
0.24600    127537.87845127 
0.24700    126335.27473296 
0.24800    125135.32343380 
0.24900    123937.12380156 
0.25000    122747.16953987 
0.25100    121562.53569389 
0.25200    120393.39358676 
0.25300    119232.66245569 
0.25400    118088.67580710 
0.25500    116957.68180881 
0.25600    115846.55280988 
0.25700    114752.64630384 
0.25800    113682.77624456 
0.25900    112633.80776957 
0.26000    111611.95655201 
0.26100    110611.86982073 
0.26200    109643.50387226 
0.26300    108697.60754162 
0.26400    107786.26559453 
0.26500    106904.99867009 
0.26600    106055.19455258 
0.26700    105240.28225182 
0.26800    104459.58558437 
0.26900    103710.74523685 
0.27000    103001.05784051 
0.27100    102324.24657512 
0.27200    101690.13131155 
0.27300    101088.52133387 
0.27400    100521.40493375 
0.27500    99998.34180704  
0.27600    99507.98645131  
0.27700    99060.04637730  
0.27800    98649.50640832  
0.27900    98275.76918910  
0.28000    97941.54988590  
0.28100    97643.25954100  
0.28200    97385.43872475  
0.28300    97162.99939131  
0.28400    96977.18488171  
0.28500    96828.32842360  
0.28600    96713.41643079  
0.28700    96633.17630211  
0.28800    96587.53997392  
0.28900    96575.15684330  
0.29000    96594.80404818  
0.29100    96646.98458225  
0.29200    96728.78985889  
0.29300    96840.03343172  
0.29400    96977.13799997  
0.29500    97144.69025697  
0.29600    97335.18246907  
0.29700    97549.59643400  
0.29800    97789.15162614  
0.29900    98050.42155365  
0.30000    98330.09977610  
0.30100    98630.30656216  
0.30200    98946.95820148  
0.30300    99281.01145679  
0.30400    99629.38389450  
0.30500    99989.50063782  
0.30600    100360.61829860 
0.30700    100745.12259699 
0.30800    101134.76030279 
0.30900    101534.31554207 
0.31000    101937.12929913 
0.31100    102346.28770107 
0.31200    102755.78180376 
0.31300    103167.56820462 
0.31400    103579.40818485 
0.31500    103987.77710446 
0.31600    104394.28678808 
0.31700    104797.60659990 
0.31800    105190.50441846 
0.31900    105581.89432749 
0.32000    105961.26923376 
0.32100    106331.27041624 
0.32200    106691.64857985 
0.32300    107037.53229110 
0.32400    107370.58421975 
0.32500    107689.36881189 
0.32600    107991.47760064 
0.32700    108278.32831834 
0.32800    108549.16286530 
0.32900    108798.24146886 
0.33000    109030.69344677 
0.33100    109241.11090837 
0.33200    109433.38695920 
0.33300    109602.37021833 
0.33400    109749.93387045 
0.33500    109874.14345918 
0.33600    109974.76179969 
0.33700    110051.60692803 
0.33800    110106.14422198 
0.33900    110134.79931944 
0.34000    110138.29121298 
0.34100    110117.29279990 
0.34200    110073.21962142 
0.34300    110001.43539170 
0.34400    109906.88469935 
0.34500    109786.08070071 
0.34600    109641.20473951 
0.34700    109469.50862496 
0.34800    109273.02326802 
0.34900    109053.46140086 
0.35000    108808.16581150 
0.35100    108540.29496291 
0.35200    108246.53544913 
0.35300    107930.11508460 
0.35400    107590.73832360 
0.35500    107229.82132380 
0.35600    106846.24255202 
0.35700    106441.12293803 
0.35800    106015.88886381 
0.35900    105570.56098011 
0.36000    105106.76729470 
0.36100    104623.14294783 
0.36200    104123.35920842 
0.36300    103604.13005230 
0.36400    103067.93662407 
0.36500    102516.20899625 
0.36600    101952.06914446 
0.36700    101371.20977541 
0.36800    100779.85922177 
0.36900    100176.01807517 
0.37000    99556.80840692  
0.37100    98928.20389165  
0.37200    98292.15026635  
0.37300    97645.36504493  
0.37400    96992.24106121  
0.37500    96332.54757228  
0.37600    95664.57139597  
0.37700    94991.22008040  
0.37800    94315.17280159  
0.37900    93635.48864560  
0.38000    92952.03878537  
0.38100    92266.55869579  
0.38200    91580.03977012  
0.38300    90892.53812937  
0.38400    90207.84108759  
0.38500    89521.32891717  
0.38600    88840.44872237  
0.38700    88158.63201111  
0.38800    87481.78891193  
0.38900    86808.71654843  
0.39000    86141.65432312  
0.39100    85480.17097760  
0.39200    84825.22749264  
0.39300    84174.41020518  
0.39400    83534.83673351  
0.39500    82899.67054016  
0.39600    82273.24372034  
0.39700    81656.36781127  
0.39800    81049.64850658  
0.39900    80451.87958889  
0.40000    79864.30400671  
0.40100    79285.75024230  
0.40200    78720.39206544  
0.40300    78163.89664232  
0.40400    77620.62729520  
0.40500    77088.32696508  
0.40600    76570.22193120  
0.40700    76061.35387018  
0.40800    75565.83865944  
0.40900    75082.13435079  
0.41000    74613.22187548  
0.41100    74155.15843424  
0.41200    73709.63449062  
0.41300    73278.22725347  
0.41400    72859.15920485  
0.41500    72453.52963265  
0.41600    72058.33082149  
0.41700    71678.74538615  
0.41800    71312.11945663  
0.41900    70954.45912685  
0.42000    70612.96903543  
0.42100    70283.59289807  
0.42200    69966.77101135  
0.42300    69660.41057137  
0.42400    69366.40474156  
0.42500    69085.03276660  
0.42600    68813.91333120  
0.42700    68556.47526689  
0.42800    68308.43996171  
0.42900    68073.83340815  
0.43000    67847.85071168  
0.43100    67631.43638571  
0.43200    67427.39880933  
0.43300    67232.37469216  
0.43400    67046.25833309  
0.43500    66870.16326388  
0.43600    66705.81551268  
0.43700    66547.74042958  
0.43800    66396.91436447  
0.43900    66256.85087211  
0.44000    66124.08994345  
0.44100    65999.05903657  
0.44200    65881.89283141  
0.44300    65770.79710996  
0.44400    65668.09226327  
0.44500    65568.81403252  
0.44600    65477.68405711  
0.44700    65393.31013743  
0.44800    65313.33401863  
0.44900    65240.00517078  
0.45000    65172.84071916  
0.45100    65106.79221231  
0.45200    65047.93663563  
0.45300    64992.67409707  
0.45400    64941.79676804  
0.45500    64894.73816414  
0.45600    64850.68402038  
0.45700    64810.25765845  
0.45800    64772.70857517  
0.45900    64737.40728704  
0.46000    64707.61896065  
0.46100    64675.75091361  
0.46200    64649.46053667  
0.46300    64623.09400208  
0.46400    64599.78324891  
0.46500    64577.79927358  
0.46600    64557.17360299  
0.46700    64536.11113895  
0.46800    64518.89621865  
0.46900    64499.87535239  
0.47000    64482.05467615  
0.47100    64465.35013021  
0.47200    64449.12259895  
0.47300    64433.23883175  
0.47400    64415.74691124  
0.47500    64399.54388681  
0.47600    64384.17902009  
0.47700    64365.03519396  
0.47800    64347.63612482  
0.47900    64330.16478049  
0.48000    64310.17928683  
0.48100    64291.99694273  
0.48200    64268.26014327  
0.48300    64245.38781138  
0.48400    64222.76362559  
0.48500    64197.52743358  
0.48600    64172.37006175  
0.48700    64144.56770222  
0.48800    64114.04827447  
0.48900    64082.18285973  
0.49000    64049.47827370  
0.49100    64015.15022824  
0.49200    63977.45068157  
0.49300    63939.28845793  
0.49400    63897.70567784  
0.49500    63853.78326581  
0.49600    63808.88911826  
0.49700    63760.26959937  
0.49800    63710.68181970  
0.49900    63657.42281197  
