    5.479404E-03    2.570295E-04    4.216085E-07
    6.027343E-03    2.435681E-04    1.437348E-07
    6.575283E-03    2.389826E-04    9.939530E-08
    7.123223E-03    2.353831E-04    8.077306E-08
    7.671163E-03    2.350008E-04    7.066091E-08
    8.219102E-03    2.340020E-04    6.325569E-08
    8.767041E-03    2.328333E-04    5.803717E-08
    9.314981E-03    2.315038E-04    5.439382E-08
    9.862920E-03    2.294251E-04    5.029675E-08
    1.041086E-02    2.283763E-04    4.635327E-08
    1.095880E-02    2.270032E-04    4.223872E-08
    1.150674E-02    2.258360E-04    4.000803E-08
    1.205467E-02    2.242354E-04    3.854560E-08
    1.260261E-02    2.221613E-04    3.698466E-08
    1.315055E-02    2.202216E-04    3.594785E-08
    1.369849E-02    2.188315E-04    3.460965E-08
    1.424642E-02    2.177481E-04    3.395996E-08
    1.479436E-02    2.159723E-04    3.296837E-08
    1.534230E-02    2.138299E-04    3.211868E-08
    1.589023E-02    2.120571E-04    3.151565E-08
    1.643817E-02    2.103822E-04    3.061085E-08
    1.698611E-02    2.088039E-04    3.018656E-08
    1.753404E-02    2.062977E-04    2.939628E-08
    1.808198E-02    2.045735E-04    2.878209E-08
    1.862991E-02    2.035437E-04    2.830976E-08
    1.917785E-02    2.015084E-04    2.764553E-08
    1.972578E-02    1.991378E-04    2.727293E-08
    2.027371E-02    1.971610E-04    2.659616E-08
    2.082165E-02    1.950149E-04    2.610750E-08
    2.136958E-02    1.934508E-04    2.563927E-08
    2.191751E-02    1.912301E-04    2.519838E-08
    2.246545E-02    1.886494E-04    2.474867E-08
    2.301338E-02    1.869824E-04    2.422162E-08
    2.356131E-02    1.847793E-04    2.391207E-08
    2.410924E-02    1.826415E-04    2.343459E-08
    2.465717E-02    1.803758E-04    2.299334E-08
    2.520510E-02    1.782030E-04    2.262927E-08
    2.575303E-02    1.764478E-04    2.218150E-08
    2.630096E-02    1.739760E-04    2.194045E-08
    2.684889E-02    1.718897E-04    2.145202E-08
    2.739682E-02    1.692247E-04    2.120558E-08
    2.794475E-02    1.670904E-04    2.092603E-08
    2.849267E-02    1.648314E-04    2.056322E-08
    2.904060E-02    1.627367E-04    2.037512E-08
    2.958853E-02    1.604435E-04    1.994348E-08
    3.013645E-02    1.580955E-04    1.970705E-08
    3.068438E-02    1.557546E-04    1.937644E-08
    3.123230E-02    1.536767E-04    1.913360E-08
    3.178022E-02    1.513240E-04    1.890632E-08
    3.232815E-02    1.493585E-04    1.857015E-08
    3.287607E-02    1.467390E-04    1.836715E-08
    3.342399E-02    1.445397E-04    1.806464E-08
    3.397191E-02    1.420026E-04    1.782472E-08
    3.451984E-02    1.394246E-04    1.757127E-08
    3.506776E-02    1.373938E-04    1.724647E-08
    3.561568E-02    1.348449E-04    1.708544E-08
    3.616359E-02    1.328643E-04    1.680095E-08
    3.671151E-02    1.305039E-04    1.663004E-08
    3.725943E-02    1.282184E-04    1.637372E-08
    3.780735E-02    1.256096E-04    1.611577E-08
    3.835526E-02    1.236946E-04    1.598699E-08
    3.890318E-02    1.212948E-04    1.568478E-08
    3.945109E-02    1.188644E-04    1.546019E-08
    3.999901E-02    1.166563E-04    1.520876E-08
    4.054692E-02    1.144221E-04    1.502360E-08
    4.109484E-02    1.124637E-04    1.486252E-08
    4.164275E-02    1.104105E-04    1.462979E-08
    4.219066E-02    1.080107E-04    1.447766E-08
    4.273857E-02    1.058999E-04    1.425631E-08
    4.328648E-02    1.035497E-04    1.411224E-08
    4.383439E-02    1.014527E-04    1.393657E-08
    4.438230E-02    9.943375E-05    1.373761E-08
    4.493020E-02    9.722476E-05    1.362211E-08
    4.547811E-02    9.541468E-05    1.343019E-08
    4.602601E-02    9.313846E-05    1.329321E-08
    4.657392E-02    9.094121E-05    1.311556E-08
    4.712182E-02    8.897593E-05    1.297774E-08
    4.766973E-02    8.698946E-05    1.285289E-08
    4.821763E-02    8.493515E-05    1.264844E-08
    4.876553E-02    8.301171E-05    1.251430E-08
    4.931343E-02    8.102041E-05    1.232383E-08
    4.986133E-02    7.907357E-05    1.220641E-08
    5.040923E-02    7.720427E-05    1.206351E-08
    5.095713E-02    7.533811E-05    1.191184E-08
    5.150502E-02    7.351214E-05    1.181850E-08
    5.205292E-02    7.172052E-05    1.166214E-08
    5.260081E-02    6.998048E-05    1.156421E-08
    5.314871E-02    6.825315E-05    1.142721E-08
    5.369660E-02    6.644592E-05    1.129358E-08
    5.424449E-02    6.477164E-05    1.121550E-08
    5.479238E-02    6.308801E-05    1.105523E-08
    5.534027E-02    6.143609E-05    1.096914E-08
    5.588816E-02    5.982062E-05    1.084086E-08
    5.643605E-02    5.826115E-05    1.078008E-08
    5.698394E-02    5.676713E-05    1.087901E-08
    5.753182E-02    5.523632E-05    1.086831E-08
    5.807971E-02    5.373252E-05    1.088106E-08
    5.862759E-02    5.231664E-05    1.080203E-08
    5.917547E-02    5.087296E-05    1.079229E-08
    5.972336E-02    4.949096E-05    1.074138E-08
    6.027124E-02    4.803164E-05    1.067628E-08
    6.081912E-02    4.663873E-05    1.069202E-08
    6.136699E-02    4.539067E-05    1.081077E-08
    6.191487E-02    4.416726E-05    1.087514E-08
    6.246275E-02    4.284822E-05    1.083497E-08
    6.301062E-02    4.155066E-05    1.082421E-08
    6.355850E-02    4.038183E-05    1.083552E-08
    6.410637E-02    3.914653E-05    1.076093E-08
    6.465424E-02    3.793876E-05    1.077565E-08
    6.520211E-02    3.677520E-05    1.071317E-08
    6.574998E-02    3.563555E-05    1.070696E-08
    6.629785E-02    3.449755E-05    1.068489E-08
    6.684571E-02    3.346587E-05    1.064801E-08
    6.739358E-02    3.239934E-05    1.068305E-08
    6.794144E-02    3.134748E-05    1.062240E-08
    6.848931E-02    3.040927E-05    1.065224E-08
    6.903717E-02    2.950179E-05    1.056624E-08
    6.958503E-02    2.863810E-05    1.031679E-08
    7.013289E-02    2.766773E-05    1.023500E-08
    7.068075E-02    2.678002E-05    1.012513E-08
    7.122860E-02    2.587066E-05    1.009458E-08
    7.177646E-02    2.502986E-05    1.000356E-08
    7.232431E-02    2.419656E-05    9.976741E-09
    7.287217E-02    2.341540E-05    9.940720E-09
    7.342002E-02    2.263934E-05    9.857081E-09
    7.396787E-02    2.184701E-05    9.846424E-09
    7.451572E-02    2.108663E-05    9.763356E-09
    7.506356E-02    2.033792E-05    9.734029E-09
    7.561141E-02    1.973758E-05    9.671126E-09
    7.615925E-02    1.919890E-05    9.592368E-09
    7.670710E-02    1.853455E-05    9.562559E-09
    7.725494E-02    1.794692E-05    9.470946E-09
    7.780278E-02    1.740794E-05    9.462049E-09
    7.835062E-02    1.680552E-05    9.374391E-09
    7.889845E-02    1.616225E-05    9.331940E-09
    7.944629E-02    1.564837E-05    9.299269E-09
    7.999413E-02    1.514983E-05    9.234771E-09
    8.054196E-02    1.465889E-05    9.205051E-09
    8.108979E-02    1.422630E-05    9.141870E-09
    8.163762E-02    1.378765E-05    9.118260E-09
    8.218545E-02    1.336380E-05    9.067594E-09
    8.273328E-02    1.279838E-05    9.015368E-09
    8.328110E-02    1.243148E-05    8.983518E-09
    8.382893E-02    1.200828E-05    8.917985E-09
    8.437675E-02    1.166929E-05    8.884543E-09
    8.492457E-02    1.127534E-05    8.811347E-09
    8.547239E-02    1.089092E-05    8.773512E-09
    8.602021E-02    1.057732E-05    8.718527E-09
    8.656802E-02    1.022931E-05    8.671373E-09
    8.711584E-02    1.001043E-05    8.642985E-09
    8.766365E-02    9.729323E-06    8.573773E-09
    8.821146E-02    9.469022E-06    8.544956E-09
    8.875927E-02    9.137051E-06    8.496324E-09
    8.930708E-02    8.881282E-06    8.455337E-09
    8.985489E-02    8.654976E-06    8.422222E-09
    9.040269E-02    8.374182E-06    8.389955E-09
    9.095050E-02    8.143870E-06    8.374693E-09
    9.149830E-02    7.856837E-06    8.329490E-09
    9.204610E-02    7.667150E-06    8.315177E-09
    9.259390E-02    7.548690E-06    8.284865E-09
    9.314169E-02    7.403568E-06    8.258841E-09
    9.368949E-02    7.268614E-06    8.247094E-09
    9.423728E-02    7.078966E-06    8.214260E-09
    9.478507E-02    6.864550E-06    8.193163E-09
    9.533286E-02    6.687966E-06    8.156873E-09
    9.588065E-02    6.535367E-06    8.138871E-09
    9.642844E-02    6.379292E-06    8.124999E-09
    9.697622E-02    6.258919E-06    8.091532E-09
    9.752401E-02    6.119570E-06    8.078256E-09
    9.807179E-02    5.975297E-06    8.048757E-09
    9.861957E-02    5.795764E-06    8.033763E-09
    9.916734E-02    5.755823E-06    8.015405E-09
    9.971512E-02    5.666354E-06    7.980301E-09
    0.100263        5.537866E-06    7.976767E-09
    0.100811        5.461680E-06    7.943215E-09
    0.101358        5.374649E-06    7.947854E-09
    0.101906        5.336430E-06    7.927931E-09
    0.102454        5.251895E-06    7.915811E-09
    0.103002        5.155178E-06    7.924904E-09
    0.103549        5.020124E-06    7.895333E-09
    0.104097        4.986684E-06    7.892973E-09
    0.104645        4.826985E-06    7.879852E-09
    0.105193        4.682853E-06    7.878310E-09
    0.105741        4.737041E-06    7.872163E-09
    0.106288        4.665842E-06    7.849930E-09
    0.106836        4.581920E-06    7.854868E-09
    0.107384        4.586621E-06    7.842484E-09
    0.107932        4.492387E-06    7.835522E-09
    0.108479        4.452718E-06    7.822397E-09
    0.109027        4.427188E-06    7.816538E-09
    0.109575        4.334652E-06    7.812930E-09
    0.110123        4.249017E-06    7.799853E-09
    0.110670        4.219962E-06    7.797895E-09
    0.111218        4.196243E-06    7.779894E-09
    0.111766        4.129704E-06    7.780123E-09
    0.112313        4.078710E-06    7.777551E-09
    0.112861        4.088790E-06    7.755499E-09
    0.113409        4.027262E-06    7.755049E-09
    0.113957        3.989291E-06    7.741398E-09
    0.114504        3.921528E-06    7.745483E-09
    0.115052        3.906167E-06    7.727534E-09
    0.115600        3.874649E-06    7.715650E-09
    0.116148        3.719195E-06    7.719537E-09
    0.116695        3.699880E-06    7.697166E-09
    0.117243        3.692011E-06    7.702838E-09
    0.117791        3.726643E-06    7.688305E-09
    0.118338        3.735855E-06    7.684096E-09
    0.118886        3.669996E-06    7.679476E-09
    0.119434        3.613432E-06    7.661164E-09
    0.119981        3.550336E-06    7.663534E-09
    0.120529        3.519979E-06    7.642765E-09
    0.121077        3.483132E-06    7.644373E-09
    0.121625        3.493988E-06    7.640233E-09
    0.122172        3.453469E-06    7.621426E-09
    0.122720        3.337595E-06    7.623536E-09
    0.123268        3.233594E-06    7.606838E-09
    0.123815        3.237771E-06    7.607264E-09
    0.124363        3.159387E-06    7.591597E-09
    0.124911        3.171135E-06    7.584057E-09
    0.125458        3.161125E-06    7.580281E-09
    0.126006        3.135148E-06    7.562523E-09
    0.126554        3.100971E-06    7.570741E-09
    0.127101        3.075045E-06    7.549535E-09
    0.127649        3.048558E-06    7.541871E-09
    0.128197        2.993291E-06    7.541721E-09
    0.128744        2.983666E-06    7.527308E-09
    0.129292        2.853958E-06    7.522046E-09
    0.129840        2.748392E-06    7.499794E-09
    0.130387        2.779289E-06    7.510626E-09
    0.130935        2.727340E-06    7.496096E-09
    0.131483        2.710695E-06    7.483255E-09
    0.132030        2.686398E-06    7.479974E-09
    0.132578        2.616235E-06    7.464107E-09
    0.133126        2.615775E-06    7.470406E-09
    0.133673        2.607026E-06    7.453467E-09
    0.134221        2.589734E-06    7.450598E-09
    0.134769        2.492709E-06    7.441572E-09
    0.135316        2.400667E-06    7.426054E-09
    0.135864        2.335435E-06    7.428793E-09
    0.136411        2.358543E-06    7.409620E-09
    0.136959        2.307489E-06    7.409988E-09
    0.137507        2.217920E-06    7.404922E-09
    0.138054        2.194440E-06    7.394552E-09
    0.138602        2.232943E-06    7.392457E-09
    0.139150        2.203302E-06    7.373236E-09
    0.139697        2.147918E-06    7.376789E-09
    0.140245        2.100712E-06    7.360050E-09
    0.140792        2.043995E-06    7.353324E-09
    0.141340        2.000038E-06    7.349198E-09
    0.141888        1.979143E-06    7.332390E-09
    0.142435        1.956423E-06    7.337592E-09
    0.142983        2.016151E-06    7.319440E-09
    0.143530        1.989733E-06    7.323485E-09
    0.144078        1.939492E-06    7.314006E-09
    0.144626        1.860011E-06    7.301998E-09
    0.145173        1.835195E-06    7.298120E-09
    0.145721        1.790693E-06    7.281409E-09
    0.146268        1.704931E-06    7.282061E-09
    0.146816        1.716651E-06    7.278660E-09
    0.147364        1.646958E-06    7.263644E-09
    0.147911        1.586521E-06    7.259415E-09
    0.148459        1.573381E-06    7.251798E-09
    0.149006        1.542627E-06    7.249596E-09
    0.149554        1.467542E-06    7.230508E-09
    0.150101        1.484585E-06    7.228987E-09
    0.150649        1.479745E-06    7.224654E-09
    0.151197        1.411985E-06    7.211588E-09
    0.151744        1.410642E-06    7.214363E-09
    0.152292        1.426141E-06    7.193496E-09
    0.152839        1.363930E-06    7.194732E-09
    0.153387        1.341345E-06    7.184695E-09
    0.153934        1.333936E-06    7.179412E-09
    0.154482        1.295192E-06    7.176515E-09
    0.155029        1.303380E-06    7.163433E-09
    0.155577        1.306858E-06    7.162566E-09
    0.156124        1.284521E-06    7.148172E-09
    0.156672        1.281731E-06    7.147261E-09
    0.157220        1.186267E-06    7.140191E-09
    0.157767        1.123451E-06    7.126334E-09
    0.158315        1.126221E-06    7.129249E-09
    0.158862        1.087275E-06    7.113306E-09
    0.159410        1.041057E-06    7.113519E-09
    0.159957        1.062320E-06    7.104251E-09
    0.160505        1.135567E-06    7.092958E-09
    0.161052        1.106097E-06    7.099285E-09
    0.161600        1.035467E-06    7.076877E-09
    0.162147        9.690354E-07    7.077814E-09
    0.162695        1.025934E-06    7.068250E-09
    0.163242        1.006177E-06    7.060311E-09
    0.163790        9.128078E-07    7.057851E-09
    0.164337        8.886955E-07    7.039989E-09
    0.164885        8.864337E-07    7.047525E-09
    0.165432        8.267115E-07    7.031234E-09
    0.165980        8.451311E-07    7.029655E-09
    0.166527        9.176192E-07    7.023289E-09
    0.167075        9.216583E-07    7.013154E-09
    0.167622        8.573186E-07    7.017236E-09
    0.168169        8.190654E-07    7.000994E-09
    0.168717        8.044574E-07    6.998524E-09
    0.169264        8.166595E-07    6.991029E-09
    0.169812        7.284805E-07    6.981541E-09
    0.170359        7.272425E-07    6.986329E-09
    0.170907        6.779464E-07    6.962003E-09
    0.171454        7.079733E-07    6.966858E-09
    0.172002        7.555790E-07    6.950388E-09
    0.172549        7.153298E-07    6.944494E-09
    0.173097        6.497214E-07    6.935106E-09
    0.173644        6.700120E-07    6.925983E-09
    0.174191        7.245111E-07    6.932641E-09
    0.174739        7.579279E-07    6.914703E-09
    0.175286        7.538552E-07    6.910795E-09
    0.175834        7.058453E-07    6.899499E-09
    0.176381        7.016345E-07    6.894474E-09
    0.176929        7.335575E-07    6.896124E-09
    0.177476        7.453081E-07    6.877010E-09
    0.178023        6.722225E-07    6.875987E-09
    0.178571        6.104531E-07    6.867295E-09
    0.179118        5.961283E-07    6.861092E-09
    0.179666        6.313365E-07    6.856926E-09
    0.180213        6.971226E-07    6.843139E-09
    0.180760        5.808936E-07    6.844105E-09
    0.181308        5.894649E-07    6.832498E-09
    0.181855        6.331583E-07    6.829730E-09
    0.182403        5.788610E-07    6.819227E-09
    0.182950        5.649845E-07    6.811935E-09
    0.183497        6.557235E-07    6.813327E-09
    0.184045        7.211561E-07    6.797018E-09
    0.184592        7.016912E-07    6.795625E-09
    0.185140        6.094703E-07    6.781520E-09
    0.185687        6.073769E-07    6.779936E-09
    0.186234        5.948460E-07    6.776103E-09
    0.186782        6.515469E-07    6.761778E-09
    0.187329        6.448090E-07    6.764961E-09
    0.187876        6.548147E-07    6.750264E-09
    0.188424        6.511482E-07    6.750153E-09
    0.188971        6.552342E-07    6.743200E-09
    0.189518        5.477117E-07    6.728947E-09
    0.190066        5.242505E-07    6.728872E-09
    0.190613        5.907393E-07    6.716031E-09
    0.191160        5.830910E-07    6.717933E-09
    0.191708        5.684629E-07    6.705067E-09
    0.192255        5.071490E-07    6.698529E-09
    0.192802        5.182078E-07    6.698655E-09
    0.193350        5.532040E-07    6.684213E-09
    0.193897        5.775652E-07    6.688673E-09
    0.194444        5.789302E-07    6.674786E-09
    0.194992        5.828518E-07    6.669101E-09
    0.195539        6.056528E-07    6.669005E-09
    0.196086        6.067401E-07    6.652865E-09
    0.196634        5.214080E-07    6.654436E-09
    0.197181        4.798806E-07    6.636789E-09
    0.197728        5.138621E-07    6.641796E-09
    0.198275        6.018250E-07    6.636929E-09
    0.198823        6.623280E-07    6.621640E-09
    0.199370        5.698599E-07    6.626963E-09
    0.199917        5.376048E-07    6.667814E-09
    0.200465        5.426595E-07    6.804654E-09
    0.201012        5.390201E-07    6.869500E-09
    0.201559        5.909661E-07    6.931781E-09
    0.202106        5.265362E-07    6.988797E-09
    0.202654        5.073273E-07    7.021166E-09
    0.203201        5.053412E-07    7.064990E-09
    0.203748        4.877233E-07    7.095027E-09
    0.204295        5.584936E-07    7.136484E-09
    0.204843        6.571673E-07    7.174734E-09
    0.205390        6.255401E-07    7.194289E-09
    0.205937        5.496169E-07    7.229252E-09
    0.206484        5.482283E-07    7.249267E-09
    0.207031        4.883541E-07    7.295230E-09
    0.207579        4.758279E-07    7.325870E-09
    0.208126        5.222110E-07    7.332840E-09
    0.208673        5.584707E-07    7.356141E-09
    0.209220        4.987370E-07    7.353467E-09
    0.209768        4.958458E-07    7.370823E-09
    0.210315        4.390573E-07    7.361363E-09
    0.210862        5.041044E-07    7.456631E-09
    0.211409        5.271666E-07    7.661148E-09
    0.211956        5.182276E-07    7.779354E-09
    0.212504        5.576146E-07    7.893947E-09
    0.213051        4.946832E-07    7.974313E-09
    0.213598        5.045846E-07    8.075923E-09
    0.214145        5.288266E-07    8.145856E-09
    0.214692        5.839812E-07    8.220160E-09
    0.215239        5.458003E-07    8.302396E-09
    0.215787        5.639665E-07    8.357316E-09
    0.216334        5.578981E-07    8.443579E-09
    0.216881        4.789210E-07    8.490383E-09
    0.217428        4.412485E-07    8.564818E-09
    0.217975        4.672701E-07    8.648371E-09
    0.218522        4.571037E-07    8.687785E-09
    0.219070        4.506088E-07    8.779016E-09
    0.219617        4.803838E-07    8.799646E-09
    0.220164        4.112005E-07    8.860647E-09
    0.220711        3.512491E-07    8.751959E-09
    0.221258        4.816464E-07    8.467153E-09
    0.221805        5.274546E-07    8.328901E-09
    0.222352        4.438900E-07    8.194107E-09
    0.222899        3.939389E-07    8.123415E-09
    0.223447        3.782898E-07    8.036766E-09
    0.223994        3.608185E-07    7.969773E-09
    0.224541        4.186599E-07    7.916672E-09
    0.225088        4.150115E-07    7.846272E-09
    0.225635        3.635711E-07    7.813160E-09
    0.226182        3.573578E-07    7.748852E-09
    0.226729        3.834012E-07    7.707658E-09
    0.227276        4.701829E-07    7.672284E-09
    0.227823        4.859406E-07    7.622531E-09
    0.228370        3.971364E-07    7.596103E-09
    0.228917        3.847803E-07    7.540249E-09
    0.229464        3.660353E-07    7.531706E-09
    0.230012        3.353267E-07    7.516896E-09
    0.230559        3.353237E-07    7.496698E-09
    0.231106        3.969609E-07    7.490477E-09
    0.231653        3.902449E-07    7.448433E-09
    0.232200        4.283418E-07    7.433557E-09
    0.232747        4.536067E-07    7.396113E-09
    0.233294        4.207555E-07    7.365975E-09
    0.233841        4.018179E-07    7.342823E-09
    0.234388        4.479448E-07    7.305866E-09
    0.234935        4.391746E-07    7.291101E-09
    0.235482        4.006067E-07    7.254672E-09
    0.236029        2.736140E-07    7.234847E-09
    0.236576        2.587593E-07    7.206295E-09
    0.237123        3.955340E-07    7.179887E-09
    0.237670        3.697394E-07    7.164820E-09
    0.238217        3.267290E-07    7.127113E-09
    0.238764        2.751169E-07    7.115088E-09
    0.239311        2.453151E-07    7.086691E-09
    0.239858        2.906159E-07    7.062899E-09
    0.240405        3.606946E-07    7.046332E-09
    0.240952        3.755356E-07    7.018918E-09
    0.241499        3.730289E-07    7.009698E-09
    0.242046        3.385515E-07    6.977854E-09
    0.242593        3.704961E-07    6.964893E-09
    0.243140        3.301355E-07    6.942064E-09
    0.243687        2.828624E-07    6.914170E-09
    0.244234        3.565073E-07    6.911616E-09
    0.244781        4.327936E-07    6.877567E-09
    0.245328        3.899667E-07    6.872067E-09
    0.245874        3.428168E-07    6.846076E-09
    0.246421        3.664501E-07    6.825468E-09
    0.246968        3.692542E-07    6.815755E-09
    0.247515        3.034756E-07    6.785209E-09
    0.248062        2.478301E-07    6.779806E-09
    0.248609        3.340876E-07    6.753606E-09
    0.249156        3.534739E-07    6.744070E-09
    0.249703        3.275053E-07    6.728489E-09
    0.250250        2.978823E-07    6.701694E-09
    0.250797        3.101635E-07    6.697167E-09
    0.251344        3.064687E-07    6.672112E-09
    0.251890        2.671664E-07    6.663272E-09
    0.252437        2.367559E-07    6.644581E-09
    0.252984        1.961652E-07    6.622552E-09
    0.253531        2.271294E-07    6.617587E-09
    0.254078        2.629763E-07    6.592590E-09
    0.254625        2.790511E-07    6.587034E-09
    0.255172        2.750512E-07    6.563378E-09
    0.255719        2.606517E-07    6.553656E-09
    0.256265        2.732873E-07    6.540911E-09
    0.256812        2.276235E-07    6.516362E-09
    0.257359        1.942693E-07    6.513135E-09
    0.257906        2.222810E-07    6.493059E-09
    0.258453        1.768146E-07    6.487742E-09
    0.259000        1.710930E-07    6.470550E-09
    0.259546        2.116943E-07    6.452186E-09
    0.260093        2.382410E-07    6.448454E-09
    0.260640        2.337106E-07    6.426480E-09
    0.261187        2.416230E-07    6.422944E-09
    0.261734        2.534091E-07    6.406464E-09
    0.262280        2.336295E-07    6.393113E-09
    0.262827        2.430514E-07    6.388119E-09
    0.263374        2.577919E-07    6.365992E-09
    0.263921        2.359137E-07    6.360233E-09
    0.264468        2.372328E-07    6.340046E-09
    0.265014        2.501162E-07    6.332904E-09
    0.265561        2.456889E-07    6.323240E-09
    0.266108        2.718999E-07    6.303647E-09
    0.266655        2.827268E-07    6.303883E-09
    0.267201        2.668580E-07    6.281491E-09
    0.267748        2.155709E-07    6.279727E-09
    0.268295        2.137401E-07    6.266048E-09
    0.268842        1.699345E-07    6.246428E-09
    0.269388        1.527042E-07    6.242373E-09
    0.269935        1.679810E-07    6.225159E-09
    0.270482        2.512749E-07    6.221236E-09
    0.271029        2.805472E-07    6.208567E-09
    0.271575        2.610745E-07    6.196257E-09
    0.272122        1.849535E-07    6.191840E-09
    0.272669        1.891498E-07    6.171004E-09
    0.273215        2.506994E-07    6.168443E-09
    0.273762        2.739336E-07    6.149251E-09
    0.274309        2.298208E-07    6.143974E-09
    0.274855        2.582884E-07    6.134777E-09
    0.275402        2.226859E-07    6.120099E-09
    0.275949        1.888375E-07    6.115448E-09
    0.276495        2.230624E-07    6.097576E-09
    0.277042        2.043122E-07    6.093765E-09
    0.277589        1.706693E-07    6.079116E-09
    0.278135        1.722363E-07    6.069676E-09
    0.278682        1.641800E-07    6.059246E-09
    0.279229        2.327988E-07    6.049521E-09
    0.279775        2.146015E-07    6.044350E-09
    0.280322        2.127758E-07    6.026817E-09
    0.280869        2.262480E-07    6.018374E-09
    0.281415        2.275630E-07    6.013159E-09
    0.281962        2.271094E-07    6.000163E-09
    0.282508        2.268297E-07    5.992175E-09
    0.283055        1.727311E-07    5.979179E-09
    0.283602        2.031518E-07    5.973164E-09
    0.284148        2.034008E-07    5.964261E-09
    0.284695        1.713999E-07    5.951939E-09
    0.285241        1.608742E-07    5.943407E-09
    0.285788        1.611149E-07    5.934934E-09
    0.286335        1.989885E-07    5.926610E-09
    0.286881        2.210789E-07    5.916070E-09
    0.287428        2.755338E-07    5.904779E-09
    0.287974        2.977887E-07    5.900830E-09
    0.288521        2.763937E-07    5.891395E-09
    0.289067        2.274789E-07    5.879484E-09
    0.289614        1.660334E-07    5.869578E-09
    0.290161        1.918907E-07    5.860212E-09
    0.290707        2.206576E-07    5.854589E-09
    0.291254        2.559482E-07    5.840342E-09
    0.291800        2.388946E-07    5.823282E-09
    0.292347        2.024902E-07    5.809914E-09
    0.292893        2.406204E-07    5.801573E-09
    0.293440        1.779152E-07    5.787873E-09
    0.293986        2.017255E-07    5.770514E-09
    0.294533        2.175037E-07    5.760287E-09
    0.295079        2.091496E-07    5.748538E-09
    0.295626        2.308266E-07    5.737422E-09
    0.296172        2.470062E-07    5.727544E-09
    0.296719        2.192252E-07    5.708819E-09
    0.297265        2.043137E-07    5.703141E-09
    0.297812        2.478622E-07    5.692591E-09
    0.298358        2.303426E-07    5.691980E-09
    0.298904        2.509316E-07    5.687770E-09
    0.299451        2.284846E-07    5.683166E-09
    0.299997        2.268156E-07    5.682075E-09
    0.300544        2.819399E-07    5.675955E-09
    0.301090        2.550863E-07    5.671703E-09
    0.301637        2.335483E-07    5.670631E-09
    0.302183        2.823025E-07    5.667787E-09
    0.302729        2.484308E-07    5.663787E-09
    0.303276        1.842371E-07    5.659833E-09
    0.303822        1.852693E-07    5.652875E-09
    0.304369        1.950723E-07    5.652311E-09
    0.304915        2.539450E-07    5.648637E-09
    0.305461        2.434265E-07    5.647866E-09
    0.306008        2.585194E-07    5.641968E-09
    0.306554        2.746509E-07    5.639556E-09
    0.307101        2.793219E-07    5.637880E-09
    0.307647        2.369866E-07    5.630929E-09
    0.308193        2.091518E-07    5.627274E-09
    0.308740        2.249336E-07    5.624532E-09
    0.309286        2.508794E-07    5.624884E-09
    0.309832        2.345574E-07    5.619181E-09
    0.310379        1.972791E-07    5.615766E-09
    0.310925        2.032132E-07    5.608894E-09
    0.311471        1.992649E-07    5.609604E-09
    0.312018        2.206033E-07    5.607458E-09
    0.312564        2.714260E-07    5.600104E-09
    0.313110        2.105933E-07    5.599540E-09
    0.313657        2.045548E-07    5.590616E-09
    0.314203        2.205343E-07    5.592294E-09
    0.314749        1.947184E-07    5.586455E-09
    0.315296        2.127484E-07    5.583383E-09
    0.315842        2.646658E-07    5.586356E-09
    0.316388        2.837907E-07    5.577666E-09
    0.316934        2.069608E-07    5.578659E-09
    0.317481        1.942675E-07    5.568231E-09
    0.318027        2.321387E-07    5.568866E-09
    0.318573        2.554505E-07    5.568257E-09
    0.319119        2.399861E-07    5.559512E-09
    0.319666        2.553982E-07    5.563567E-09
    0.320212        2.504306E-07    5.550110E-09
    0.320758        2.636013E-07    5.554759E-09
    0.321304        2.516483E-07    5.549185E-09
    0.321851        2.673244E-07    5.540756E-09
    0.322397        2.515406E-07    5.544676E-09
    0.322943        2.129697E-07    5.534769E-09
    0.323489        2.594958E-07    5.537894E-09
    0.324035        2.887638E-07    5.530097E-09
    0.324582        2.413559E-07    5.525677E-09
    0.325128        2.425881E-07    5.528298E-09
    0.325674        2.543066E-07    5.519472E-09
    0.326220        2.668229E-07    5.521893E-09
    0.326766        2.468091E-07    5.510978E-09
    0.327312        2.522711E-07    5.514814E-09
    0.327859        2.565961E-07    5.513340E-09
    0.328405        2.434636E-07    5.504501E-09
    0.328951        2.187342E-07    5.505327E-09
    0.329497        1.785890E-07    5.492263E-09
    0.330043        1.510036E-07    5.498970E-09
    0.330589        1.501660E-07    5.490975E-09
    0.331135        2.200757E-07    5.486671E-09
    0.331681        2.225252E-07    5.513778E-09
    0.332228        2.136673E-07    5.610916E-09
    0.332774        2.281487E-07    5.678536E-09
    0.333320        2.336976E-07    5.718829E-09
    0.333866        2.359206E-07    5.759476E-09
    0.334412        2.516812E-07    5.799453E-09
    0.334958        2.079177E-07    5.824349E-09
    0.335504        2.073957E-07    5.858340E-09
    0.336050        2.631201E-07    5.878072E-09
    0.336596        2.341335E-07    5.909106E-09
    0.337142        2.139328E-07    5.919596E-09
    0.337688        3.242210E-07    5.925296E-09
    0.338234        2.944898E-07    5.941706E-09
    0.338780        2.195608E-07    5.938606E-09
    0.339326        2.722587E-07    5.957661E-09
    0.339872        2.979268E-07    5.959094E-09
    0.340418        2.950912E-07    5.966018E-09
    0.340964        2.291771E-07    5.976875E-09
    0.341510        2.256055E-07    5.979282E-09
    0.342056        2.512678E-07    5.994818E-09
    0.342602        2.577082E-07    5.990862E-09
    0.343148        2.776240E-07    6.004593E-09
    0.343694        2.075687E-07    6.011489E-09
    0.344240        1.903415E-07    6.011618E-09
    0.344786        1.741510E-07    6.023564E-09
    0.345332        2.046426E-07    6.019856E-09
    0.345878        2.004560E-07    6.033355E-09
    0.346424        2.280206E-07    6.035652E-09
    0.346970        1.803800E-07    6.038278E-09
    0.347516        1.975760E-07    6.049292E-09
    0.348062        2.507739E-07    6.047148E-09
    0.348608        3.071054E-07    6.063638E-09
    0.349154        2.586416E-07    6.057410E-09
    0.349700        1.897171E-07    6.064709E-09
    0.350246        2.441731E-07    6.073329E-09
    0.350791        2.918538E-07    6.074928E-09
    0.351337        3.088274E-07    6.086653E-09
    0.351883        2.820123E-07    6.078396E-09
    0.352429        2.572231E-07    6.090597E-09
    0.352975        2.681536E-07    6.096916E-09
    0.353521        2.588916E-07    6.096419E-09
    0.354067        1.707707E-07    6.101931E-09
    0.354613        1.986482E-07    6.095870E-09
    0.355158        2.364208E-07    6.113694E-09
    0.355704        2.747064E-07    6.112354E-09
    0.356250        3.033442E-07    6.118985E-09
    0.356796        3.043923E-07    6.124992E-09
    0.357342        2.507792E-07    6.118667E-09
    0.357888        2.373726E-07    6.137125E-09
    0.358433        2.382820E-07    6.126174E-09
    0.358979        2.970250E-07    6.138388E-09
    0.359525        3.097592E-07    6.138006E-09
    0.360071        2.333148E-07    6.136687E-09
    0.360617        2.183652E-07    6.148878E-09
    0.361162        2.645636E-07    6.139363E-09
    0.361708        2.830282E-07    6.153615E-09
    0.362254        2.635539E-07    6.155148E-09
    0.362800        2.477118E-07    6.157956E-09
    0.363345        2.286582E-07    6.162634E-09
    0.363891        2.208027E-07    6.157437E-09
    0.364437        1.900668E-07    6.172381E-09
    0.364982        2.029158E-07    6.168326E-09
    0.365528        2.357172E-07    6.176432E-09
    0.366074        2.838958E-07    6.180570E-09
    0.366620        3.034416E-07    6.176492E-09
    0.367165        2.467837E-07    6.189180E-09
    0.367711        2.158659E-07    6.177653E-09
    0.368257        2.388195E-07    6.189483E-09
    0.368802        1.915163E-07    6.188733E-09
    0.369348        2.093802E-07    6.193734E-09
    0.369894        2.170353E-07    6.200799E-09
    0.370439        2.498231E-07    6.192379E-09
    0.370985        2.838877E-07    6.207253E-09
    0.371531        2.761469E-07    6.202059E-09
    0.372076        2.341268E-07    6.208399E-09
    0.372622        1.792426E-07    6.208099E-09
    0.373168        1.641785E-07    6.205384E-09
    0.373713        1.699431E-07    6.221912E-09
    0.374259        2.012906E-07    6.214311E-09
    0.374804        1.474217E-07    6.221079E-09
    0.375350        1.424108E-07    6.221915E-09
    0.375896        1.830288E-07    6.223289E-09
    0.376441        1.951152E-07    6.236522E-09
    0.376987        1.823253E-07    6.223428E-09
    0.377532        1.934319E-07    6.237668E-09
    0.378078        2.304329E-07    6.236355E-09
    0.378623        2.010808E-07    6.239749E-09
    0.379169        1.517129E-07    6.244314E-09
    0.379715        1.234668E-07    6.234789E-09
    0.380260        1.679932E-07    6.252623E-09
    0.380806        1.482457E-07    6.243718E-09
    0.381351        9.110795E-08    6.250862E-09
    0.381897        1.166197E-07    6.253310E-09
    0.382442        1.744579E-07    6.249044E-09
    0.382988        2.222889E-07    6.266540E-09
    0.383533        2.175430E-07    6.255178E-09
    0.384079        1.425071E-07    6.259576E-09
    0.384624        1.296673E-07    6.258930E-09
    0.385170        1.194856E-07    6.260589E-09
    0.385715        1.406280E-07    6.273412E-09
    0.386261        1.716525E-07    6.264211E-09
    0.386806        2.030049E-07    6.277255E-09
    0.387351        2.521841E-07    6.273456E-09
    0.387897        2.294033E-07    6.278235E-09
    0.388442        8.830708E-08    6.278498E-09
    0.388988        5.048870E-08    6.271969E-09
    0.389533        6.677043E-08    6.286098E-09
    0.390079        7.780890E-08    6.280233E-09
    0.390624        1.298581E-07    6.289099E-09
    0.391169        1.442434E-07    6.286774E-09
    0.391715        1.768572E-07    6.286772E-09
    0.392260        2.062846E-07    6.299996E-09
    0.392806        1.863985E-07    6.288916E-09
    0.393351        1.902284E-07    6.293722E-09
    0.393896        1.297015E-07    6.283175E-09
    0.394442        1.199028E-07    6.279869E-09
    0.394987        1.384669E-07    6.279937E-09
    0.395532        1.288282E-07    6.266419E-09
    0.396078        9.758126E-08    6.270407E-09
    0.396623        9.968216E-08    6.257538E-09
    0.397168        9.889796E-08    6.260537E-09
    0.397714        7.920994E-08    6.251241E-09
    0.398259        7.877812E-08    6.243967E-09
    0.398804        6.850120E-08    6.253317E-09
    0.399349        9.049288E-08    6.242367E-09
    0.399895        1.176875E-07    6.253126E-09
    0.400440        6.748901E-08    6.245521E-09
    0.400985        9.841801E-08    6.253361E-09
    0.401531        2.043703E-07    6.262653E-09
    0.402076        2.065091E-07    6.250670E-09
    0.402621        1.976072E-07    6.262988E-09
    0.403166        1.841166E-07    6.257618E-09
    0.403712        1.561022E-07    6.267511E-09
    0.404257        1.740364E-07    6.268372E-09
    0.404802        1.749581E-07    6.257160E-09
    0.405347        1.241375E-07    6.272132E-09
    0.405892        9.220224E-08    6.261000E-09
    0.406438        1.375341E-07    6.275667E-09
    0.406983        1.700908E-07    6.271663E-09
    0.407528        1.084520E-07    6.267038E-09
    0.408073        7.543434E-08    6.277419E-09
    0.408618        1.328659E-07    6.268400E-09
    0.409163        1.962562E-07    6.280528E-09
    0.409709        1.487837E-07    6.273584E-09
    0.410254        4.135114E-08    6.276818E-09
    0.410799        2.884344E-08    6.283269E-09
    0.411344        9.991685E-08    6.276727E-09
    0.411889        1.887345E-07    6.288124E-09
    0.412434        2.047587E-07    6.277702E-09
    0.412979        1.992384E-07    6.287929E-09
    0.413524        1.949442E-07    6.288809E-09
    0.414070        1.763535E-07    6.282087E-09
    0.414615        1.496140E-07    6.292508E-09
    0.415160        1.006075E-07    6.280848E-09
    0.415705        1.571608E-07    6.294554E-09
    0.416250        1.949753E-07    6.289054E-09
    0.416795        1.929280E-07    6.289288E-09
    0.417340        1.716748E-07    6.299807E-09
    0.417885        1.071113E-07    6.291474E-09
    0.418430        9.022954E-08    6.301713E-09
    0.418975        1.066979E-07    6.289766E-09
    0.419520        1.114755E-07    6.297849E-09
    0.420065        1.825563E-07    6.299777E-09
    0.420610        1.809167E-07    6.295937E-09
    0.421155        1.542666E-07    6.303344E-09
    0.421700        1.606281E-07    6.292370E-09
    0.422245        1.168213E-07    6.305336E-09
    0.422790        1.276137E-07    6.303238E-09
    0.423335        1.533194E-07    6.303029E-09
    0.423880        1.320917E-07    6.310362E-09
    0.424425        1.196929E-07    6.300767E-09
    0.424970        1.750828E-07    6.311963E-09
    0.425515        1.380474E-07    6.300969E-09
    0.426060        1.607962E-07    6.307684E-09
    0.426605        1.406382E-07    6.313477E-09
    0.427149        1.223265E-07    6.307169E-09
    0.427694        1.339726E-07    6.317300E-09
    0.428239        1.913135E-07    6.303295E-09
    0.428784        1.361175E-07    6.316187E-09
    0.429329        1.099433E-07    6.312515E-09
    0.429874        1.536756E-07    6.309446E-09
    0.430419        1.541482E-07    6.315452E-09
    0.430964        1.150999E-07    6.305682E-09
    0.431508        1.068648E-07    6.320598E-09
    0.432053        1.270573E-07    6.313709E-09
    0.432598        1.180558E-07    6.313150E-09
    0.433143        1.156812E-07    6.319012E-09
    0.433688        1.346612E-07    6.309394E-09
    0.434233        1.479788E-07    6.327236E-09
    0.434777        1.081518E-07    6.311693E-09
    0.435322        1.211861E-07    6.319133E-09
    0.435867        8.151765E-08    6.322221E-09
    0.436412        9.152185E-08    6.314989E-09
    0.436956        1.086694E-07    6.324403E-09
    0.437501        1.210056E-07    6.314341E-09
    0.438046        2.055684E-07    6.328436E-09
    0.438591        2.033167E-07    6.325699E-09
    0.439135        1.775436E-07    6.319689E-09
    0.439680        1.356489E-07    6.326535E-09
    0.440225        1.546510E-07    6.319126E-09
    0.440770        1.366795E-07    6.331234E-09
    0.441314        1.569307E-07    6.322348E-09
    0.441859        1.746257E-07    6.325190E-09
    0.442404        1.835858E-07    6.329385E-09
    0.442948        1.583864E-07    6.324095E-09
    0.443493        2.007951E-07    6.336097E-09
    0.444038        1.423290E-07    6.324074E-09
    0.444582        1.032039E-07    6.330092E-09
    0.445127        1.865290E-07    6.330681E-09
    0.445672        1.561975E-07    6.330142E-09
    0.446216        1.095579E-07    6.335817E-09
    0.446761        1.789661E-07    6.324290E-09
    0.447306        2.478214E-07    6.340073E-09
    0.447850        1.829467E-07    6.332902E-09
    0.448395        1.529726E-07    6.335232E-09
    0.448939        1.635996E-07    6.334485E-09
    0.449484        1.918824E-07    6.331628E-09
    0.450028        1.956222E-07    6.344615E-09
    0.450573        1.418893E-07    6.331415E-09
    0.451118        1.135885E-07    6.336846E-09
    0.451662        1.294586E-07    6.337213E-09
    0.452207        1.647580E-07    6.335517E-09
    0.452751        1.791277E-07    6.352783E-09
    0.453296        2.012204E-07    6.344983E-09
    0.453840        1.426821E-07    6.350671E-09
    0.454385        1.768374E-07    6.341970E-09
    0.454929        1.660980E-07    6.340623E-09
    0.455474        1.693968E-07    6.349087E-09
    0.456018        2.276593E-07    6.334377E-09
    0.456563        2.971200E-07    6.353852E-09
    0.457107        2.835070E-07    6.338923E-09
    0.457652        1.868539E-07    6.345781E-09
    0.458196        1.394820E-07    6.342883E-09
    0.458741        7.070828E-08    6.334373E-09
    0.459285        8.246624E-08    6.349014E-09
    0.459829        1.348489E-07    6.335682E-09
    0.460374        9.478518E-08    6.351161E-09
    0.460918        9.020491E-08    6.342706E-09
    0.461463        1.995133E-07    6.345796E-09
    0.462007        2.820680E-07    6.357297E-09
    0.462551        3.386232E-07    6.346402E-09
    0.463096        1.391757E-07    6.355542E-09
    0.463640        1.978839E-07    6.346297E-09
    0.464185        2.726234E-07    6.353787E-09
    0.464729        2.463976E-07    6.353921E-09
    0.465273        2.005660E-07    6.346143E-09
    0.465818        1.450432E-07    6.354925E-09
    0.466362        1.194227E-07    6.344716E-09
    0.466906        2.006522E-07    6.351555E-09
    0.467451        2.997483E-07    6.348416E-09
    0.467995        2.601374E-07    6.348853E-09
    0.468539        2.095101E-07    6.358066E-09
    0.469083        1.614660E-07    6.350720E-09
    0.469628        1.696478E-07    6.354575E-09
    0.470172        1.716736E-07    6.355740E-09
    0.470716        1.592464E-07    6.352724E-09
    0.471260        2.402484E-07    6.361688E-09
    0.471805        2.673627E-07    6.355830E-09
    0.472349        1.815791E-07    6.357435E-09
    0.472893        2.294262E-07    6.360849E-09
    0.473437        2.210572E-07    6.360972E-09
    0.473982        2.103868E-07    6.361584E-09
    0.474526        2.180294E-07    6.357876E-09
    0.475070        2.220543E-07    6.361973E-09
    0.475614        1.944342E-07    6.360544E-09
    0.476158        2.130084E-07    6.360070E-09
    0.476703        2.091870E-07    6.362414E-09
    0.477247        2.085815E-07    6.362258E-09
    0.477791        1.620965E-07    6.364114E-09
    0.478335        1.715133E-07    6.363227E-09
    0.478879        1.628657E-07    6.361584E-09
    0.479423        1.575497E-07    6.365573E-09
    0.479967        1.305098E-07    6.363403E-09
    0.480511        1.880124E-07    6.364575E-09
    0.481056        1.751312E-07    6.365179E-09
    0.481600        1.640518E-07    6.362754E-09
    0.482144        1.666184E-07    6.366767E-09
    0.482688        1.758376E-07    6.367169E-09
    0.483232        2.084512E-07    6.365151E-09
    0.483776        2.021744E-07    6.366080E-09
    0.484320        2.181378E-07    6.450329E-09
    0.484864        1.774408E-07    6.657956E-09
    0.485408        1.480292E-07    6.781850E-09
    0.485952        2.103823E-07    6.879227E-09
    0.486496        2.185455E-07    6.975148E-09
    0.487040        1.218229E-07    7.061018E-09
    0.487584        1.214293E-07    7.134384E-09
    0.488128        1.308757E-07    7.204005E-09
    0.488672        1.202015E-07    7.242339E-09
    0.489216        1.488570E-07    7.280068E-09
    0.489760        1.387286E-07    7.345045E-09
    0.490304        1.683086E-07    7.406272E-09
    0.490848        1.812752E-07    7.473223E-09
    0.491392        2.855141E-07    7.537178E-09
    0.491936        2.361920E-07    7.596588E-09
    0.492480        2.314697E-07    7.660504E-09
    0.493023        2.235926E-07    7.719853E-09
    0.493567        2.032246E-07    7.781957E-09
    0.494111        2.545156E-07    7.848504E-09
    0.494655        2.718153E-07    7.905762E-09
    0.495199        1.692528E-07    7.960157E-09
    0.495743        1.548952E-07    8.019179E-09
    0.496287        1.481858E-07    8.083759E-09
    0.496830        1.687204E-07    8.143491E-09
    0.497374        1.919254E-07    8.204989E-09
    0.497918        1.393273E-07    8.270361E-09
    0.498462        1.191104E-07    8.323549E-09
    0.499006        1.141987E-07    8.388646E-09
    0.499550        1.515014E-07    8.446254E-09
    0.500093        1.034121E-07    8.506656E-09
    0.500637        1.019058E-07    8.578385E-09
    0.501181        1.467526E-07    8.638943E-09
    0.501725        6.131659E-08    8.692450E-09
    0.502268        1.163952E-07    8.757716E-09
    0.502812        1.328113E-07    8.826171E-09
    0.503356        1.436610E-07    8.893553E-09
    0.503900        2.054098E-07    8.956875E-09
    0.504443        2.817299E-07    9.028503E-09
    0.504987        2.776090E-07    9.099056E-09
    0.505531        2.873730E-07    9.169129E-09
    0.506074        2.225041E-07    9.237744E-09
    0.506618        1.909191E-07    9.291183E-09
    0.507162        2.180398E-07    9.374552E-09
    0.507705        1.548501E-07    9.445917E-09
    0.508249        1.609389E-07    9.513704E-09
    0.508793        1.646983E-07    9.587073E-09
    0.509336        1.490371E-07    9.655577E-09
    0.509880        1.002607E-07    9.738490E-09
    0.510424        1.767258E-07    9.824440E-09
    0.510967        2.274402E-07    9.893800E-09
    0.511511        2.001395E-07    9.970748E-09
    0.512054        1.778866E-07    1.005209E-08
    0.512598        1.308405E-07    1.013562E-08
    0.513141        8.928523E-08    1.021059E-08
    0.513685        5.926905E-08    1.027919E-08
    0.514229        8.173280E-09    1.037999E-08
    0.514772        5.717791E-08    1.046763E-08
    0.515316        9.161847E-08    1.055873E-08
    0.515859        5.847836E-08    1.064367E-08
    0.516403        1.942389E-07    1.074080E-08
    0.516946        2.233497E-07    1.083771E-08
    0.517490        2.239330E-07    1.092433E-08
    0.518033        2.358944E-07    1.101498E-08
    0.518577        2.252131E-07    1.112982E-08
    0.519120        1.107591E-07    1.122628E-08
    0.519664        9.731683E-08    1.134136E-08
    0.520207        2.168854E-07    1.143553E-08
    0.520750        2.763410E-07    1.154384E-08
    0.521294        2.678297E-07    1.167697E-08
    0.521837        2.507696E-07    1.177999E-08
    0.522381        2.775402E-07    1.189508E-08
    0.522924        2.062694E-07    1.200674E-08
    0.523467        1.823334E-07    1.213562E-08
    0.524011        1.690862E-07    1.222831E-08
    0.524554        1.172961E-07    1.228760E-08
    0.525098        2.112402E-07    1.234489E-08
    0.525641        3.173535E-07    1.241889E-08
    0.526184        1.690585E-07    1.247254E-08
    0.526728        2.018165E-07    1.255766E-08
    0.527271        2.948923E-07    1.260944E-08
    0.527814        9.903411E-08    1.268730E-08
    0.528358        8.324264E-08    1.275020E-08
    0.528901        1.640737E-07    1.282194E-08
    0.529444        1.422611E-07    1.288891E-08
    0.529987        1.861731E-07    1.295745E-08
    0.530531        2.154255E-07    1.304989E-08
    0.531074        1.572528E-07    1.312595E-08
    0.531617        2.807030E-07    1.318392E-08
    0.532160        4.264031E-07    1.325688E-08
    0.532704        1.667806E-07    1.334589E-08
    0.533247        1.579739E-07    1.342182E-08
    0.533790        1.763129E-07    1.349924E-08
    0.534333        7.193399E-08    1.355458E-08
    0.534876        6.372600E-08    1.366451E-08
    0.535420        3.489174E-08    1.374400E-08
    0.535963       -5.001055E-08    1.383242E-08
    0.536506       -8.441942E-08    1.388044E-08
    0.537049        1.344321E-07    1.400038E-08
    0.537592        2.425105E-07    1.411456E-08
    0.538135        3.358296E-07    1.420904E-08
    0.538678        2.151440E-07    1.426491E-08
    0.539222        1.567981E-07    1.438580E-08
    0.539765        2.237805E-07    1.447353E-08
    0.540308        1.214012E-07    1.456874E-08
    0.540851        1.456662E-07    1.466101E-08
    0.541394        3.996874E-08    1.472942E-08
    0.541937        7.009718E-08    1.484624E-08
    0.542480        2.220132E-07    1.495163E-08
    0.543023        2.621274E-07    1.506885E-08
    0.543566        2.929708E-07    1.517454E-08
    0.544109        2.573929E-07    1.526515E-08
    0.544652        2.401566E-07    1.541355E-08
    0.545195        2.619604E-07    1.552803E-08
    0.545738        3.196710E-07    1.563672E-08
    0.546281        3.148814E-07    1.573187E-08
    0.546824        2.164679E-07    1.583320E-08
    0.547367        2.367296E-07    1.598890E-08
    0.547910        3.424364E-07    1.608400E-08
    0.548453        3.703285E-07    1.620717E-08
    0.548996        2.865689E-07    1.635999E-08
    0.549539        3.731849E-07    1.645945E-08
    0.550082        4.473634E-07    1.661226E-08
    0.550625        3.494326E-07    1.673047E-08
    0.551168        2.630509E-07    1.688652E-08
    0.551710        2.188888E-07    1.703639E-08
    0.552253        1.912774E-07    1.714997E-08
    0.552796        1.191301E-07    1.732093E-08
    0.553339        7.892628E-08    1.745618E-08
    0.553882        1.369672E-07    1.762889E-08
    0.554425        2.154656E-07    1.780824E-08
    0.554968        2.694372E-07    1.792903E-08
    0.555510        2.724515E-07    1.812682E-08
    0.556053        2.704210E-07    1.829127E-08
    0.556596        4.231317E-07    1.846475E-08
    0.557139        3.807499E-07    1.867217E-08
    0.557682        4.037067E-07    1.884404E-08
    0.558224        3.831269E-07    1.904928E-08
    0.558767        2.472989E-07    1.922817E-08
    0.559310        1.130697E-07    1.940406E-08
    0.559853        6.698965E-08    1.963662E-08
    0.560395        2.346675E-07    1.984827E-08
    0.560938        4.206694E-07    2.011606E-08
    0.561481        3.970570E-07    2.032050E-08
    0.562023        2.182153E-07    2.053597E-08
    0.562566        1.312538E-07    2.080687E-08
    0.563109        3.429101E-07    2.103595E-08
    0.563651        3.765113E-07    2.132652E-08
    0.564194        3.395804E-07    2.161116E-08
    0.564737        4.017162E-07    2.186367E-08
    0.565279        3.880299E-07    2.220654E-08
    0.565822        3.426595E-07    2.245569E-08
    0.566365        1.747520E-07    2.277775E-08
    0.566907        1.085620E-07    2.315343E-08
    0.567450        2.795371E-08    2.341491E-08
    0.567992        2.558235E-07    2.384971E-08
    0.568535        5.156353E-07    2.418075E-08
    0.569078        4.974356E-07    2.458585E-08
    0.569620        5.834261E-07    2.503144E-08
    0.570163        5.142302E-07    2.539907E-08
    0.570705        2.617047E-07    2.591304E-08
    0.571248        2.863315E-08    2.633070E-08
    0.571790        9.893218E-08    2.683817E-08
    0.572333        1.512824E-07    2.747343E-08
    0.572875        2.494271E-07    2.794109E-08
    0.573418        2.015331E-07    2.863866E-08
    0.573960        2.145330E-07    2.917977E-08
    0.574503        2.126655E-07    2.991259E-08
    0.575045       -1.493269E-07    3.068307E-08
    0.575587       -3.938531E-08    3.129743E-08
    0.576130        3.325152E-07    3.235999E-08
    0.576672        5.379938E-07    3.326413E-08
    0.577215        7.237631E-07    3.418988E-08
    0.577757        3.723925E-07    3.537567E-08
    0.578300        2.661306E-07    3.634630E-08
    0.578842        2.662043E-07    3.785632E-08
    0.579384        1.214762E-07    3.935930E-08
    0.579927        1.887017E-07    4.091429E-08
    0.580469        9.358222E-08    4.291854E-08
    0.581011       -2.019055E-07    4.491727E-08
    0.581554       -2.213723E-07    4.762352E-08
    0.582096       -9.734146E-08    5.063764E-08
    0.582638       -6.799599E-08    5.420926E-08
    0.583181        3.847054E-07    5.937186E-08
    0.583723        4.528082E-07    6.497825E-08
    0.584265        5.088350E-07    7.462798E-08
    0.584807        6.139976E-07    8.769726E-08
    0.585350        9.838103E-08    1.109723E-07
