  0.591093E-01  0.909500E+02  0.240400E+02
  0.618416E-01  0.854000E+02  0.198570E+02
  0.645739E-01  0.847833E+02  0.168150E+02
  0.673062E-01  0.858667E+02  0.145462E+02
  0.700385E-01  0.814167E+02  0.126155E+02
  0.727708E-01  0.807067E+02  0.108337E+02
  0.755031E-01  0.808467E+02  0.938850E+01
  0.782354E-01  0.769250E+02  0.825162E+01
  0.809677E-01  0.796517E+02  0.717519E+01
  0.837001E-01  0.777500E+02  0.641380E+01
  0.864324E-01  0.766867E+02  0.557724E+01
  0.891647E-01  0.789483E+02  0.504880E+01
  0.918970E-01  0.719150E+02  0.461146E+01
  0.946293E-01  0.741217E+02  0.406243E+01
  0.973616E-01  0.723383E+02  0.369882E+01
  0.100094E+00  0.721450E+02  0.331347E+01
  0.102826E+00  0.695400E+02  0.306154E+01
  0.105559E+00  0.700733E+02  0.276095E+01
  0.108291E+00  0.692683E+02  0.249605E+01
  0.111023E+00  0.687133E+02  0.232775E+01
  0.113755E+00  0.680233E+02  0.210248E+01
  0.116488E+00  0.673283E+02  0.195086E+01
  0.119220E+00  0.681883E+02  0.180721E+01
  0.121952E+00  0.648950E+02  0.166290E+01
  0.124685E+00  0.658527E+02  0.158246E+01
  0.127417E+00  0.650552E+02  0.144182E+01
  0.130149E+00  0.644790E+02  0.137834E+01
  0.132882E+00  0.644350E+02  0.127740E+01
  0.135614E+00  0.640963E+02  0.119897E+01
  0.138346E+00  0.630603E+02  0.115309E+01
  0.141079E+00  0.630163E+02  0.106581E+01
  0.143811E+00  0.622408E+02  0.102433E+01
  0.146543E+00  0.619930E+02  0.963344E+00
  0.149275E+00  0.610703E+02  0.922541E+00
  0.152008E+00  0.604405E+02  0.879705E+00
  0.154740E+00  0.602232E+02  0.837054E+00
  0.157472E+00  0.599638E+02  0.809439E+00
  0.160205E+00  0.592422E+02  0.773431E+00
  0.162937E+00  0.590095E+02  0.739910E+00
  0.165669E+00  0.583280E+02  0.718673E+00
  0.168402E+00  0.579678E+02  0.690045E+00
  0.171134E+00  0.576080E+02  0.671125E+00
  0.173866E+00  0.572630E+02  0.645967E+00
  0.176599E+00  0.568152E+02  0.624749E+00
  0.179331E+00  0.558750E+02  0.608438E+00
  0.182063E+00  0.557465E+02  0.589754E+00
  0.184795E+00  0.554505E+02  0.576667E+00
  0.187528E+00  0.551695E+02  0.555305E+00
  0.190260E+00  0.549490E+02  0.545262E+00
  0.192992E+00  0.544245E+02  0.530372E+00
  0.195725E+00  0.537960E+02  0.519348E+00
  0.198457E+00  0.531873E+02  0.503270E+00
  0.201189E+00  0.528812E+02  0.497845E+00
  0.203922E+00  0.527763E+02  0.485461E+00
  0.206654E+00  0.520675E+02  0.475791E+00
  0.209386E+00  0.517178E+02  0.463477E+00
  0.212119E+00  0.512648E+02  0.455755E+00
  0.214851E+00  0.510113E+02  0.451336E+00
  0.217583E+00  0.510178E+02  0.444747E+00
  0.220315E+00  0.506008E+02  0.435003E+00
  0.223048E+00  0.496970E+02  0.426603E+00
  0.225780E+00  0.492269E+02  0.420232E+00
  0.228512E+00  0.494741E+02  0.416413E+00
  0.231245E+00  0.489380E+02  0.411071E+00
  0.233977E+00  0.485749E+02  0.404865E+00
  0.236709E+00  0.488212E+02  0.402759E+00
  0.239442E+00  0.476961E+02  0.394626E+00
  0.242174E+00  0.475366E+02  0.391094E+00
  0.244906E+00  0.470242E+02  0.384466E+00
  0.247639E+00  0.470485E+02  0.385596E+00
  0.250371E+00  0.467085E+02  0.378846E+00
  0.253103E+00  0.463257E+02  0.374550E+00
  0.255835E+00  0.456332E+02  0.370613E+00
  0.258568E+00  0.453736E+02  0.367573E+00
  0.261300E+00  0.452063E+02  0.363109E+00
  0.264032E+00  0.445980E+02  0.359020E+00
  0.266765E+00  0.445540E+02  0.357646E+00
  0.269497E+00  0.442256E+02  0.353618E+00
  0.272229E+00  0.438796E+02  0.350560E+00
  0.274962E+00  0.437672E+02  0.346875E+00
  0.277694E+00  0.434470E+02  0.343204E+00
  0.280426E+00  0.429242E+02  0.341053E+00
  0.283159E+00  0.424269E+02  0.335324E+00
  0.285891E+00  0.422486E+02  0.330423E+00
  0.288623E+00  0.420557E+02  0.330816E+00
  0.291355E+00  0.417140E+02  0.326574E+00
  0.294088E+00  0.414283E+02  0.323846E+00
  0.296820E+00  0.408404E+02  0.321515E+00
  0.299552E+00  0.408669E+02  0.317059E+00
  0.302285E+00  0.404904E+02  0.314155E+00
  0.305017E+00  0.400736E+02  0.313185E+00
  0.307749E+00  0.396126E+02  0.309237E+00
  0.310482E+00  0.395526E+02  0.306494E+00
  0.313214E+00  0.395741E+02  0.305916E+00
  0.315946E+00  0.389705E+02  0.301262E+00
  0.318679E+00  0.388096E+02  0.300144E+00
  0.321411E+00  0.385033E+02  0.294340E+00
  0.324143E+00  0.380240E+02  0.295453E+00
  0.326876E+00  0.380983E+02  0.295142E+00
  0.329608E+00  0.376529E+02  0.291609E+00
  0.332340E+00  0.373088E+02  0.290143E+00
  0.335072E+00  0.369183E+02  0.287176E+00
  0.337805E+00  0.368012E+02  0.288101E+00
  0.340537E+00  0.363673E+02  0.285017E+00
  0.343269E+00  0.363411E+02  0.283402E+00
  0.346002E+00  0.363548E+02  0.283587E+00
  0.348734E+00  0.359696E+02  0.278872E+00
  0.351466E+00  0.353892E+02  0.281234E+00
  0.354199E+00  0.351069E+02  0.275433E+00
  0.356931E+00  0.350296E+02  0.275143E+00
  0.359663E+00  0.348302E+02  0.274538E+00
  0.362396E+00  0.345074E+02  0.270587E+00
  0.365128E+00  0.342375E+02  0.271302E+00
  0.367860E+00  0.340773E+02  0.268093E+00
  0.370592E+00  0.338111E+02  0.267087E+00
  0.373325E+00  0.333448E+02  0.266586E+00
  0.376057E+00  0.333334E+02  0.265135E+00
  0.378789E+00  0.331334E+02  0.263477E+00
  0.381522E+00  0.327541E+02  0.260827E+00
  0.384254E+00  0.325826E+02  0.259693E+00
  0.386986E+00  0.323795E+02  0.257809E+00
  0.389719E+00  0.320297E+02  0.256922E+00
  0.392451E+00  0.316280E+02  0.255654E+00
  0.395183E+00  0.313941E+02  0.253270E+00
  0.397916E+00  0.312851E+02  0.250908E+00
  0.400648E+00  0.313121E+02  0.253464E+00
  0.403380E+00  0.308952E+02  0.249629E+00
  0.406112E+00  0.307198E+02  0.248989E+00
  0.408845E+00  0.304821E+02  0.247876E+00
  0.411577E+00  0.301791E+02  0.243990E+00
  0.414309E+00  0.300092E+02  0.244693E+00
  0.417042E+00  0.297697E+02  0.241962E+00
  0.419774E+00  0.295127E+02  0.241040E+00
  0.422506E+00  0.292961E+02  0.241089E+00
  0.425239E+00  0.291193E+02  0.237821E+00
  0.427971E+00  0.289719E+02  0.237265E+00
  0.430703E+00  0.284287E+02  0.233900E+00
  0.433436E+00  0.283935E+02  0.233926E+00
  0.436168E+00  0.281011E+02  0.231870E+00
  0.438900E+00  0.280959E+02  0.231389E+00
  0.441632E+00  0.276881E+02  0.230436E+00
  0.444365E+00  0.273570E+02  0.227708E+00
  0.447097E+00  0.271749E+02  0.225815E+00
  0.449829E+00  0.269562E+02  0.224670E+00
  0.452562E+00  0.266678E+02  0.223777E+00
  0.455294E+00  0.264977E+02  0.223529E+00
  0.458026E+00  0.262714E+02  0.220863E+00
  0.460759E+00  0.263655E+02  0.221465E+00
  0.463491E+00  0.262993E+02  0.220297E+00
  0.466223E+00  0.256742E+02  0.218234E+00
  0.468956E+00  0.252243E+02  0.214838E+00
  0.471688E+00  0.255784E+02  0.216913E+00
  0.474420E+00  0.256702E+02  0.218800E+00
  0.477152E+00  0.249056E+02  0.211337E+00
  0.479885E+00  0.249058E+02  0.213669E+00
  0.482617E+00  0.248090E+02  0.213248E+00
  0.485349E+00  0.245809E+02  0.210112E+00
  0.488082E+00  0.244159E+02  0.210372E+00
  0.490814E+00  0.244397E+02  0.211495E+00
  0.493546E+00  0.241070E+02  0.209065E+00
  0.496279E+00  0.236283E+02  0.202983E+00
  0.499011E+00  0.237376E+02  0.207011E+00
  0.501743E+00  0.233643E+02  0.203747E+00
  0.504476E+00  0.235076E+02  0.204132E+00
  0.507208E+00  0.230919E+02  0.202486E+00
  0.509940E+00  0.229620E+02  0.200699E+00
  0.512672E+00  0.227174E+02  0.201294E+00
  0.515405E+00  0.225747E+02  0.199565E+00
  0.518137E+00  0.221565E+02  0.196771E+00
  0.520869E+00  0.226124E+02  0.200940E+00
  0.523602E+00  0.225398E+02  0.199327E+00
  0.526334E+00  0.220971E+02  0.197187E+00
  0.529066E+00  0.219572E+02  0.194079E+00
  0.531799E+00  0.217925E+02  0.195415E+00
  0.534531E+00  0.217771E+02  0.195084E+00
  0.537263E+00  0.213042E+02  0.190678E+00
  0.539996E+00  0.215891E+02  0.195310E+00
  0.542728E+00  0.209645E+02  0.187986E+00
  0.545460E+00  0.207713E+02  0.188667E+00
  0.548192E+00  0.207848E+02  0.187719E+00
  0.550925E+00  0.206166E+02  0.188056E+00
  0.553657E+00  0.204978E+02  0.186872E+00
  0.556389E+00  0.201128E+02  0.183931E+00
  0.559122E+00  0.200908E+02  0.185472E+00
  0.561854E+00  0.198322E+02  0.183156E+00
  0.564586E+00  0.196519E+02  0.180904E+00
  0.567319E+00  0.195253E+02  0.181673E+00
  0.570051E+00  0.197444E+02  0.182554E+00
  0.572783E+00  0.195998E+02  0.182918E+00
  0.575516E+00  0.192113E+02  0.178446E+00
  0.578248E+00  0.190095E+02  0.178992E+00
  0.580980E+00  0.189784E+02  0.178234E+00
  0.583713E+00  0.185920E+02  0.174203E+00
  0.586445E+00  0.186254E+02  0.176538E+00
  0.589177E+00  0.186342E+02  0.175589E+00
  0.591909E+00  0.185619E+02  0.175667E+00
  0.594642E+00  0.183357E+02  0.173874E+00
  0.597374E+00  0.180272E+02  0.172177E+00
  0.600106E+00  0.179893E+02  0.173091E+00
  0.602839E+00  0.178329E+02  0.171884E+00
  0.605571E+00  0.176158E+02  0.170198E+00
  0.608303E+00  0.177685E+02  0.170528E+00
  0.611036E+00  0.173891E+02  0.169192E+00
  0.613768E+00  0.170830E+02  0.165816E+00
  0.616500E+00  0.170625E+02  0.167461E+00
  0.619233E+00  0.169508E+02  0.165835E+00
  0.621965E+00  0.168580E+02  0.164354E+00
  0.624697E+00  0.168384E+02  0.165761E+00
  0.627429E+00  0.166757E+02  0.164775E+00
  0.630162E+00  0.165131E+02  0.163911E+00
  0.632894E+00  0.163433E+02  0.161652E+00
  0.635626E+00  0.161929E+02  0.161121E+00
  0.638359E+00  0.161388E+02  0.161435E+00
  0.641091E+00  0.161073E+02  0.161453E+00
  0.643823E+00  0.157174E+02  0.159200E+00
  0.646556E+00  0.157219E+02  0.158951E+00
  0.649288E+00  0.156052E+02  0.158588E+00
  0.652020E+00  0.154849E+02  0.157541E+00
  0.654753E+00  0.155740E+02  0.158630E+00
  0.657485E+00  0.153339E+02  0.157017E+00
  0.660217E+00  0.152868E+02  0.155337E+00
  0.662949E+00  0.150675E+02  0.154299E+00
  0.665682E+00  0.149190E+02  0.153858E+00
  0.668414E+00  0.147618E+02  0.153340E+00
  0.671146E+00  0.145945E+02  0.152082E+00
  0.673879E+00  0.147242E+02  0.153146E+00
  0.676611E+00  0.147039E+02  0.152981E+00
  0.679343E+00  0.142691E+02  0.150614E+00
  0.682076E+00  0.144384E+02  0.150440E+00
  0.684808E+00  0.140420E+02  0.149229E+00
  0.687540E+00  0.139890E+02  0.147848E+00
  0.690273E+00  0.139643E+02  0.148471E+00
  0.693005E+00  0.136584E+02  0.145737E+00
  0.695737E+00  0.139124E+02  0.148055E+00
  0.698469E+00  0.138786E+02  0.148310E+00
  0.701202E+00  0.134427E+02  0.145176E+00
  0.703934E+00  0.132894E+02  0.144713E+00
  0.706666E+00  0.131663E+02  0.143694E+00
  0.709399E+00  0.130737E+02  0.142727E+00
  0.712131E+00  0.130719E+02  0.144521E+00
  0.714863E+00  0.127678E+02  0.140026E+00
  0.717596E+00  0.129512E+02  0.143417E+00
  0.720328E+00  0.127784E+02  0.140945E+00
  0.723060E+00  0.126606E+02  0.140393E+00
  0.725793E+00  0.124148E+02  0.140623E+00
  0.728525E+00  0.126969E+02  0.140948E+00
  0.731257E+00  0.123590E+02  0.139194E+00
  0.733989E+00  0.122982E+02  0.137743E+00
  0.736722E+00  0.121110E+02  0.137612E+00
  0.739454E+00  0.121037E+02  0.136992E+00
  0.742186E+00  0.120107E+02  0.136185E+00
  0.744919E+00  0.120580E+02  0.137963E+00
  0.747651E+00  0.117605E+02  0.134825E+00
  0.750383E+00  0.117877E+02  0.135094E+00
  0.753116E+00  0.119212E+02  0.136004E+00
  0.755848E+00  0.117055E+02  0.135035E+00
  0.758580E+00  0.115012E+02  0.134256E+00
  0.761313E+00  0.113812E+02  0.133135E+00
  0.764045E+00  0.113364E+02  0.133249E+00
  0.766777E+00  0.111425E+02  0.130444E+00
  0.769509E+00  0.110024E+02  0.130478E+00
  0.772242E+00  0.111181E+02  0.130592E+00
  0.774974E+00  0.110163E+02  0.130807E+00
  0.777706E+00  0.109275E+02  0.130601E+00
  0.780439E+00  0.108511E+02  0.129498E+00
  0.783171E+00  0.107224E+02  0.128013E+00
  0.785903E+00  0.107643E+02  0.128848E+00
  0.788636E+00  0.106980E+02  0.128718E+00
  0.791368E+00  0.107373E+02  0.130285E+00
  0.794100E+00  0.105236E+02  0.127326E+00
  0.796833E+00  0.102971E+02  0.125910E+00
  0.799565E+00  0.103232E+02  0.126271E+00
  0.802297E+00  0.101207E+02  0.127131E+00
  0.805029E+00  0.100862E+02  0.127269E+00
  0.807762E+00  0.100888E+02  0.125773E+00
  0.810494E+00  0.100461E+02  0.127098E+00
  0.813226E+00  0.100089E+02  0.127397E+00
  0.815959E+00  0.977238E+01  0.126400E+00
  0.818691E+00  0.973638E+01  0.126458E+00
  0.821423E+00  0.964958E+01  0.125359E+00
  0.824156E+00  0.960558E+01  0.127628E+00
  0.826888E+00  0.961078E+01  0.126069E+00
  0.829620E+00  0.948550E+01  0.126927E+00
  0.832353E+00  0.933393E+01  0.124616E+00
  0.835085E+00  0.923177E+01  0.124743E+00
  0.837817E+00  0.909018E+01  0.124470E+00
  0.840549E+00  0.915728E+01  0.124801E+00
  0.843282E+00  0.910243E+01  0.125093E+00
  0.846014E+00  0.895603E+01  0.122819E+00
  0.848746E+00  0.890848E+01  0.123333E+00
  0.851479E+00  0.903710E+01  0.125540E+00
  0.854211E+00  0.871960E+01  0.123522E+00
  0.856943E+00  0.875028E+01  0.124020E+00
  0.859676E+00  0.865728E+01  0.122088E+00
  0.862408E+00  0.845215E+01  0.122831E+00
  0.865140E+00  0.853040E+01  0.121954E+00
  0.867873E+00  0.834893E+01  0.121829E+00
  0.870605E+00  0.858210E+01  0.124018E+00
  0.873337E+00  0.841965E+01  0.122198E+00
  0.876070E+00  0.822642E+01  0.121274E+00
  0.878802E+00  0.826275E+01  0.121980E+00
  0.881534E+00  0.831303E+01  0.121377E+00
  0.884266E+00  0.809440E+01  0.121275E+00
  0.886999E+00  0.810362E+01  0.121715E+00
  0.889731E+00  0.789948E+01  0.119944E+00
  0.892463E+00  0.796653E+01  0.118723E+00
  0.895196E+00  0.776785E+01  0.119998E+00
  0.897928E+00  0.780885E+01  0.119248E+00
  0.900660E+00  0.794087E+01  0.120939E+00
  0.903393E+00  0.773217E+01  0.119939E+00
  0.906125E+00  0.769437E+01  0.118215E+00
  0.908857E+00  0.773363E+01  0.120201E+00
  0.911590E+00  0.760840E+01  0.119515E+00
  0.914322E+00  0.760972E+01  0.120504E+00
  0.917054E+00  0.750172E+01  0.119959E+00
  0.919786E+00  0.746503E+01  0.118153E+00
  0.922519E+00  0.748540E+01  0.120261E+00
  0.925251E+00  0.739850E+01  0.117487E+00
  0.927983E+00  0.711435E+01  0.117232E+00
  0.930716E+00  0.738030E+01  0.119110E+00
  0.933448E+00  0.728427E+01  0.119051E+00
  0.936180E+00  0.720748E+01  0.117605E+00
  0.938913E+00  0.701327E+01  0.115872E+00
  0.941645E+00  0.701448E+01  0.116551E+00
  0.944377E+00  0.705290E+01  0.117591E+00
  0.947110E+00  0.695520E+01  0.118377E+00
  0.949842E+00  0.696117E+01  0.116970E+00
  0.952574E+00  0.696405E+01  0.115508E+00
  0.955306E+00  0.683558E+01  0.117617E+00
  0.958039E+00  0.674565E+01  0.115347E+00
  0.960771E+00  0.668267E+01  0.116681E+00
  0.963503E+00  0.668305E+01  0.114713E+00
  0.966236E+00  0.668187E+01  0.114310E+00
  0.968968E+00  0.668960E+01  0.116347E+00
  0.971700E+00  0.664010E+01  0.114212E+00
  0.974433E+00  0.650468E+01  0.115922E+00
  0.977165E+00  0.658092E+01  0.115387E+00
  0.979897E+00  0.643473E+01  0.113869E+00
  0.982630E+00  0.631333E+01  0.115884E+00
  0.985362E+00  0.641885E+01  0.111159E+00
  0.988094E+00  0.643350E+01  0.116251E+00
  0.990826E+00  0.631443E+01  0.115727E+00
  0.993559E+00  0.621812E+01  0.113593E+00
  0.996291E+00  0.629320E+01  0.114162E+00
  0.999023E+00  0.613852E+01  0.113444E+00
  0.100176E+01  0.595548E+01  0.112770E+00
  0.100449E+01  0.615432E+01  0.113140E+00
  0.100722E+01  0.592115E+01  0.112000E+00
  0.100995E+01  0.595487E+01  0.111296E+00
  0.101268E+01  0.587658E+01  0.111699E+00
  0.101542E+01  0.589157E+01  0.112981E+00
  0.101815E+01  0.585817E+01  0.110958E+00
  0.102088E+01  0.582818E+01  0.112533E+00
  0.102361E+01  0.588010E+01  0.111303E+00
  0.102635E+01  0.578047E+01  0.111377E+00
  0.102908E+01  0.573017E+01  0.112654E+00
  0.103181E+01  0.562015E+01  0.109615E+00
  0.103454E+01  0.569812E+01  0.111233E+00
  0.103728E+01  0.559483E+01  0.110778E+00
  0.104001E+01  0.548688E+01  0.110309E+00
  0.104274E+01  0.549010E+01  0.110263E+00
  0.104547E+01  0.561152E+01  0.110736E+00
  0.104820E+01  0.544018E+01  0.111484E+00
  0.105094E+01  0.562880E+01  0.112293E+00
  0.105367E+01  0.551618E+01  0.111210E+00
  0.105640E+01  0.541290E+01  0.109543E+00
  0.105913E+01  0.531125E+01  0.111123E+00
  0.106187E+01  0.522705E+01  0.110620E+00
  0.106460E+01  0.528222E+01  0.108631E+00
  0.106733E+01  0.520797E+01  0.109152E+00
  0.107006E+01  0.520430E+01  0.108858E+00
  0.107280E+01  0.511378E+01  0.109137E+00
  0.107553E+01  0.522547E+01  0.108897E+00
  0.107826E+01  0.506935E+01  0.108651E+00
  0.108099E+01  0.521293E+01  0.111226E+00
  0.108372E+01  0.503422E+01  0.108742E+00
  0.108646E+01  0.495370E+01  0.109389E+00
  0.108919E+01  0.497173E+01  0.107310E+00
  0.109192E+01  0.501460E+01  0.107221E+00
  0.109465E+01  0.478012E+01  0.106449E+00
  0.109739E+01  0.473888E+01  0.106857E+00
  0.110012E+01  0.487230E+01  0.106970E+00
  0.110285E+01  0.482705E+01  0.108223E+00
  0.110558E+01  0.472148E+01  0.108092E+00
  0.110832E+01  0.484143E+01  0.109389E+00
  0.111105E+01  0.480033E+01  0.106322E+00
  0.111378E+01  0.482832E+01  0.107999E+00
  0.111651E+01  0.472903E+01  0.107298E+00
  0.111924E+01  0.473827E+01  0.107154E+00
  0.112198E+01  0.454992E+01  0.105786E+00
  0.112471E+01  0.450517E+01  0.106644E+00
  0.112744E+01  0.462277E+01  0.107830E+00
  0.113017E+01  0.452803E+01  0.105713E+00
  0.113291E+01  0.454185E+01  0.108113E+00
  0.113564E+01  0.444630E+01  0.105156E+00
  0.113837E+01  0.442940E+01  0.104867E+00
  0.114110E+01  0.436762E+01  0.105065E+00
  0.114384E+01  0.439677E+01  0.105323E+00
  0.114657E+01  0.440712E+01  0.104681E+00
  0.114930E+01  0.446897E+01  0.105956E+00
  0.115203E+01  0.428433E+01  0.103740E+00
  0.115476E+01  0.425845E+01  0.105222E+00
  0.115750E+01  0.426977E+01  0.104641E+00
  0.116023E+01  0.427417E+01  0.105401E+00
  0.116296E+01  0.421252E+01  0.104068E+00
  0.116569E+01  0.413738E+01  0.103363E+00
  0.116843E+01  0.417312E+01  0.104265E+00
  0.117116E+01  0.408798E+01  0.105878E+00
  0.117389E+01  0.404255E+01  0.104131E+00
  0.117662E+01  0.406080E+01  0.103835E+00
  0.117936E+01  0.421825E+01  0.104196E+00
  0.118209E+01  0.411083E+01  0.105098E+00
  0.118482E+01  0.401395E+01  0.102941E+00
  0.118755E+01  0.397782E+01  0.104281E+00
  0.119028E+01  0.387108E+01  0.103783E+00
  0.119302E+01  0.389848E+01  0.102507E+00
  0.119575E+01  0.390472E+01  0.103290E+00
  0.119848E+01  0.378308E+01  0.103225E+00
  0.120121E+01  0.391048E+01  0.104370E+00
  0.120395E+01  0.381642E+01  0.102434E+00
  0.120668E+01  0.372465E+01  0.100787E+00
  0.120941E+01  0.393447E+01  0.104598E+00
  0.121214E+01  0.381838E+01  0.103457E+00
  0.121488E+01  0.373582E+01  0.102674E+00
  0.121761E+01  0.382282E+01  0.104251E+00
  0.122034E+01  0.384893E+01  0.102389E+00
  0.122307E+01  0.378218E+01  0.102670E+00
  0.122580E+01  0.370187E+01  0.101933E+00
  0.122854E+01  0.373560E+01  0.107936E+00
  0.123127E+01  0.365930E+01  0.111765E+00
  0.123673E+01  0.362932E+01  0.112435E+00
  0.123947E+01  0.361730E+01  0.117394E+00
  0.124220E+01  0.341490E+01  0.117879E+00
  0.124493E+01  0.358158E+01  0.121456E+00
  0.124766E+01  0.354253E+01  0.121315E+00
  0.125040E+01  0.346663E+01  0.121711E+00
  0.125313E+01  0.369605E+01  0.125232E+00
  0.125586E+01  0.352108E+01  0.125797E+00
  0.125859E+01  0.351150E+01  0.127752E+00
  0.126133E+01  0.343355E+01  0.132525E+00
  0.126406E+01  0.347165E+01  0.118877E+00
  0.126679E+01  0.346007E+01  0.113709E+00
  0.126952E+01  0.340743E+01  0.114199E+00
  0.127225E+01  0.334313E+01  0.112045E+00
  0.127499E+01  0.334090E+01  0.109909E+00
  0.127772E+01  0.331700E+01  0.107853E+00
  0.128045E+01  0.336625E+01  0.107163E+00
  0.128318E+01  0.315437E+01  0.106582E+00
  0.128592E+01  0.317877E+01  0.106905E+00
  0.128865E+01  0.316952E+01  0.105287E+00
  0.129138E+01  0.331065E+01  0.106529E+00
  0.129411E+01  0.317517E+01  0.103558E+00
  0.129685E+01  0.325270E+01  0.104974E+00
  0.129958E+01  0.309165E+01  0.101000E+00
  0.130231E+01  0.304032E+01  0.101076E+00
  0.130504E+01  0.314098E+01  0.101374E+00
  0.130777E+01  0.300398E+01  0.100300E+00
  0.131051E+01  0.304792E+01  0.101646E+00
  0.131324E+01  0.306625E+01  0.101950E+00
  0.131597E+01  0.300765E+01  0.100049E+00
  0.131870E+01  0.299188E+01  0.102661E+00
  0.132144E+01  0.301702E+01  0.101005E+00
  0.132417E+01  0.301320E+01  0.100890E+00
  0.132690E+01  0.287785E+01  0.992020E-01
  0.132963E+01  0.302937E+01  0.100726E+00
  0.133237E+01  0.304948E+01  0.100019E+00
  0.133510E+01  0.288845E+01  0.987679E-01
  0.133783E+01  0.298727E+01  0.101681E+00
  0.134056E+01  0.292068E+01  0.997250E-01
  0.134329E+01  0.286163E+01  0.991454E-01
  0.134603E+01  0.287603E+01  0.988275E-01
  0.134876E+01  0.288798E+01  0.100139E+00
  0.135149E+01  0.281888E+01  0.996360E-01
  0.135422E+01  0.288125E+01  0.100609E+00
  0.135696E+01  0.271765E+01  0.990954E-01
  0.135969E+01  0.279940E+01  0.992004E-01
  0.136242E+01  0.279992E+01  0.100068E+00
  0.136515E+01  0.276677E+01  0.994286E-01
  0.136789E+01  0.273838E+01  0.998410E-01
  0.137062E+01  0.262730E+01  0.990018E-01
  0.137335E+01  0.266320E+01  0.980412E-01
  0.137608E+01  0.265060E+01  0.992426E-01
  0.137881E+01  0.264635E+01  0.977203E-01
  0.138155E+01  0.256308E+01  0.971226E-01
  0.138428E+01  0.263018E+01  0.980300E-01
  0.138701E+01  0.264555E+01  0.980331E-01
  0.138974E+01  0.260890E+01  0.995642E-01
  0.139248E+01  0.248772E+01  0.983988E-01
  0.139521E+01  0.272677E+01  0.990215E-01
  0.139794E+01  0.251293E+01  0.983903E-01
  0.140067E+01  0.243525E+01  0.968806E-01
  0.140341E+01  0.262753E+01  0.985507E-01
  0.140614E+01  0.256120E+01  0.972737E-01
  0.140887E+01  0.251922E+01  0.977736E-01
  0.141160E+01  0.252027E+01  0.978396E-01
  0.141433E+01  0.246707E+01  0.967574E-01
  0.141707E+01  0.241698E+01  0.957957E-01
  0.141980E+01  0.252075E+01  0.977677E-01
  0.142253E+01  0.242077E+01  0.959015E-01
  0.142526E+01  0.252820E+01  0.962026E-01
  0.142800E+01  0.247173E+01  0.955397E-01
  0.143073E+01  0.241678E+01  0.963279E-01
  0.143346E+01  0.240417E+01  0.964250E-01
  0.143619E+01  0.235448E+01  0.963109E-01
  0.143893E+01  0.236342E+01  0.973944E-01
  0.144166E+01  0.230438E+01  0.967880E-01
  0.144439E+01  0.220885E+01  0.953753E-01
  0.144712E+01  0.228718E+01  0.968581E-01
  0.144985E+01  0.234428E+01  0.956477E-01
  0.145259E+01  0.242177E+01  0.966004E-01
  0.145532E+01  0.228060E+01  0.961973E-01
  0.145805E+01  0.219908E+01  0.946118E-01
  0.146078E+01  0.224885E+01  0.952393E-01
  0.146352E+01  0.226235E+01  0.961068E-01
  0.146625E+01  0.216692E+01  0.939720E-01
  0.146898E+01  0.220577E+01  0.977750E-01
  0.147171E+01  0.221818E+01  0.958418E-01
  0.147445E+01  0.211693E+01  0.945353E-01
  0.147718E+01  0.216872E+01  0.944808E-01
  0.147991E+01  0.211623E+01  0.934180E-01
  0.148264E+01  0.213698E+01  0.929386E-01
  0.148537E+01  0.213413E+01  0.926489E-01
  0.148811E+01  0.211140E+01  0.933028E-01
  0.149084E+01  0.216997E+01  0.927063E-01
  0.149357E+01  0.194390E+01  0.933352E-01
  0.149630E+01  0.213528E+01  0.937368E-01
  0.149904E+01  0.202078E+01  0.950152E-01
  0.150177E+01  0.206378E+01  0.912059E-01
  0.150450E+01  0.203302E+01  0.933695E-01
  0.150723E+01  0.204968E+01  0.934397E-01
  0.150997E+01  0.201443E+01  0.915964E-01
  0.151270E+01  0.201903E+01  0.920328E-01
  0.151543E+01  0.202047E+01  0.932602E-01
  0.151816E+01  0.198942E+01  0.905508E-01
  0.152089E+01  0.212062E+01  0.926996E-01
  0.152363E+01  0.201673E+01  0.921527E-01
  0.152636E+01  0.187557E+01  0.926759E-01
  0.152909E+01  0.200930E+01  0.928438E-01
  0.153182E+01  0.191078E+01  0.916062E-01
  0.153456E+01  0.188785E+01  0.910875E-01
  0.153729E+01  0.195062E+01  0.935937E-01
  0.154002E+01  0.191752E+01  0.928719E-01
  0.154275E+01  0.192795E+01  0.913291E-01
  0.154549E+01  0.189615E+01  0.912067E-01
  0.154822E+01  0.193507E+01  0.917162E-01
  0.155095E+01  0.184603E+01  0.917385E-01
  0.155368E+01  0.197240E+01  0.914831E-01
  0.155641E+01  0.203428E+01  0.910507E-01
  0.155915E+01  0.186657E+01  0.921456E-01
  0.156188E+01  0.196595E+01  0.913904E-01
  0.156461E+01  0.184347E+01  0.910464E-01
  0.156734E+01  0.180877E+01  0.908761E-01
  0.157008E+01  0.183880E+01  0.920543E-01
  0.157281E+01  0.167487E+01  0.922751E-01
  0.157554E+01  0.176140E+01  0.909831E-01
  0.157827E+01  0.179203E+01  0.896335E-01
  0.158101E+01  0.179268E+01  0.907543E-01
  0.158374E+01  0.176250E+01  0.904569E-01
  0.158647E+01  0.176335E+01  0.906931E-01
  0.158920E+01  0.175408E+01  0.913918E-01
  0.159193E+01  0.176603E+01  0.906464E-01
  0.159467E+01  0.171940E+01  0.916745E-01
  0.159740E+01  0.179413E+01  0.914592E-01
  0.160013E+01  0.168073E+01  0.894787E-01
  0.160286E+01  0.173608E+01  0.904365E-01
  0.160560E+01  0.175335E+01  0.921799E-01
  0.160833E+01  0.172802E+01  0.909164E-01
  0.161106E+01  0.175463E+01  0.903661E-01
  0.161379E+01  0.162485E+01  0.899107E-01
  0.161653E+01  0.176543E+01  0.908260E-01
  0.161926E+01  0.159928E+01  0.899167E-01
  0.162199E+01  0.169700E+01  0.907179E-01
  0.162472E+01  0.167838E+01  0.902097E-01
  0.162745E+01  0.160715E+01  0.900346E-01
  0.163019E+01  0.159982E+01  0.899186E-01
  0.163292E+01  0.169198E+01  0.919366E-01
  0.163565E+01  0.160333E+01  0.897953E-01
  0.163838E+01  0.157135E+01  0.896989E-01
  0.164112E+01  0.160520E+01  0.900171E-01
  0.164385E+01  0.155325E+01  0.889200E-01
  0.164658E+01  0.162142E+01  0.895814E-01
  0.164931E+01  0.152518E+01  0.897360E-01
  0.165205E+01  0.151970E+01  0.888652E-01
  0.165478E+01  0.161178E+01  0.891208E-01
  0.165751E+01  0.153672E+01  0.909439E-01
  0.166024E+01  0.151252E+01  0.900659E-01
  0.166297E+01  0.151948E+01  0.910704E-01
  0.166571E+01  0.150070E+01  0.895760E-01
  0.166844E+01  0.146503E+01  0.885559E-01
  0.167117E+01  0.146888E+01  0.887030E-01
  0.167390E+01  0.152068E+01  0.895758E-01
  0.167664E+01  0.139000E+01  0.897761E-01
  0.167937E+01  0.139132E+01  0.904573E-01
  0.168210E+01  0.142972E+01  0.894688E-01
  0.168483E+01  0.143105E+01  0.883718E-01
  0.168757E+01  0.147977E+01  0.885502E-01
  0.169030E+01  0.141342E+01  0.891133E-01
  0.169303E+01  0.148138E+01  0.886985E-01
  0.169576E+01  0.141957E+01  0.898884E-01
  0.169849E+01  0.150565E+01  0.909735E-01
  0.170123E+01  0.139448E+01  0.885755E-01
  0.170396E+01  0.142862E+01  0.885693E-01
  0.170669E+01  0.138188E+01  0.889728E-01
  0.170942E+01  0.147683E+01  0.894465E-01
  0.171216E+01  0.133805E+01  0.882153E-01
  0.171489E+01  0.140307E+01  0.891951E-01
  0.171762E+01  0.143797E+01  0.889133E-01
  0.172035E+01  0.142965E+01  0.871975E-01
  0.172309E+01  0.136667E+01  0.894765E-01
  0.172582E+01  0.135083E+01  0.894500E-01
  0.172855E+01  0.136418E+01  0.874400E-01
  0.173128E+01  0.134147E+01  0.889764E-01
  0.173401E+01  0.117798E+01  0.892804E-01
  0.173675E+01  0.131933E+01  0.878324E-01
  0.173948E+01  0.133677E+01  0.884396E-01
  0.174221E+01  0.133570E+01  0.877695E-01
  0.174494E+01  0.135052E+01  0.891972E-01
  0.174768E+01  0.133772E+01  0.884018E-01
  0.175041E+01  0.130595E+01  0.878859E-01
  0.175314E+01  0.127073E+01  0.868408E-01
  0.175587E+01  0.126552E+01  0.861620E-01
  0.175861E+01  0.129077E+01  0.876171E-01
  0.176134E+01  0.122188E+01  0.890671E-01
  0.176407E+01  0.113945E+01  0.877513E-01
  0.176680E+01  0.121787E+01  0.888884E-01
  0.176953E+01  0.117847E+01  0.884784E-01
  0.177227E+01  0.122238E+01  0.891926E-01
  0.177500E+01  0.118210E+01  0.886784E-01
  0.177773E+01  0.125277E+01  0.883861E-01
  0.178046E+01  0.126077E+01  0.884768E-01
  0.178320E+01  0.119933E+01  0.873340E-01
  0.178593E+01  0.126700E+01  0.872761E-01
  0.178866E+01  0.130947E+01  0.878703E-01
  0.179139E+01  0.127158E+01  0.870586E-01
  0.179413E+01  0.116445E+01  0.871375E-01
  0.179686E+01  0.119907E+01  0.884096E-01
  0.179959E+01  0.120238E+01  0.890790E-01
  0.180232E+01  0.126208E+01  0.872834E-01
  0.180505E+01  0.118835E+01  0.885662E-01
  0.180779E+01  0.114027E+01  0.885081E-01
  0.181052E+01  0.123668E+01  0.874056E-01
  0.181325E+01  0.116105E+01  0.872558E-01
  0.181598E+01  0.120882E+01  0.867313E-01
  0.181872E+01  0.112162E+01  0.871626E-01
  0.182145E+01  0.116873E+01  0.865816E-01
  0.182418E+01  0.116377E+01  0.879442E-01
  0.182691E+01  0.103017E+01  0.874370E-01
  0.182965E+01  0.122695E+01  0.880913E-01
  0.183238E+01  0.120523E+01  0.874081E-01
  0.183511E+01  0.114663E+01  0.884152E-01
  0.183784E+01  0.108573E+01  0.873286E-01
  0.184057E+01  0.124385E+01  0.880747E-01
  0.184331E+01  0.111307E+01  0.878412E-01
  0.184604E+01  0.105035E+01  0.890732E-01
  0.184877E+01  0.102722E+01  0.871646E-01
  0.185150E+01  0.119053E+01  0.867071E-01
  0.185424E+01  0.114490E+01  0.869789E-01
  0.185697E+01  0.110217E+01  0.888587E-01
  0.185970E+01  0.970450E+00  0.872382E-01
  0.186243E+01  0.107377E+01  0.869640E-01
  0.186517E+01  0.101203E+01  0.878191E-01
  0.186790E+01  0.930050E+00  0.877121E-01
  0.187063E+01  0.105472E+01  0.875805E-01
  0.187336E+01  0.946200E+00  0.844380E-01
  0.187609E+01  0.994050E+00  0.868071E-01
  0.187883E+01  0.111425E+01  0.864950E-01
  0.188156E+01  0.117132E+01  0.865854E-01
  0.188429E+01  0.103783E+01  0.857562E-01
  0.188702E+01  0.118062E+01  0.864377E-01
  0.188976E+01  0.997767E+00  0.851404E-01
  0.189249E+01  0.101423E+01  0.857755E-01
  0.189522E+01  0.915133E+00  0.863885E-01
  0.189795E+01  0.101213E+01  0.855169E-01
  0.190069E+01  0.982650E+00  0.874625E-01
  0.190342E+01  0.102445E+01  0.846943E-01
  0.190615E+01  0.939167E+00  0.854892E-01
  0.190888E+01  0.110128E+01  0.867662E-01
  0.191161E+01  0.993950E+00  0.858591E-01
  0.191435E+01  0.112390E+01  0.865277E-01
  0.191708E+01  0.870650E+00  0.859383E-01
  0.191981E+01  0.101350E+01  0.865039E-01
  0.192254E+01  0.107635E+01  0.859413E-01
  0.192528E+01  0.915250E+00  0.862075E-01
  0.192801E+01  0.965217E+00  0.844872E-01
  0.193074E+01  0.104018E+01  0.847793E-01
  0.193347E+01  0.934083E+00  0.889376E-01
  0.193621E+01  0.103472E+01  0.865210E-01
  0.193894E+01  0.930600E+00  0.848289E-01
  0.194167E+01  0.979617E+00  0.858759E-01
  0.194440E+01  0.109038E+01  0.857058E-01
  0.194713E+01  0.105717E+01  0.856477E-01
  0.194987E+01  0.839767E+00  0.862083E-01
  0.195260E+01  0.921533E+00  0.849770E-01
  0.195533E+01  0.888267E+00  0.850540E-01
  0.195806E+01  0.992067E+00  0.864788E-01
  0.196080E+01  0.936200E+00  0.840684E-01
  0.196353E+01  0.792867E+00  0.852780E-01
  0.196626E+01  0.945033E+00  0.857175E-01
  0.196899E+01  0.826817E+00  0.839481E-01
  0.197173E+01  0.104802E+01  0.861042E-01
  0.197446E+01  0.839700E+00  0.857091E-01
  0.197719E+01  0.964317E+00  0.861033E-01
  0.197992E+01  0.967017E+00  0.844367E-01
  0.198265E+01  0.941133E+00  0.866427E-01
  0.198539E+01  0.940700E+00  0.863136E-01
  0.198812E+01  0.925100E+00  0.847732E-01
  0.199085E+01  0.853817E+00  0.869982E-01
  0.199358E+01  0.972850E+00  0.861611E-01
  0.199632E+01  0.874167E+00  0.848866E-01
  0.199905E+01  0.765267E+00  0.851402E-01
  0.200178E+01  0.926650E+00  0.849248E-01
  0.200451E+01  0.896567E+00  0.851175E-01
  0.200725E+01  0.935600E+00  0.848697E-01
  0.200998E+01  0.872533E+00  0.850699E-01
  0.201271E+01  0.923300E+00  0.852899E-01
  0.201544E+01  0.877167E+00  0.859281E-01
  0.201817E+01  0.936283E+00  0.853718E-01
  0.202091E+01  0.897883E+00  0.833341E-01
  0.202364E+01  0.885133E+00  0.858372E-01
  0.202637E+01  0.865900E+00  0.866586E-01
  0.202910E+01  0.935400E+00  0.867761E-01
  0.203184E+01  0.826333E+00  0.853285E-01
  0.203457E+01  0.757767E+00  0.865292E-01
  0.203730E+01  0.926217E+00  0.848197E-01
  0.204003E+01  0.892900E+00  0.848759E-01
  0.204277E+01  0.100608E+01  0.845050E-01
  0.204550E+01  0.874817E+00  0.842036E-01
  0.204823E+01  0.826000E+00  0.846600E-01
  0.205096E+01  0.813917E+00  0.866045E-01
  0.205369E+01  0.835683E+00  0.853082E-01
  0.205643E+01  0.832917E+00  0.842132E-01
  0.205916E+01  0.888583E+00  0.842065E-01
  0.206189E+01  0.880833E+00  0.848292E-01
  0.206462E+01  0.801317E+00  0.862358E-01
  0.206736E+01  0.887317E+00  0.853951E-01
  0.207009E+01  0.943033E+00  0.841817E-01
  0.207282E+01  0.885350E+00  0.837389E-01
  0.207555E+01  0.901750E+00  0.850630E-01
  0.207829E+01  0.817483E+00  0.856917E-01
  0.208102E+01  0.795050E+00  0.854069E-01
  0.208375E+01  0.872600E+00  0.862316E-01
  0.208648E+01  0.751400E+00  0.853461E-01
  0.208921E+01  0.741200E+00  0.844278E-01
  0.209195E+01  0.769150E+00  0.846373E-01
  0.209468E+01  0.882483E+00  0.839715E-01
  0.209741E+01  0.813350E+00  0.853098E-01
  0.210014E+01  0.836583E+00  0.848958E-01
  0.210288E+01  0.921717E+00  0.845669E-01
  0.210561E+01  0.765517E+00  0.853431E-01
  0.210834E+01  0.702567E+00  0.834073E-01
  0.211107E+01  0.810183E+00  0.840745E-01
  0.211381E+01  0.814183E+00  0.843751E-01
  0.211654E+01  0.777717E+00  0.845607E-01
  0.211927E+01  0.876850E+00  0.849238E-01
  0.212200E+01  0.716617E+00  0.839797E-01
  0.212473E+01  0.844817E+00  0.842517E-01
  0.212747E+01  0.726167E+00  0.844429E-01
  0.213020E+01  0.850600E+00  0.860692E-01
  0.213293E+01  0.747250E+00  0.842674E-01
  0.213566E+01  0.743250E+00  0.832978E-01
  0.213840E+01  0.740650E+00  0.842285E-01
  0.214113E+01  0.781067E+00  0.841286E-01
  0.214386E+01  0.808700E+00  0.842525E-01
  0.214659E+01  0.720050E+00  0.837672E-01
  0.214933E+01  0.760583E+00  0.838119E-01
  0.215206E+01  0.790050E+00  0.849157E-01
  0.215479E+01  0.759233E+00  0.845019E-01
  0.215752E+01  0.739367E+00  0.840364E-01
  0.216025E+01  0.728550E+00  0.843429E-01
  0.216299E+01  0.877450E+00  0.846718E-01
  0.216572E+01  0.769150E+00  0.838360E-01
  0.216845E+01  0.716067E+00  0.834207E-01
  0.217118E+01  0.750967E+00  0.848686E-01
  0.217392E+01  0.642350E+00  0.835786E-01
  0.217665E+01  0.743417E+00  0.835906E-01
  0.217938E+01  0.825400E+00  0.837108E-01
  0.218211E+01  0.693150E+00  0.845467E-01
  0.218485E+01  0.647450E+00  0.833463E-01
  0.218758E+01  0.759117E+00  0.838739E-01
  0.219031E+01  0.701767E+00  0.832540E-01
  0.219304E+01  0.707967E+00  0.825382E-01
  0.219577E+01  0.735533E+00  0.839165E-01
  0.219851E+01  0.662417E+00  0.832361E-01
  0.220124E+01  0.763967E+00  0.842310E-01
  0.220397E+01  0.578083E+00  0.838604E-01
  0.220670E+01  0.768967E+00  0.830401E-01
  0.220944E+01  0.776250E+00  0.837839E-01
  0.221217E+01  0.769750E+00  0.832180E-01
  0.221490E+01  0.748333E+00  0.834046E-01
  0.221763E+01  0.726517E+00  0.829199E-01
  0.222037E+01  0.769433E+00  0.841265E-01
  0.222310E+01  0.653033E+00  0.836519E-01
  0.222583E+01  0.698617E+00  0.828675E-01
  0.222856E+01  0.720050E+00  0.839995E-01
  0.223129E+01  0.775900E+00  0.853569E-01
  0.223403E+01  0.628833E+00  0.840762E-01
  0.223676E+01  0.781717E+00  0.836648E-01
  0.223949E+01  0.729067E+00  0.819664E-01
  0.224222E+01  0.620567E+00  0.821977E-01
  0.224496E+01  0.773183E+00  0.840134E-01
  0.224769E+01  0.757883E+00  0.830304E-01
  0.225042E+01  0.694750E+00  0.847471E-01
  0.225315E+01  0.767933E+00  0.844966E-01
  0.225589E+01  0.727983E+00  0.835817E-01
  0.225862E+01  0.663883E+00  0.836794E-01
  0.226135E+01  0.804050E+00  0.817371E-01
  0.226408E+01  0.602200E+00  0.843304E-01
  0.226681E+01  0.764133E+00  0.826174E-01
  0.226955E+01  0.724967E+00  0.825948E-01
  0.227228E+01  0.721267E+00  0.825978E-01
  0.227501E+01  0.728617E+00  0.834173E-01
  0.227774E+01  0.697033E+00  0.830676E-01
  0.228048E+01  0.647483E+00  0.845559E-01
  0.228321E+01  0.717217E+00  0.836480E-01
  0.228594E+01  0.703517E+00  0.838356E-01
  0.228867E+01  0.659083E+00  0.829548E-01
  0.229141E+01  0.740750E+00  0.838759E-01
  0.229414E+01  0.606383E+00  0.829083E-01
  0.229687E+01  0.665517E+00  0.829145E-01
  0.229960E+01  0.732717E+00  0.833038E-01
  0.230233E+01  0.632633E+00  0.834466E-01
  0.230507E+01  0.696683E+00  0.839755E-01
  0.230780E+01  0.704517E+00  0.826476E-01
  0.231053E+01  0.695200E+00  0.829984E-01
  0.231326E+01  0.669800E+00  0.815802E-01
  0.231600E+01  0.627150E+00  0.825826E-01
  0.231873E+01  0.641367E+00  0.825566E-01
  0.232146E+01  0.592800E+00  0.815887E-01
  0.232419E+01  0.746200E+00  0.833323E-01
  0.232693E+01  0.679033E+00  0.823458E-01
  0.232966E+01  0.588200E+00  0.824471E-01
  0.233239E+01  0.696417E+00  0.835300E-01
  0.233512E+01  0.569183E+00  0.828762E-01
  0.233785E+01  0.595683E+00  0.839651E-01
  0.234059E+01  0.661200E+00  0.821326E-01
  0.234332E+01  0.693917E+00  0.820920E-01
  0.234605E+01  0.585850E+00  0.816666E-01
  0.234878E+01  0.602000E+00  0.834684E-01
  0.235152E+01  0.693233E+00  0.831418E-01
  0.235425E+01  0.688600E+00  0.815223E-01
  0.235698E+01  0.743100E+00  0.822782E-01
  0.235971E+01  0.647167E+00  0.811685E-01
  0.236245E+01  0.591400E+00  0.815296E-01
  0.236518E+01  0.755067E+00  0.815219E-01
  0.236791E+01  0.654933E+00  0.828409E-01
  0.237064E+01  0.641150E+00  0.830573E-01
  0.237337E+01  0.582767E+00  0.821308E-01
  0.237611E+01  0.665617E+00  0.820319E-01
  0.237884E+01  0.713600E+00  0.812730E-01
  0.238157E+01  0.538667E+00  0.814554E-01
  0.238430E+01  0.630167E+00  0.825156E-01
  0.238704E+01  0.677400E+00  0.824707E-01
  0.238977E+01  0.673550E+00  0.834838E-01
  0.239250E+01  0.640983E+00  0.819294E-01
  0.239523E+01  0.713367E+00  0.832214E-01
  0.239797E+01  0.688417E+00  0.818251E-01
  0.240070E+01  0.683217E+00  0.812277E-01
  0.240343E+01  0.682517E+00  0.826477E-01
  0.240616E+01  0.582267E+00  0.827150E-01
  0.240889E+01  0.676100E+00  0.811593E-01
  0.241163E+01  0.695533E+00  0.823121E-01
  0.241436E+01  0.633200E+00  0.823528E-01
  0.241709E+01  0.637083E+00  0.818973E-01
  0.241982E+01  0.677450E+00  0.813340E-01
  0.242256E+01  0.603700E+00  0.816915E-01
  0.242529E+01  0.635100E+00  0.825396E-01
  0.242802E+01  0.534300E+00  0.806873E-01
  0.243075E+01  0.554917E+00  0.816892E-01
  0.243349E+01  0.643417E+00  0.825868E-01
  0.243622E+01  0.687250E+00  0.820386E-01
  0.243895E+01  0.691883E+00  0.805532E-01
  0.244168E+01  0.670517E+00  0.824041E-01
  0.244441E+01  0.603200E+00  0.811693E-01
  0.244715E+01  0.651267E+00  0.815503E-01
  0.244988E+01  0.612950E+00  0.826806E-01
  0.245261E+01  0.697400E+00  0.821521E-01
  0.245534E+01  0.569483E+00  0.810349E-01
  0.245808E+01  0.601117E+00  0.824738E-01
  0.246081E+01  0.639617E+00  0.831070E-01
  0.246354E+01  0.614817E+00  0.812161E-01
  0.246627E+01  0.635867E+00  0.816461E-01
  0.246901E+01  0.654333E+00  0.824480E-01
  0.247174E+01  0.719067E+00  0.826831E-01
  0.247447E+01  0.598117E+00  0.819527E-01
  0.247720E+01  0.582967E+00  0.808152E-01
  0.247993E+01  0.632500E+00  0.815215E-01
  0.248267E+01  0.540267E+00  0.805679E-01
  0.248540E+01  0.588233E+00  0.812895E-01
  0.248813E+01  0.559383E+00  0.821981E-01
  0.249086E+01  0.602067E+00  0.817238E-01
  0.249360E+01  0.613217E+00  0.820248E-01
  0.249633E+01  0.578867E+00  0.818570E-01
  0.249906E+01  0.625667E+00  0.824900E-01
  0.250179E+01  0.592383E+00  0.814382E-01
  0.250453E+01  0.533517E+00  0.819699E-01
  0.250726E+01  0.581300E+00  0.823278E-01
  0.250999E+01  0.609883E+00  0.812897E-01
  0.251272E+01  0.577850E+00  0.813134E-01
  0.251545E+01  0.551317E+00  0.805473E-01
  0.251819E+01  0.645300E+00  0.802972E-01
  0.252092E+01  0.578233E+00  0.809706E-01
  0.252365E+01  0.634783E+00  0.820906E-01
  0.252638E+01  0.549833E+00  0.808155E-01
  0.252912E+01  0.550500E+00  0.815510E-01
  0.253185E+01  0.681983E+00  0.813908E-01
  0.253458E+01  0.570700E+00  0.803863E-01
  0.253731E+01  0.622100E+00  0.805986E-01
  0.254005E+01  0.540267E+00  0.812721E-01
  0.254278E+01  0.596483E+00  0.822501E-01
  0.254551E+01  0.659517E+00  0.808111E-01
  0.254824E+01  0.573900E+00  0.813515E-01
  0.255097E+01  0.650200E+00  0.818127E-01
  0.255371E+01  0.508233E+00  0.821407E-01
  0.255644E+01  0.658200E+00  0.811295E-01
  0.255917E+01  0.578333E+00  0.803224E-01
  0.256190E+01  0.505050E+00  0.812587E-01
  0.256464E+01  0.574817E+00  0.815854E-01
  0.256737E+01  0.580767E+00  0.811136E-01
  0.257010E+01  0.526467E+00  0.799261E-01
  0.257283E+01  0.637517E+00  0.808109E-01
  0.257557E+01  0.606483E+00  0.809857E-01
  0.257830E+01  0.663617E+00  0.813753E-01
  0.258103E+01  0.710500E+00  0.913989E-01
  0.258376E+01  0.574317E+00  0.962557E-01
  0.258649E+01  0.522417E+00  0.976863E-01
  0.258923E+01  0.554783E+00  0.993676E-01
  0.259196E+01  0.576117E+00  0.104387E+00
  0.259469E+01  0.422867E+00  0.107416E+00
  0.259742E+01  0.606117E+00  0.112914E+00
  0.260016E+01  0.650683E+00  0.116768E+00
  0.260289E+01  0.691800E+00  0.118515E+00
  0.260562E+01  0.588750E+00  0.122026E+00
  0.260835E+01  0.480200E+00  0.122132E+00
  0.261109E+01  0.528083E+00  0.125464E+00
  0.261382E+01  0.581517E+00  0.102987E+00
  0.261655E+01  0.619450E+00  0.985669E-01
  0.261928E+01  0.534567E+00  0.939131E-01
  0.262201E+01  0.474550E+00  0.928786E-01
  0.262475E+01  0.677117E+00  0.920664E-01
  0.262748E+01  0.555217E+00  0.902762E-01
  0.263021E+01  0.582083E+00  0.902038E-01
  0.263294E+01  0.583233E+00  0.897199E-01
  0.263568E+01  0.508183E+00  0.865887E-01
  0.263841E+01  0.627450E+00  0.885408E-01
  0.264114E+01  0.566083E+00  0.884270E-01
  0.264387E+01  0.597183E+00  0.871195E-01
  0.264661E+01  0.551533E+00  0.863140E-01
  0.264934E+01  0.665200E+00  0.878284E-01
  0.265207E+01  0.585983E+00  0.861841E-01
  0.265480E+01  0.588233E+00  0.867417E-01
  0.265753E+01  0.577033E+00  0.861497E-01
  0.266027E+01  0.586283E+00  0.853827E-01
  0.266300E+01  0.610033E+00  0.869567E-01
  0.266573E+01  0.670667E+00  0.886313E-01
  0.266846E+01  0.528633E+00  0.875422E-01
  0.267120E+01  0.574850E+00  0.846649E-01
  0.267393E+01  0.620467E+00  0.865521E-01
  0.267666E+01  0.488433E+00  0.864027E-01
  0.267939E+01  0.505500E+00  0.863533E-01
  0.268213E+01  0.511433E+00  0.852818E-01
  0.268486E+01  0.552100E+00  0.858935E-01
  0.268759E+01  0.564867E+00  0.856416E-01
  0.269032E+01  0.530867E+00  0.858052E-01
  0.269305E+01  0.490600E+00  0.850039E-01
  0.269579E+01  0.577617E+00  0.851680E-01
  0.269852E+01  0.592100E+00  0.867047E-01
  0.270125E+01  0.652767E+00  0.857847E-01
  0.270398E+01  0.525717E+00  0.831855E-01
  0.270672E+01  0.530400E+00  0.833004E-01
  0.270945E+01  0.505650E+00  0.826733E-01
  0.271218E+01  0.562500E+00  0.830949E-01
  0.271491E+01  0.483517E+00  0.817084E-01
  0.271765E+01  0.588967E+00  0.829959E-01
  0.272038E+01  0.499167E+00  0.822353E-01
  0.272311E+01  0.524117E+00  0.818814E-01
  0.272584E+01  0.657633E+00  0.825958E-01
  0.272857E+01  0.639600E+00  0.814213E-01
  0.273131E+01  0.480800E+00  0.812107E-01
  0.273404E+01  0.521733E+00  0.815744E-01
  0.273677E+01  0.522133E+00  0.807918E-01
  0.273950E+01  0.500250E+00  0.814733E-01
  0.274224E+01  0.510733E+00  0.795127E-01
  0.274497E+01  0.516117E+00  0.815611E-01
  0.274770E+01  0.600950E+00  0.816281E-01
  0.275043E+01  0.526317E+00  0.825700E-01
  0.275317E+01  0.425767E+00  0.807283E-01
  0.275590E+01  0.447683E+00  0.820569E-01
  0.275863E+01  0.641350E+00  0.832283E-01
  0.276136E+01  0.479750E+00  0.818501E-01
  0.276409E+01  0.597167E+00  0.809137E-01
  0.276683E+01  0.570183E+00  0.817935E-01
  0.276956E+01  0.582567E+00  0.816044E-01
  0.277229E+01  0.500383E+00  0.808019E-01
  0.277502E+01  0.585733E+00  0.811670E-01
  0.277776E+01  0.573833E+00  0.794227E-01
  0.278049E+01  0.474467E+00  0.812087E-01
  0.278322E+01  0.617833E+00  0.799913E-01
  0.278595E+01  0.476550E+00  0.806505E-01
  0.278869E+01  0.492067E+00  0.802015E-01
  0.279142E+01  0.524433E+00  0.798526E-01
  0.279415E+01  0.551433E+00  0.809828E-01
  0.279688E+01  0.512933E+00  0.802517E-01
  0.279961E+01  0.493800E+00  0.800218E-01
  0.280235E+01  0.491500E+00  0.804178E-01
  0.280508E+01  0.511167E+00  0.800192E-01
  0.280781E+01  0.584450E+00  0.795663E-01
  0.281054E+01  0.502267E+00  0.797719E-01
  0.281328E+01  0.619167E+00  0.797604E-01
  0.281601E+01  0.562050E+00  0.813221E-01
  0.281874E+01  0.629583E+00  0.805062E-01
  0.282147E+01  0.562717E+00  0.811970E-01
  0.282421E+01  0.546200E+00  0.806349E-01
  0.282694E+01  0.586050E+00  0.814585E-01
  0.282967E+01  0.679333E+00  0.805808E-01
  0.283240E+01  0.524600E+00  0.802773E-01
  0.283513E+01  0.566100E+00  0.804178E-01
  0.283787E+01  0.552700E+00  0.792262E-01
  0.284060E+01  0.481550E+00  0.812284E-01
  0.284333E+01  0.610900E+00  0.804470E-01
  0.284606E+01  0.570083E+00  0.793646E-01
  0.284880E+01  0.588517E+00  0.783978E-01
  0.285153E+01  0.572650E+00  0.790809E-01
  0.285426E+01  0.496600E+00  0.805936E-01
  0.285699E+01  0.575483E+00  0.795403E-01
  0.285973E+01  0.569350E+00  0.799529E-01
  0.286246E+01  0.538933E+00  0.791368E-01
  0.286519E+01  0.547183E+00  0.790740E-01
  0.286792E+01  0.533467E+00  0.805689E-01
  0.287065E+01  0.568583E+00  0.791153E-01
  0.287339E+01  0.521467E+00  0.790671E-01
  0.287612E+01  0.493750E+00  0.803344E-01
  0.287885E+01  0.411283E+00  0.809860E-01
  0.288158E+01  0.518817E+00  0.804875E-01
  0.288432E+01  0.614550E+00  0.794568E-01
  0.288705E+01  0.515750E+00  0.786023E-01
  0.288978E+01  0.578117E+00  0.796843E-01
  0.289251E+01  0.447917E+00  0.806372E-01
  0.289525E+01  0.512833E+00  0.804125E-01
  0.289798E+01  0.511683E+00  0.787213E-01
  0.290071E+01  0.546067E+00  0.787191E-01
  0.290344E+01  0.602817E+00  0.803783E-01
  0.290617E+01  0.540067E+00  0.799349E-01
  0.290891E+01  0.590467E+00  0.798580E-01
  0.291164E+01  0.584083E+00  0.805079E-01
  0.291437E+01  0.583917E+00  0.795927E-01
  0.291710E+01  0.436067E+00  0.790559E-01
  0.291984E+01  0.513933E+00  0.808374E-01
  0.292257E+01  0.504133E+00  0.797113E-01
  0.292530E+01  0.479650E+00  0.777664E-01
  0.292803E+01  0.502650E+00  0.782075E-01
  0.293077E+01  0.544167E+00  0.801853E-01
  0.293350E+01  0.499833E+00  0.803550E-01
  0.293623E+01  0.467983E+00  0.793715E-01
  0.293896E+01  0.540633E+00  0.792424E-01
  0.294169E+01  0.459417E+00  0.791732E-01
  0.294443E+01  0.510350E+00  0.790372E-01
  0.294716E+01  0.529700E+00  0.795030E-01
  0.294989E+01  0.561133E+00  0.799789E-01
  0.295262E+01  0.505683E+00  0.786218E-01
  0.295536E+01  0.508883E+00  0.790502E-01
  0.295809E+01  0.529583E+00  0.796736E-01
  0.296082E+01  0.553233E+00  0.797942E-01
  0.296355E+01  0.528350E+00  0.801456E-01
  0.296629E+01  0.480450E+00  0.790965E-01
  0.296902E+01  0.518783E+00  0.799665E-01
  0.297175E+01  0.502033E+00  0.795476E-01
  0.297448E+01  0.590633E+00  0.790996E-01
  0.297721E+01  0.584200E+00  0.784985E-01
  0.297995E+01  0.550133E+00  0.788217E-01
  0.298268E+01  0.566550E+00  0.795455E-01
  0.298541E+01  0.552217E+00  0.788445E-01
  0.298814E+01  0.578650E+00  0.801777E-01
  0.299088E+01  0.451233E+00  0.783975E-01
  0.299361E+01  0.555533E+00  0.782476E-01
  0.299634E+01  0.537383E+00  0.784779E-01
  0.299907E+01  0.557917E+00  0.788122E-01
  0.300181E+01  0.480750E+00  0.792270E-01
  0.300454E+01  0.549917E+00  0.781938E-01
  0.300727E+01  0.534150E+00  0.797636E-01
  0.301000E+01  0.495217E+00  0.791773E-01
  0.301273E+01  0.518450E+00  0.797692E-01
  0.301547E+01  0.399000E+00  0.798178E-01
  0.301820E+01  0.530900E+00  0.782702E-01
  0.302093E+01  0.493017E+00  0.794510E-01
  0.302366E+01  0.400983E+00  0.798279E-01
  0.302640E+01  0.404167E+00  0.783626E-01
  0.302913E+01  0.462367E+00  0.783305E-01
  0.303186E+01  0.449667E+00  0.798917E-01
  0.303459E+01  0.613517E+00  0.793515E-01
  0.303733E+01  0.499833E+00  0.793653E-01
  0.304006E+01  0.509633E+00  0.784717E-01
  0.304279E+01  0.517050E+00  0.788971E-01
  0.304552E+01  0.488100E+00  0.782944E-01
  0.304825E+01  0.487583E+00  0.785937E-01
  0.305099E+01  0.510283E+00  0.779325E-01
  0.305372E+01  0.458600E+00  0.794855E-01
  0.305645E+01  0.467433E+00  0.784498E-01
  0.305918E+01  0.489683E+00  0.780315E-01
  0.306192E+01  0.542150E+00  0.780388E-01
  0.306465E+01  0.483917E+00  0.787938E-01
  0.306738E+01  0.463150E+00  0.781086E-01
  0.307011E+01  0.503683E+00  0.769847E-01
  0.307285E+01  0.563583E+00  0.783373E-01
  0.307558E+01  0.446517E+00  0.782886E-01
  0.307831E+01  0.451000E+00  0.771340E-01
  0.308104E+01  0.534333E+00  0.802723E-01
  0.308377E+01  0.530633E+00  0.795061E-01
  0.308651E+01  0.521100E+00  0.786663E-01
  0.308924E+01  0.490300E+00  0.787559E-01
  0.309197E+01  0.492083E+00  0.786482E-01
  0.309470E+01  0.519550E+00  0.782614E-01
  0.309744E+01  0.533850E+00  0.781378E-01
  0.310017E+01  0.549767E+00  0.790463E-01
  0.310290E+01  0.558400E+00  0.780711E-01
  0.310563E+01  0.451033E+00  0.785468E-01
  0.310837E+01  0.412767E+00  0.773204E-01
  0.311110E+01  0.535317E+00  0.777962E-01
  0.311383E+01  0.422883E+00  0.773732E-01
  0.311656E+01  0.480283E+00  0.791014E-01
  0.311929E+01  0.533500E+00  0.788255E-01
  0.312203E+01  0.416617E+00  0.779164E-01
  0.312476E+01  0.519517E+00  0.777975E-01
  0.312749E+01  0.452367E+00  0.771358E-01
  0.313022E+01  0.522967E+00  0.788292E-01
  0.313296E+01  0.554117E+00  0.787404E-01
  0.313569E+01  0.507867E+00  0.786337E-01
  0.313842E+01  0.469900E+00  0.785746E-01
  0.314115E+01  0.412617E+00  0.774863E-01
  0.314389E+01  0.453100E+00  0.759948E-01
  0.314662E+01  0.566767E+00  0.780505E-01
  0.314935E+01  0.478967E+00  0.769272E-01
  0.315208E+01  0.509283E+00  0.777951E-01
  0.315481E+01  0.426950E+00  0.776144E-01
  0.315755E+01  0.516417E+00  0.786404E-01
  0.316028E+01  0.529600E+00  0.779538E-01
  0.316301E+01  0.475933E+00  0.791673E-01
  0.316574E+01  0.489900E+00  0.776164E-01
  0.316848E+01  0.467033E+00  0.774871E-01
  0.317121E+01  0.432983E+00  0.776216E-01
  0.317394E+01  0.420850E+00  0.776174E-01
  0.317667E+01  0.464700E+00  0.773994E-01
  0.317941E+01  0.548533E+00  0.785896E-01
  0.318214E+01  0.514267E+00  0.782898E-01
  0.318487E+01  0.565933E+00  0.772902E-01
  0.318760E+01  0.490050E+00  0.769478E-01
  0.319033E+01  0.526483E+00  0.775876E-01
  0.319307E+01  0.436267E+00  0.773656E-01
  0.319580E+01  0.463700E+00  0.767691E-01
  0.319853E+01  0.463767E+00  0.776333E-01
  0.320126E+01  0.443017E+00  0.777162E-01
  0.320400E+01  0.545417E+00  0.774437E-01
  0.320673E+01  0.448350E+00  0.786127E-01
  0.320946E+01  0.425450E+00  0.774839E-01
  0.321219E+01  0.471850E+00  0.770192E-01
  0.321493E+01  0.407467E+00  0.764254E-01
  0.321766E+01  0.514050E+00  0.776087E-01
  0.322039E+01  0.461850E+00  0.767807E-01
  0.322312E+01  0.488183E+00  0.775578E-01
  0.322585E+01  0.499117E+00  0.763437E-01
  0.322859E+01  0.456550E+00  0.771115E-01
  0.323132E+01  0.335317E+00  0.767904E-01
  0.323405E+01  0.456233E+00  0.765454E-01
  0.323678E+01  0.492233E+00  0.762036E-01
  0.323952E+01  0.514933E+00  0.780502E-01
  0.324225E+01  0.502117E+00  0.767422E-01
  0.324498E+01  0.434017E+00  0.765620E-01
  0.324771E+01  0.426233E+00  0.778805E-01
  0.325045E+01  0.451350E+00  0.782670E-01
  0.325318E+01  0.496400E+00  0.785295E-01
  0.325591E+01  0.474050E+00  0.771045E-01
  0.325864E+01  0.405733E+00  0.782539E-01
  0.326137E+01  0.511733E+00  0.767497E-01
  0.326411E+01  0.405250E+00  0.762342E-01
  0.326684E+01  0.471867E+00  0.759233E-01
  0.326957E+01  0.426250E+00  0.770303E-01
  0.327230E+01  0.541817E+00  0.760666E-01
  0.327504E+01  0.471433E+00  0.776291E-01
  0.327777E+01  0.367467E+00  0.771079E-01
  0.328050E+01  0.467633E+00  0.783959E-01
  0.328323E+01  0.463067E+00  0.768526E-01
  0.328597E+01  0.495850E+00  0.759628E-01
  0.328870E+01  0.488267E+00  0.775146E-01
  0.329143E+01  0.426200E+00  0.767137E-01
  0.329416E+01  0.495933E+00  0.773226E-01
  0.329689E+01  0.467700E+00  0.764941E-01
  0.329963E+01  0.465933E+00  0.751855E-01
  0.330236E+01  0.477583E+00  0.759648E-01
  0.330509E+01  0.444567E+00  0.773167E-01
  0.330782E+01  0.396783E+00  0.763641E-01
  0.331056E+01  0.504967E+00  0.761162E-01
  0.331329E+01  0.524967E+00  0.769735E-01
  0.331602E+01  0.477900E+00  0.768254E-01
  0.331875E+01  0.391867E+00  0.765460E-01
  0.332149E+01  0.464883E+00  0.769516E-01
  0.332422E+01  0.378417E+00  0.759808E-01
  0.332695E+01  0.395717E+00  0.770223E-01
  0.332968E+01  0.414683E+00  0.760810E-01
  0.333241E+01  0.491783E+00  0.763889E-01
  0.333515E+01  0.459650E+00  0.763103E-01
  0.333788E+01  0.403217E+00  0.767054E-01
  0.334061E+01  0.402583E+00  0.755926E-01
  0.334334E+01  0.421683E+00  0.766936E-01
  0.334608E+01  0.393667E+00  0.765096E-01
  0.334881E+01  0.494167E+00  0.760012E-01
  0.335154E+01  0.357017E+00  0.752599E-01
  0.335427E+01  0.397167E+00  0.768032E-01
  0.335701E+01  0.414317E+00  0.757580E-01
  0.335974E+01  0.462417E+00  0.762480E-01
  0.336247E+01  0.455417E+00  0.772261E-01
  0.336520E+01  0.397467E+00  0.759050E-01
  0.336793E+01  0.376467E+00  0.758142E-01
  0.337067E+01  0.481050E+00  0.768218E-01
  0.337340E+01  0.512200E+00  0.766195E-01
  0.337613E+01  0.457017E+00  0.762986E-01
  0.337886E+01  0.373233E+00  0.775100E-01
  0.338160E+01  0.397933E+00  0.761269E-01
  0.338433E+01  0.435050E+00  0.750614E-01
  0.338706E+01  0.401783E+00  0.771569E-01
  0.338979E+01  0.393183E+00  0.755638E-01
  0.339253E+01  0.430717E+00  0.765293E-01
  0.339526E+01  0.494917E+00  0.759061E-01
  0.339799E+01  0.419750E+00  0.772305E-01
  0.340072E+01  0.353150E+00  0.751677E-01
  0.340345E+01  0.370450E+00  0.753348E-01
  0.340619E+01  0.387317E+00  0.769677E-01
  0.340892E+01  0.448883E+00  0.755037E-01
  0.341165E+01  0.351250E+00  0.763756E-01
  0.341438E+01  0.362467E+00  0.757282E-01
  0.341712E+01  0.372117E+00  0.757069E-01
  0.341985E+01  0.383300E+00  0.756163E-01
  0.342258E+01  0.388517E+00  0.753771E-01
  0.342531E+01  0.456183E+00  0.752827E-01
  0.342805E+01  0.412767E+00  0.759066E-01
  0.343078E+01  0.448467E+00  0.763981E-01
  0.343351E+01  0.371500E+00  0.747748E-01
  0.343624E+01  0.433550E+00  0.754413E-01
  0.343897E+01  0.406717E+00  0.753260E-01
  0.344171E+01  0.433267E+00  0.759165E-01
  0.344444E+01  0.454550E+00  0.753081E-01
  0.344717E+01  0.367783E+00  0.762636E-01
  0.344990E+01  0.405617E+00  0.748946E-01
  0.345264E+01  0.324500E+00  0.775694E-01
  0.345537E+01  0.424967E+00  0.755687E-01
  0.345810E+01  0.428250E+00  0.748857E-01
  0.346083E+01  0.439167E+00  0.755683E-01
  0.346357E+01  0.471033E+00  0.746234E-01
  0.346630E+01  0.366733E+00  0.763787E-01
  0.346903E+01  0.462900E+00  0.757376E-01
  0.347176E+01  0.467833E+00  0.769131E-01
  0.347449E+01  0.424600E+00  0.745489E-01
  0.347723E+01  0.422967E+00  0.746177E-01
  0.347996E+01  0.445550E+00  0.752989E-01
  0.348269E+01  0.403450E+00  0.756695E-01
  0.348542E+01  0.468767E+00  0.743422E-01
  0.348816E+01  0.337417E+00  0.753960E-01
  0.349089E+01  0.380617E+00  0.753043E-01
  0.349362E+01  0.343567E+00  0.760542E-01
  0.349635E+01  0.350300E+00  0.750585E-01
  0.349909E+01  0.312617E+00  0.758357E-01
  0.350182E+01  0.452450E+00  0.746148E-01
  0.350455E+01  0.438933E+00  0.751366E-01
  0.350728E+01  0.321500E+00  0.743788E-01
  0.351001E+01  0.432250E+00  0.755844E-01
  0.351275E+01  0.420450E+00  0.774732E-01
  0.351548E+01  0.351200E+00  0.755932E-01
  0.351821E+01  0.414183E+00  0.764636E-01
  0.352094E+01  0.452150E+00  0.756331E-01
  0.352368E+01  0.470217E+00  0.741852E-01
  0.352641E+01  0.376383E+00  0.756258E-01
  0.352914E+01  0.417717E+00  0.766723E-01
  0.353187E+01  0.411083E+00  0.746366E-01
  0.353461E+01  0.450833E+00  0.747636E-01
  0.353734E+01  0.413017E+00  0.747226E-01
  0.354007E+01  0.370850E+00  0.751209E-01
  0.354280E+01  0.388933E+00  0.747054E-01
  0.354553E+01  0.418083E+00  0.745216E-01
  0.354827E+01  0.402733E+00  0.749680E-01
  0.355100E+01  0.364517E+00  0.750780E-01
  0.355373E+01  0.459533E+00  0.762844E-01
  0.355646E+01  0.390083E+00  0.756339E-01
  0.355920E+01  0.383583E+00  0.739107E-01
  0.356193E+01  0.441683E+00  0.753134E-01
  0.356466E+01  0.371983E+00  0.742327E-01
  0.356739E+01  0.367300E+00  0.742873E-01
  0.357013E+01  0.322500E+00  0.749995E-01
  0.357286E+01  0.389933E+00  0.751709E-01
  0.357559E+01  0.420200E+00  0.758237E-01
  0.357832E+01  0.307950E+00  0.736984E-01
  0.358105E+01  0.365083E+00  0.762683E-01
  0.358379E+01  0.400333E+00  0.742108E-01
  0.358652E+01  0.366100E+00  0.754018E-01
  0.358925E+01  0.304367E+00  0.747365E-01
  0.359198E+01  0.378150E+00  0.745775E-01
  0.359472E+01  0.348850E+00  0.726587E-01
  0.359745E+01  0.312200E+00  0.754271E-01
  0.360018E+01  0.330217E+00  0.737241E-01
  0.360291E+01  0.378367E+00  0.744628E-01
  0.360565E+01  0.335900E+00  0.753478E-01
  0.360838E+01  0.402033E+00  0.751376E-01
  0.361111E+01  0.326367E+00  0.735025E-01
  0.361384E+01  0.369800E+00  0.747660E-01
  0.361657E+01  0.418083E+00  0.757154E-01
  0.361931E+01  0.369183E+00  0.746039E-01
  0.362204E+01  0.368183E+00  0.752548E-01
  0.362477E+01  0.433700E+00  0.746912E-01
  0.362750E+01  0.430817E+00  0.759064E-01
  0.363024E+01  0.309717E+00  0.741978E-01
  0.363297E+01  0.436850E+00  0.738996E-01
  0.363570E+01  0.381867E+00  0.753819E-01
  0.363843E+01  0.390217E+00  0.739071E-01
  0.364117E+01  0.387950E+00  0.744121E-01
  0.364390E+01  0.399867E+00  0.733929E-01
  0.364663E+01  0.456417E+00  0.744414E-01
  0.364936E+01  0.437417E+00  0.757108E-01
  0.365209E+01  0.269883E+00  0.733368E-01
  0.365483E+01  0.397833E+00  0.748778E-01
  0.365756E+01  0.402917E+00  0.748559E-01
  0.366029E+01  0.493600E+00  0.756779E-01
  0.366302E+01  0.308933E+00  0.737671E-01
  0.366576E+01  0.440883E+00  0.747904E-01
  0.366849E+01  0.409333E+00  0.744172E-01
  0.367122E+01  0.353900E+00  0.738436E-01
  0.367395E+01  0.414933E+00  0.741973E-01
  0.367669E+01  0.413517E+00  0.759298E-01
  0.367942E+01  0.301283E+00  0.736295E-01
  0.368215E+01  0.385283E+00  0.751611E-01
  0.368488E+01  0.297850E+00  0.736878E-01
  0.368761E+01  0.388400E+00  0.744543E-01
  0.369035E+01  0.358767E+00  0.740447E-01
  0.369308E+01  0.458083E+00  0.735311E-01
  0.369581E+01  0.431450E+00  0.738447E-01
  0.369854E+01  0.347150E+00  0.746373E-01
  0.370128E+01  0.455350E+00  0.743256E-01
  0.370401E+01  0.427417E+00  0.753620E-01
  0.370674E+01  0.483067E+00  0.742777E-01
  0.370947E+01  0.432050E+00  0.743198E-01
  0.371221E+01  0.251517E+00  0.733727E-01
  0.371494E+01  0.483300E+00  0.756649E-01
  0.371767E+01  0.319317E+00  0.731540E-01
  0.372040E+01  0.362383E+00  0.737696E-01
  0.372313E+01  0.322283E+00  0.735407E-01
  0.372587E+01  0.322417E+00  0.740706E-01
  0.372860E+01  0.410300E+00  0.743004E-01
  0.373133E+01  0.378117E+00  0.735113E-01
  0.373406E+01  0.331300E+00  0.734191E-01
  0.373680E+01  0.342683E+00  0.741607E-01
  0.373953E+01  0.306733E+00  0.718850E-01
  0.374226E+01  0.404750E+00  0.731609E-01
  0.374499E+01  0.417200E+00  0.740066E-01
  0.374773E+01  0.386633E+00  0.741709E-01
  0.375046E+01  0.349467E+00  0.742739E-01
  0.375319E+01  0.302767E+00  0.736602E-01
  0.375592E+01  0.286317E+00  0.741399E-01
  0.375865E+01  0.309367E+00  0.730971E-01
  0.376139E+01  0.375733E+00  0.744672E-01
  0.376412E+01  0.410100E+00  0.744079E-01
  0.376685E+01  0.369633E+00  0.744945E-01
  0.376958E+01  0.398567E+00  0.725985E-01
  0.377232E+01  0.383300E+00  0.731261E-01
  0.377505E+01  0.363900E+00  0.738157E-01
  0.377778E+01  0.397967E+00  0.730817E-01
  0.378051E+01  0.261300E+00  0.734637E-01
  0.378325E+01  0.396833E+00  0.731015E-01
  0.378598E+01  0.452883E+00  0.745837E-01
  0.378871E+01  0.391950E+00  0.736376E-01
  0.379144E+01  0.388133E+00  0.728408E-01
  0.379417E+01  0.299633E+00  0.726199E-01
  0.379691E+01  0.362250E+00  0.727662E-01
  0.379964E+01  0.318533E+00  0.739903E-01
  0.380237E+01  0.399317E+00  0.716992E-01
  0.380510E+01  0.375583E+00  0.727651E-01
  0.380784E+01  0.332850E+00  0.722903E-01
  0.381057E+01  0.364817E+00  0.741568E-01
  0.381330E+01  0.309033E+00  0.741734E-01
  0.381603E+01  0.354583E+00  0.744224E-01
  0.381877E+01  0.318050E+00  0.739473E-01
  0.382150E+01  0.351717E+00  0.743650E-01
  0.382423E+01  0.354900E+00  0.744122E-01
  0.382696E+01  0.308517E+00  0.745439E-01
  0.382969E+01  0.343367E+00  0.735321E-01
  0.383243E+01  0.333967E+00  0.737051E-01
  0.383516E+01  0.360850E+00  0.727850E-01
  0.383789E+01  0.360283E+00  0.727420E-01
  0.384062E+01  0.422100E+00  0.742586E-01
  0.384336E+01  0.292183E+00  0.730912E-01
  0.384609E+01  0.387700E+00  0.736606E-01
  0.384882E+01  0.408217E+00  0.737777E-01
  0.385155E+01  0.316450E+00  0.725943E-01
  0.385429E+01  0.372883E+00  0.735053E-01
  0.385702E+01  0.355700E+00  0.727248E-01
  0.385975E+01  0.281117E+00  0.740671E-01
  0.386248E+01  0.347867E+00  0.730519E-01
  0.386521E+01  0.407767E+00  0.747132E-01
  0.386795E+01  0.320367E+00  0.728540E-01
  0.387068E+01  0.295050E+00  0.743627E-01
  0.387341E+01  0.363567E+00  0.723237E-01
  0.387614E+01  0.255800E+00  0.749581E-01
  0.387888E+01  0.311367E+00  0.732440E-01
  0.388161E+01  0.325350E+00  0.722904E-01
  0.388434E+01  0.391833E+00  0.744431E-01
  0.388707E+01  0.336250E+00  0.739835E-01
  0.388981E+01  0.322983E+00  0.716135E-01
  0.389254E+01  0.232617E+00  0.731055E-01
  0.389527E+01  0.458317E+00  0.738303E-01
  0.389800E+01  0.352600E+00  0.736989E-01
  0.390073E+01  0.404250E+00  0.730519E-01
  0.390347E+01  0.326350E+00  0.741552E-01
  0.390620E+01  0.202533E+00  0.741261E-01
  0.390893E+01  0.297133E+00  0.730860E-01
  0.391166E+01  0.316900E+00  0.734017E-01
  0.391440E+01  0.341367E+00  0.732612E-01
  0.391713E+01  0.274367E+00  0.731001E-01
  0.391986E+01  0.332950E+00  0.746657E-01
  0.392259E+01  0.364783E+00  0.735656E-01
  0.392533E+01  0.238033E+00  0.735820E-01
  0.392806E+01  0.302767E+00  0.718068E-01
  0.393079E+01  0.425383E+00  0.729287E-01
  0.393352E+01  0.435400E+00  0.818264E-01
  0.393625E+01  0.304617E+00  0.906364E-01
  0.393899E+01  0.251783E+00  0.929437E-01
  0.394172E+01  0.332583E+00  0.100252E+00
  0.394445E+01  0.184083E+00  0.102893E+00
  0.394718E+01  0.204583E+00  0.104658E+00
  0.394992E+01  0.376983E+00  0.111182E+00
  0.395265E+01  0.272150E+00  0.113364E+00
  0.395538E+01  0.329567E+00  0.120180E+00
  0.395811E+01  0.470083E+00  0.121213E+00
  0.396085E+01  0.358583E+00  0.952375E-01
  0.396358E+01  0.385333E+00  0.888305E-01
  0.396631E+01  0.361867E+00  0.847205E-01
  0.396904E+01  0.315083E+00  0.840834E-01
  0.397177E+01  0.277733E+00  0.821117E-01
  0.397451E+01  0.321433E+00  0.830380E-01
  0.397724E+01  0.325867E+00  0.805438E-01
  0.397997E+01  0.388250E+00  0.825719E-01
  0.398270E+01  0.224883E+00  0.809427E-01
  0.398544E+01  0.302917E+00  0.815041E-01
  0.398817E+01  0.307283E+00  0.794686E-01
  0.399090E+01  0.396200E+00  0.803217E-01
  0.399363E+01  0.281783E+00  0.777350E-01
  0.399637E+01  0.367800E+00  0.791238E-01
  0.399910E+01  0.305700E+00  0.785775E-01
  0.400183E+01  0.317250E+00  0.789425E-01
  0.400456E+01  0.269567E+00  0.789959E-01
  0.400730E+01  0.301433E+00  0.785552E-01
  0.401003E+01  0.329967E+00  0.777922E-01
  0.401276E+01  0.316467E+00  0.760075E-01
  0.401549E+01  0.304500E+00  0.758572E-01
  0.401822E+01  0.309633E+00  0.750351E-01
  0.402096E+01  0.371033E+00  0.750377E-01
  0.402369E+01  0.342917E+00  0.754148E-01
  0.402642E+01  0.464067E+00  0.749760E-01
  0.402915E+01  0.334267E+00  0.735294E-01
  0.403189E+01  0.308483E+00  0.755310E-01
  0.403462E+01  0.284900E+00  0.714336E-01
  0.403735E+01  0.387600E+00  0.728259E-01
  0.404008E+01  0.355683E+00  0.729443E-01
  0.404282E+01  0.362200E+00  0.733803E-01
  0.404555E+01  0.410133E+00  0.735384E-01
  0.404828E+01  0.286233E+00  0.725369E-01
  0.405101E+01  0.302517E+00  0.736125E-01
  0.405374E+01  0.331600E+00  0.722946E-01
  0.405648E+01  0.272583E+00  0.717184E-01
  0.405921E+01  0.342450E+00  0.702523E-01
  0.406194E+01  0.288433E+00  0.726858E-01
  0.406467E+01  0.248183E+00  0.719814E-01
  0.406741E+01  0.285717E+00  0.721881E-01
  0.407014E+01  0.281533E+00  0.719768E-01
  0.407287E+01  0.276450E+00  0.725636E-01
  0.407560E+01  0.201267E+00  0.721399E-01
  0.407834E+01  0.384767E+00  0.729765E-01
  0.408107E+01  0.193683E+00  0.734976E-01
  0.408380E+01  0.336433E+00  0.731177E-01
  0.408653E+01  0.133917E+00  0.730393E-01
  0.408926E+01  0.385183E+00  0.727299E-01
  0.409200E+01  0.334567E+00  0.717550E-01
  0.409473E+01  0.277500E+00  0.719419E-01
  0.409746E+01  0.329783E+00  0.730395E-01
  0.410019E+01  0.344883E+00  0.730476E-01
  0.410293E+01  0.353100E+00  0.718466E-01
  0.410566E+01  0.261767E+00  0.714944E-01
  0.410839E+01  0.254667E+00  0.727204E-01
  0.411112E+01  0.305583E+00  0.711988E-01
  0.411386E+01  0.238267E+00  0.700516E-01
  0.411659E+01  0.309067E+00  0.716043E-01
  0.411932E+01  0.314250E+00  0.708009E-01
  0.412205E+01  0.319967E+00  0.707561E-01
  0.412478E+01  0.333850E+00  0.709257E-01
  0.412752E+01  0.261650E+00  0.718618E-01
  0.413025E+01  0.326483E+00  0.713428E-01
  0.413298E+01  0.395233E+00  0.715288E-01
  0.413571E+01  0.306050E+00  0.709096E-01
  0.413845E+01  0.248800E+00  0.708599E-01
  0.414118E+01  0.319017E+00  0.722229E-01
  0.414391E+01  0.318667E+00  0.718910E-01
  0.414664E+01  0.265400E+00  0.734970E-01
  0.414938E+01  0.248583E+00  0.712574E-01
  0.415211E+01  0.345250E+00  0.726124E-01
  0.415484E+01  0.263233E+00  0.723854E-01
  0.415757E+01  0.313350E+00  0.709181E-01
  0.416030E+01  0.328967E+00  0.718254E-01
  0.416304E+01  0.303133E+00  0.724499E-01
  0.416577E+01  0.317600E+00  0.712133E-01
  0.416850E+01  0.263583E+00  0.701199E-01
  0.417123E+01  0.257667E+00  0.724183E-01
  0.417397E+01  0.257700E+00  0.717858E-01
  0.417670E+01  0.319950E+00  0.715881E-01
  0.417943E+01  0.362233E+00  0.715376E-01
  0.418216E+01  0.389600E+00  0.709082E-01
  0.418490E+01  0.213050E+00  0.698044E-01
  0.418763E+01  0.263200E+00  0.702868E-01
  0.419036E+01  0.303500E+00  0.705445E-01
  0.419309E+01  0.251750E+00  0.712804E-01
  0.419582E+01  0.290700E+00  0.716858E-01
  0.419856E+01  0.352317E+00  0.712674E-01
  0.420129E+01  0.397717E+00  0.715695E-01
  0.420402E+01  0.267300E+00  0.708315E-01
  0.420675E+01  0.278583E+00  0.702662E-01
  0.420949E+01  0.292617E+00  0.704477E-01
  0.421222E+01  0.307783E+00  0.700168E-01
  0.421495E+01  0.298433E+00  0.706994E-01
  0.421768E+01  0.272783E+00  0.704005E-01
  0.422042E+01  0.350350E+00  0.711674E-01
  0.422315E+01  0.223733E+00  0.705562E-01
  0.422588E+01  0.255267E+00  0.708059E-01
  0.422861E+01  0.262917E+00  0.713959E-01
  0.423134E+01  0.278633E+00  0.725653E-01
  0.423408E+01  0.258183E+00  0.705946E-01
  0.423681E+01  0.337817E+00  0.696385E-01
  0.423954E+01  0.310450E+00  0.706145E-01
  0.424227E+01  0.323317E+00  0.707327E-01
  0.424501E+01  0.303483E+00  0.712693E-01
  0.424774E+01  0.278800E+00  0.687177E-01
  0.425047E+01  0.325783E+00  0.698419E-01
  0.425320E+01  0.328950E+00  0.708316E-01
  0.425594E+01  0.278717E+00  0.683970E-01
  0.425867E+01  0.274400E+00  0.704412E-01
  0.426140E+01  0.344567E+00  0.695494E-01
  0.426413E+01  0.316350E+00  0.697319E-01
  0.426686E+01  0.293483E+00  0.705690E-01
  0.426960E+01  0.145200E+00  0.712513E-01
  0.427233E+01  0.340350E+00  0.695074E-01
  0.427506E+01  0.220533E+00  0.691052E-01
  0.427779E+01  0.283717E+00  0.706420E-01
  0.428053E+01  0.209683E+00  0.701380E-01
  0.428326E+01  0.201733E+00  0.706209E-01
  0.428599E+01  0.291517E+00  0.713735E-01
  0.428872E+01  0.323600E+00  0.700007E-01
  0.429146E+01  0.201183E+00  0.700591E-01
  0.429419E+01  0.209300E+00  0.688655E-01
  0.429692E+01  0.206900E+00  0.699490E-01
  0.429965E+01  0.254083E+00  0.712678E-01
  0.430238E+01  0.315383E+00  0.706579E-01
  0.430512E+01  0.262550E+00  0.705696E-01
  0.430785E+01  0.286250E+00  0.686605E-01
  0.431058E+01  0.318183E+00  0.694096E-01
  0.431331E+01  0.311483E+00  0.702653E-01
  0.431605E+01  0.326517E+00  0.703156E-01
  0.431878E+01  0.325433E+00  0.710408E-01
  0.432151E+01  0.299933E+00  0.695345E-01
  0.432424E+01  0.300117E+00  0.696585E-01
  0.432698E+01  0.251767E+00  0.691879E-01
  0.432971E+01  0.329450E+00  0.681949E-01
  0.433244E+01  0.305800E+00  0.696065E-01
  0.433517E+01  0.313567E+00  0.690352E-01
  0.433790E+01  0.259283E+00  0.700547E-01
  0.434064E+01  0.326883E+00  0.710004E-01
  0.434337E+01  0.261267E+00  0.692948E-01
  0.434610E+01  0.277250E+00  0.705905E-01
  0.434883E+01  0.233100E+00  0.694672E-01
  0.435157E+01  0.270300E+00  0.693230E-01
  0.435430E+01  0.397917E+00  0.702144E-01
  0.435703E+01  0.300133E+00  0.682297E-01
  0.435976E+01  0.243217E+00  0.695189E-01
  0.436250E+01  0.265800E+00  0.696019E-01
  0.436523E+01  0.307467E+00  0.686597E-01
  0.436796E+01  0.261383E+00  0.713074E-01
  0.437069E+01  0.305367E+00  0.691566E-01
  0.437342E+01  0.350267E+00  0.694483E-01
  0.437616E+01  0.275467E+00  0.694670E-01
  0.437889E+01  0.273517E+00  0.696731E-01
  0.438162E+01  0.166050E+00  0.683860E-01
  0.438435E+01  0.259383E+00  0.688347E-01
  0.438709E+01  0.313317E+00  0.691152E-01
  0.438982E+01  0.210517E+00  0.690583E-01
  0.439255E+01  0.229700E+00  0.674670E-01
  0.439528E+01  0.210650E+00  0.688190E-01
  0.439802E+01  0.257750E+00  0.685636E-01
  0.440075E+01  0.302117E+00  0.694085E-01
  0.440348E+01  0.267617E+00  0.681419E-01
  0.440621E+01  0.274950E+00  0.692172E-01
  0.440894E+01  0.224067E+00  0.690885E-01
  0.441168E+01  0.198533E+00  0.698847E-01
  0.441441E+01  0.251767E+00  0.681481E-01
  0.441714E+01  0.201117E+00  0.693600E-01
  0.441987E+01  0.233683E+00  0.695310E-01
  0.442261E+01  0.207933E+00  0.673834E-01
  0.442534E+01  0.269767E+00  0.691665E-01
  0.442807E+01  0.344333E+00  0.683327E-01
  0.443080E+01  0.211533E+00  0.685566E-01
  0.443354E+01  0.292467E+00  0.684068E-01
  0.443627E+01  0.268317E+00  0.688281E-01
  0.443900E+01  0.207783E+00  0.691149E-01
  0.444173E+01  0.301650E+00  0.690994E-01
  0.444446E+01  0.268217E+00  0.693441E-01
  0.444720E+01  0.343967E+00  0.688705E-01
  0.444993E+01  0.268133E+00  0.681320E-01
  0.445266E+01  0.199933E+00  0.686662E-01
  0.445539E+01  0.342417E+00  0.676993E-01
  0.445813E+01  0.280483E+00  0.676526E-01
  0.446086E+01  0.307900E+00  0.683597E-01
  0.446359E+01  0.237217E+00  0.676279E-01
  0.446632E+01  0.204150E+00  0.688189E-01
  0.446906E+01  0.206783E+00  0.682840E-01
  0.447179E+01  0.215483E+00  0.688418E-01
  0.447452E+01  0.303950E+00  0.692358E-01
  0.447725E+01  0.314533E+00  0.671549E-01
  0.447998E+01  0.277300E+00  0.678070E-01
  0.448272E+01  0.257050E+00  0.679762E-01
  0.448545E+01  0.209533E+00  0.661952E-01
  0.448818E+01  0.186717E+00  0.684923E-01
  0.449091E+01  0.282533E+00  0.681519E-01
  0.449365E+01  0.292167E+00  0.685172E-01
  0.449638E+01  0.255950E+00  0.681504E-01
  0.449911E+01  0.296617E+00  0.687051E-01
  0.450184E+01  0.231383E+00  0.691132E-01
  0.450458E+01  0.281050E+00  0.685885E-01
  0.450731E+01  0.232817E+00  0.674229E-01
  0.451004E+01  0.228600E+00  0.688950E-01
  0.451277E+01  0.284900E+00  0.682286E-01
  0.451550E+01  0.174233E+00  0.689645E-01
  0.451824E+01  0.310500E+00  0.673484E-01
  0.452097E+01  0.276233E+00  0.684180E-01
  0.452370E+01  0.227883E+00  0.677661E-01
  0.452643E+01  0.276167E+00  0.684651E-01
  0.452917E+01  0.301567E+00  0.678161E-01
  0.453190E+01  0.232300E+00  0.672177E-01
  0.453463E+01  0.261000E+00  0.682039E-01
  0.453736E+01  0.276083E+00  0.674447E-01
  0.454010E+01  0.324200E+00  0.669555E-01
  0.454283E+01  0.362533E+00  0.694617E-01
  0.454556E+01  0.256117E+00  0.693684E-01
  0.454829E+01  0.243533E+00  0.667039E-01
  0.455102E+01  0.227650E+00  0.667502E-01
  0.455376E+01  0.248500E+00  0.676634E-01
  0.455649E+01  0.333367E+00  0.674579E-01
  0.455922E+01  0.258133E+00  0.681210E-01
  0.456195E+01  0.297517E+00  0.677495E-01
  0.456469E+01  0.202800E+00  0.678706E-01
  0.456742E+01  0.268400E+00  0.678873E-01
  0.457015E+01  0.310400E+00  0.675378E-01
  0.457288E+01  0.319100E+00  0.673637E-01
  0.457562E+01  0.229233E+00  0.672276E-01
  0.457835E+01  0.277483E+00  0.674711E-01
  0.458108E+01  0.276250E+00  0.676454E-01
  0.458381E+01  0.283067E+00  0.686452E-01
  0.458654E+01  0.282583E+00  0.679123E-01
  0.458928E+01  0.266733E+00  0.674142E-01
  0.459201E+01  0.252900E+00  0.678327E-01
  0.459474E+01  0.273767E+00  0.670299E-01
  0.459747E+01  0.310633E+00  0.673548E-01
  0.460021E+01  0.268550E+00  0.675010E-01
  0.460294E+01  0.245650E+00  0.671231E-01
  0.460567E+01  0.223967E+00  0.676278E-01
  0.460840E+01  0.203133E+00  0.673641E-01
  0.461114E+01  0.258267E+00  0.665061E-01
  0.461387E+01  0.265483E+00  0.666622E-01
  0.461660E+01  0.220683E+00  0.676030E-01
  0.461933E+01  0.278500E+00  0.667373E-01
  0.462206E+01  0.238450E+00  0.658606E-01
  0.462480E+01  0.274567E+00  0.677258E-01
  0.462753E+01  0.237650E+00  0.673264E-01
  0.463026E+01  0.324517E+00  0.655677E-01
  0.463299E+01  0.160567E+00  0.670272E-01
  0.463573E+01  0.241050E+00  0.673371E-01
  0.463846E+01  0.234650E+00  0.666571E-01
  0.464119E+01  0.282067E+00  0.681938E-01
  0.464392E+01  0.184883E+00  0.661001E-01
  0.464666E+01  0.200867E+00  0.663245E-01
  0.464939E+01  0.213017E+00  0.664264E-01
  0.465212E+01  0.222833E+00  0.661997E-01
  0.465485E+01  0.101967E+00  0.662054E-01
  0.465758E+01  0.267733E+00  0.660524E-01
  0.466032E+01  0.212150E+00  0.670090E-01
  0.466305E+01  0.176600E+00  0.666696E-01
  0.466578E+01  0.250483E+00  0.656753E-01
  0.466851E+01  0.318183E+00  0.654368E-01
  0.467125E+01  0.219183E+00  0.675903E-01
  0.467398E+01  0.151017E+00  0.667786E-01
  0.467671E+01  0.309633E+00  0.670632E-01
  0.467944E+01  0.204567E+00  0.662683E-01
  0.468218E+01  0.240833E+00  0.658679E-01
  0.468491E+01  0.243300E+00  0.663008E-01
  0.468764E+01  0.197783E+00  0.684830E-01
  0.469037E+01  0.227717E+00  0.660756E-01
  0.469310E+01  0.138950E+00  0.652463E-01
  0.469584E+01  0.264300E+00  0.660909E-01
  0.469857E+01  0.273317E+00  0.667840E-01
  0.470130E+01  0.203800E+00  0.673685E-01
  0.470403E+01  0.242133E+00  0.670393E-01
  0.470677E+01  0.222017E+00  0.670808E-01
  0.470950E+01  0.193350E+00  0.673825E-01
  0.471223E+01  0.173800E+00  0.667148E-01
  0.471496E+01  0.241983E+00  0.668709E-01
  0.471770E+01  0.318850E+00  0.658862E-01
  0.472043E+01  0.162750E+00  0.662873E-01
  0.472316E+01  0.271933E+00  0.668710E-01
  0.472589E+01  0.175583E+00  0.663391E-01
  0.472862E+01  0.258717E+00  0.670911E-01
  0.473136E+01  0.213683E+00  0.659668E-01
  0.473409E+01  0.169517E+00  0.667471E-01
  0.473682E+01  0.156250E+00  0.676664E-01
  0.473955E+01  0.281300E+00  0.669165E-01
  0.474229E+01  0.264167E+00  0.660623E-01
  0.474502E+01  0.262000E+00  0.657312E-01
  0.474775E+01  0.198767E+00  0.662879E-01
  0.475048E+01  0.173183E+00  0.664615E-01
  0.475322E+01  0.230950E+00  0.656561E-01
  0.475595E+01  0.194700E+00  0.661591E-01
  0.475868E+01  0.297200E+00  0.667411E-01
  0.476141E+01  0.255217E+00  0.654628E-01
  0.476414E+01  0.200400E+00  0.661571E-01
  0.476688E+01  0.227033E+00  0.666202E-01
  0.476961E+01  0.245250E+00  0.654252E-01
  0.477234E+01  0.122617E+00  0.653990E-01
  0.477507E+01  0.222417E+00  0.668969E-01
  0.477781E+01  0.259250E+00  0.655408E-01
  0.478054E+01  0.289767E+00  0.668863E-01
  0.478327E+01  0.238550E+00  0.653229E-01
  0.478600E+01  0.247150E+00  0.657433E-01
  0.478874E+01  0.234450E+00  0.658895E-01
  0.479147E+01  0.271817E+00  0.661359E-01
  0.479420E+01  0.205217E+00  0.649251E-01
  0.479693E+01  0.257917E+00  0.652843E-01
  0.479966E+01  0.244617E+00  0.666530E-01
  0.480240E+01  0.272867E+00  0.656373E-01
  0.480513E+01  0.277017E+00  0.651044E-01
  0.480786E+01  0.220783E+00  0.663134E-01
  0.481059E+01  0.192217E+00  0.661370E-01
  0.481333E+01  0.220417E+00  0.655790E-01
  0.481606E+01  0.294483E+00  0.657311E-01
  0.481879E+01  0.251617E+00  0.649581E-01
  0.482152E+01  0.127850E+00  0.655288E-01
  0.482426E+01  0.143000E+00  0.665109E-01
  0.482699E+01  0.289217E+00  0.656281E-01
  0.482972E+01  0.234533E+00  0.645714E-01
  0.483245E+01  0.191250E+00  0.659601E-01
  0.483518E+01  0.243617E+00  0.661525E-01
  0.483792E+01  0.161033E+00  0.658198E-01
  0.484065E+01  0.178983E+00  0.656785E-01
  0.484338E+01  0.150033E+00  0.653329E-01
  0.484611E+01  0.299600E+00  0.663143E-01
  0.484885E+01  0.189817E+00  0.644683E-01
  0.485158E+01  0.254733E+00  0.657238E-01
  0.485431E+01  0.185917E+00  0.652790E-01
  0.485704E+01  0.289750E+00  0.650171E-01
  0.485978E+01  0.188150E+00  0.641005E-01
  0.486251E+01  0.292917E+00  0.648791E-01
  0.486524E+01  0.183333E+00  0.649097E-01
  0.486797E+01  0.184117E+00  0.655660E-01
  0.487070E+01  0.246217E+00  0.649879E-01
  0.487344E+01  0.182200E+00  0.647858E-01
  0.487617E+01  0.189667E+00  0.652338E-01
  0.487890E+01  0.254133E+00  0.647087E-01
  0.488163E+01  0.168067E+00  0.654909E-01
  0.488437E+01  0.234467E+00  0.654293E-01
  0.488710E+01  0.186683E+00  0.651433E-01
  0.488983E+01  0.259550E+00  0.664222E-01
  0.489256E+01  0.159250E+00  0.649308E-01
  0.489530E+01  0.180717E+00  0.646143E-01
  0.489803E+01  0.239967E+00  0.665997E-01
  0.490076E+01  0.279067E+00  0.645561E-01
  0.490349E+01  0.168633E+00  0.651016E-01
  0.490622E+01  0.202450E+00  0.663522E-01
  0.490896E+01  0.199050E+00  0.661054E-01
  0.491169E+01  0.251150E+00  0.646433E-01
  0.491442E+01  0.170217E+00  0.644976E-01
  0.491715E+01  0.180617E+00  0.663572E-01
  0.491989E+01  0.230483E+00  0.648380E-01
  0.492262E+01  0.222867E+00  0.649730E-01
  0.492535E+01  0.272467E+00  0.641307E-01
  0.492808E+01  0.311783E+00  0.653121E-01
  0.493082E+01  0.198617E+00  0.639870E-01
  0.493355E+01  0.134317E+00  0.640106E-01
  0.493628E+01  0.189067E+00  0.654636E-01
  0.493901E+01  0.277150E+00  0.651448E-01
  0.494174E+01  0.276083E+00  0.651033E-01
  0.494448E+01  0.181467E+00  0.632487E-01
  0.494721E+01  0.242900E+00  0.640355E-01
  0.494994E+01  0.129583E+00  0.653803E-01
  0.495267E+01  0.251183E+00  0.652525E-01
  0.495541E+01  0.188183E+00  0.639269E-01
  0.495814E+01  0.147917E+00  0.645343E-01
  0.496087E+01  0.216717E+00  0.652216E-01
  0.496360E+01  0.135317E+00  0.649741E-01
  0.496634E+01  0.306500E-01  0.671752E-01
  0.496907E+01  0.254133E+00  0.647999E-01
  0.497180E+01  0.210267E+00  0.638969E-01
  0.497453E+01  0.143783E+00  0.647419E-01
  0.497726E+01  0.230483E+00  0.653697E-01
  0.498000E+01  0.140717E+00  0.643339E-01
  0.498273E+01  0.256400E+00  0.648505E-01
  0.498546E+01  0.224100E+00  0.648741E-01
  0.498819E+01  0.274250E+00  0.636978E-01
  0.499093E+01  0.244500E+00  0.637080E-01
  0.499366E+01  0.168417E+00  0.638293E-01
  0.499639E+01  0.228667E+00  0.641824E-01
  0.499912E+01  0.194033E+00  0.641136E-01
  0.500186E+01  0.232100E+00  0.648550E-01
  0.500459E+01  0.201600E+00  0.646629E-01
  0.500732E+01  0.219583E+00  0.638607E-01
  0.501005E+01  0.243333E+00  0.633203E-01
  0.501278E+01  0.192117E+00  0.629097E-01
  0.501552E+01  0.317217E+00  0.642950E-01
  0.501825E+01  0.194867E+00  0.636491E-01
  0.502098E+01  0.207200E+00  0.642769E-01
  0.502371E+01  0.133883E+00  0.641032E-01
  0.502645E+01  0.241500E+00  0.654611E-01
  0.502918E+01  0.884500E-01  0.641976E-01
  0.503191E+01  0.113700E+00  0.643839E-01
  0.503464E+01  0.138917E+00  0.636851E-01
  0.503738E+01  0.214033E+00  0.630691E-01
  0.504011E+01  0.205067E+00  0.651402E-01
  0.504284E+01  0.203500E+00  0.643755E-01
  0.504557E+01  0.147583E+00  0.632368E-01
  0.504830E+01  0.202083E+00  0.648597E-01
  0.505104E+01  0.150550E+00  0.641647E-01
  0.505377E+01  0.227100E+00  0.626108E-01
  0.505650E+01  0.239733E+00  0.639662E-01
  0.505923E+01  0.216067E+00  0.642336E-01
  0.506197E+01  0.221617E+00  0.647445E-01
  0.506470E+01  0.157650E+00  0.636406E-01
  0.506743E+01  0.204083E+00  0.627620E-01
  0.507016E+01  0.168250E+00  0.631667E-01
  0.507290E+01  0.189450E+00  0.631273E-01
  0.507563E+01  0.150667E+00  0.641624E-01
  0.507836E+01  0.263500E+00  0.643569E-01
  0.508109E+01  0.259867E+00  0.637351E-01
  0.508382E+01  0.171250E+00  0.642222E-01
  0.508656E+01  0.223117E+00  0.642738E-01
  0.508929E+01  0.247233E+00  0.637084E-01
  0.509202E+01  0.201917E+00  0.642685E-01
  0.509475E+01  0.181733E+00  0.633443E-01
  0.509749E+01  0.209183E+00  0.640089E-01
  0.510022E+01  0.200867E+00  0.638764E-01
  0.510295E+01  0.243867E+00  0.646234E-01
  0.510568E+01  0.176283E+00  0.636785E-01
  0.510842E+01  0.154367E+00  0.644883E-01
  0.511115E+01  0.229750E+00  0.646150E-01
  0.511388E+01  0.188367E+00  0.650554E-01
  0.511661E+01  0.173200E+00  0.636475E-01
  0.511934E+01  0.164100E+00  0.629797E-01
  0.512208E+01  0.174267E+00  0.646479E-01
  0.512481E+01  0.176267E+00  0.622283E-01
  0.512754E+01  0.214283E+00  0.634132E-01
  0.513027E+01  0.194483E+00  0.645644E-01
  0.513301E+01  0.136667E+00  0.633769E-01
  0.513574E+01  0.143017E+00  0.642725E-01
  0.513847E+01  0.231000E+00  0.634684E-01
  0.514120E+01  0.227917E+00  0.637428E-01
  0.514394E+01  0.150467E+00  0.643764E-01
  0.514667E+01  0.224850E+00  0.631498E-01
  0.514940E+01  0.929833E-01  0.647928E-01
  0.515213E+01  0.223967E+00  0.646012E-01
  0.515486E+01  0.159133E+00  0.631442E-01
  0.515760E+01  0.156983E+00  0.638229E-01
  0.516033E+01  0.228450E+00  0.646105E-01
  0.516306E+01  0.182083E+00  0.641820E-01
  0.516579E+01  0.217700E+00  0.635148E-01
  0.516853E+01  0.219650E+00  0.628435E-01
  0.517126E+01  0.233767E+00  0.628842E-01
  0.517399E+01  0.246617E+00  0.633373E-01
  0.517672E+01  0.159850E+00  0.646218E-01
  0.517946E+01  0.137333E+00  0.637758E-01
  0.518219E+01  0.303867E+00  0.628838E-01
  0.518492E+01  0.201767E+00  0.637872E-01
  0.518765E+01  0.127000E+00  0.631287E-01
  0.519038E+01  0.183067E+00  0.631908E-01
  0.519312E+01  0.203467E+00  0.628865E-01
  0.519585E+01  0.291050E+00  0.639649E-01
  0.519858E+01  0.178467E+00  0.630779E-01
  0.520131E+01  0.196483E+00  0.632043E-01
  0.520405E+01  0.126817E+00  0.629512E-01
  0.520678E+01  0.235117E+00  0.643797E-01
  0.520951E+01  0.176967E+00  0.632854E-01
  0.521224E+01  0.173433E+00  0.637996E-01
  0.521498E+01  0.177800E+00  0.629133E-01
  0.521771E+01  0.276017E+00  0.638867E-01
  0.522044E+01  0.604500E-01  0.637998E-01
  0.522317E+01  0.255450E+00  0.634809E-01
  0.522590E+01  0.201333E+00  0.636972E-01
  0.522864E+01  0.161800E+00  0.643245E-01
  0.523137E+01  0.275083E+00  0.629396E-01
  0.523410E+01  0.176367E+00  0.631256E-01
  0.523683E+01  0.167550E+00  0.624062E-01
  0.523957E+01  0.182933E+00  0.633040E-01
  0.524230E+01  0.344333E+00  0.634570E-01
  0.524503E+01  0.195417E+00  0.623285E-01
  0.524776E+01  0.191300E+00  0.626311E-01
  0.525050E+01  0.140600E+00  0.626609E-01
  0.525323E+01  0.134117E+00  0.643651E-01
  0.525596E+01  0.176767E+00  0.643083E-01
  0.525869E+01  0.213083E+00  0.632980E-01
  0.526142E+01  0.239200E+00  0.628763E-01
  0.526416E+01  0.167900E+00  0.636410E-01
  0.526689E+01  0.168467E+00  0.642009E-01
  0.526962E+01  0.218533E+00  0.616823E-01
  0.527235E+01  0.218283E+00  0.629590E-01
  0.527509E+01  0.192850E+00  0.631078E-01
  0.527782E+01  0.162333E+00  0.627765E-01
  0.528055E+01  0.116650E+00  0.631012E-01
  0.528328E+01  0.224850E+00  0.755865E-01
  0.528602E+01  0.202217E+00  0.813590E-01
  0.528875E+01  0.111633E+00  0.885349E-01
  0.529148E+01  0.241117E+00  0.905120E-01
  0.529421E+01  0.237717E+00  0.960614E-01
  0.529694E+01  0.153733E+00  0.100764E+00
  0.529968E+01  0.230667E+00  0.105753E+00
  0.530241E+01  0.240067E+00  0.111675E+00
  0.530514E+01  0.120400E+00  0.119910E+00
  0.530787E+01  0.137633E+00  0.798312E-01
  0.531061E+01  0.134817E+00  0.742475E-01
  0.531334E+01  0.247383E+00  0.738194E-01
  0.531607E+01  0.161700E+00  0.726035E-01
  0.531880E+01  0.182017E+00  0.689958E-01
  0.532154E+01  0.150117E+00  0.695556E-01
  0.532427E+01  0.369000E-01  0.698813E-01
  0.532700E+01  0.195233E+00  0.692013E-01
  0.532973E+01  0.113850E+00  0.678819E-01
  0.533246E+01  0.163067E+00  0.696638E-01
  0.533520E+01  0.207983E+00  0.694415E-01
  0.533793E+01  0.220217E+00  0.690386E-01
  0.534066E+01  0.178500E+00  0.669845E-01
  0.534339E+01  0.103517E+00  0.663429E-01
  0.534613E+01  0.153150E+00  0.659581E-01
  0.534886E+01  0.242950E+00  0.656878E-01
  0.535159E+01  0.182550E+00  0.636821E-01
  0.535432E+01  0.207900E+00  0.653150E-01
  0.535706E+01  0.193983E+00  0.636341E-01
  0.535979E+01  0.264817E+00  0.639929E-01
  0.536252E+01  0.206117E+00  0.628431E-01
  0.536525E+01  0.154983E+00  0.603300E-01
  0.536798E+01  0.867500E-01  0.610042E-01
  0.537072E+01  0.748500E-01  0.626330E-01
  0.537345E+01  0.201483E+00  0.626264E-01
  0.537618E+01  0.205950E+00  0.622209E-01
  0.537891E+01  0.112400E+00  0.629014E-01
  0.538165E+01  0.224783E+00  0.625361E-01
  0.538438E+01  0.165333E+00  0.613738E-01
  0.538711E+01  0.219350E+00  0.615141E-01
  0.538984E+01  0.181583E+00  0.612599E-01
  0.539258E+01  0.203783E+00  0.623186E-01
  0.539531E+01  0.227283E+00  0.610327E-01
  0.539804E+01  0.191817E+00  0.622125E-01
  0.540077E+01  0.222200E+00  0.616870E-01
  0.540350E+01  0.139400E+00  0.614824E-01
  0.540624E+01  0.202133E+00  0.618738E-01
  0.540897E+01  0.155183E+00  0.615100E-01
  0.541170E+01  0.117317E+00  0.603213E-01
  0.541443E+01  0.175017E+00  0.616969E-01
  0.541717E+01  0.177233E+00  0.616237E-01
  0.541990E+01  0.172950E+00  0.616991E-01
  0.542263E+01  0.198850E+00  0.617124E-01
  0.542536E+01  0.173667E+00  0.622337E-01
  0.542810E+01  0.163733E+00  0.610414E-01
  0.543083E+01  0.177617E+00  0.620077E-01
  0.543356E+01  0.186133E+00  0.604639E-01
  0.543629E+01  0.160400E+00  0.606096E-01
  0.543902E+01  0.170817E+00  0.617934E-01
  0.544176E+01  0.169617E+00  0.616033E-01
  0.544449E+01  0.555000E-01  0.616385E-01
  0.544722E+01  0.120567E+00  0.600091E-01
  0.544995E+01  0.134700E+00  0.615258E-01
  0.545269E+01  0.118600E+00  0.603626E-01
  0.545542E+01  0.120917E+00  0.612037E-01
  0.545815E+01  0.743167E-01  0.616154E-01
  0.546088E+01  0.315217E+00  0.595253E-01
  0.546362E+01  0.108467E+00  0.617474E-01
  0.546635E+01  0.195700E+00  0.602370E-01
  0.546908E+01  0.181867E+00  0.619487E-01
  0.547181E+01  0.194500E+00  0.592646E-01
  0.547454E+01  0.173567E+00  0.609544E-01
  0.547728E+01  0.208767E+00  0.608565E-01
  0.548001E+01  0.165017E+00  0.609483E-01
  0.548274E+01  0.193333E+00  0.609320E-01
  0.548547E+01  0.152217E+00  0.606512E-01
  0.548821E+01  0.173350E+00  0.598980E-01
  0.549094E+01  0.232750E+00  0.601657E-01
  0.549367E+01  0.192617E+00  0.607643E-01
  0.549640E+01  0.125500E+00  0.596673E-01
  0.549914E+01  0.725000E-01  0.605831E-01
  0.550187E+01  0.249667E+00  0.607956E-01
  0.550460E+01  0.980167E-01  0.604219E-01
  0.550733E+01  0.157450E+00  0.602178E-01
  0.551006E+01  0.158000E+00  0.599974E-01
  0.551280E+01  0.119200E+00  0.595540E-01
  0.551553E+01  0.212417E+00  0.598609E-01
  0.551826E+01  0.179917E+00  0.604729E-01
  0.552099E+01  0.223017E+00  0.604517E-01
  0.552373E+01  0.272583E+00  0.730397E-01
  0.552646E+01  0.129450E+00  0.802585E-01
  0.552919E+01  0.876667E-01  0.854345E-01
  0.553192E+01  0.151233E+00  0.704000E-01
  0.553466E+01  0.163550E+00  0.650614E-01
  0.553739E+01  0.218467E+00  0.643608E-01
  0.554012E+01  0.181600E+00  0.617854E-01
  0.554285E+01  0.136250E+00  0.625058E-01
  0.554558E+01  0.146967E+00  0.609075E-01
  0.554832E+01  0.161900E+00  0.633042E-01
  0.555105E+01  0.234867E+00  0.637154E-01
  0.555378E+01  0.170900E+00  0.627938E-01
  0.555651E+01  0.167300E+00  0.611585E-01
  0.555925E+01  0.107267E+00  0.616658E-01
  0.556198E+01  0.147583E+00  0.609704E-01
  0.556471E+01  0.143600E+00  0.621061E-01
  0.556744E+01  0.173533E+00  0.610621E-01
  0.557018E+01  0.124017E+00  0.615353E-01
  0.557291E+01  0.153067E+00  0.610869E-01
  0.557564E+01  0.136850E+00  0.623037E-01
  0.557837E+01  0.109117E+00  0.608201E-01
  0.558110E+01  0.202650E+00  0.611773E-01
  0.558384E+01  0.188967E+00  0.599751E-01
  0.558657E+01  0.159817E+00  0.594383E-01
  0.558930E+01  0.191233E+00  0.599077E-01
  0.559203E+01  0.122083E+00  0.608405E-01
  0.559477E+01  0.236750E+00  0.601285E-01
  0.559750E+01  0.156183E+00  0.597801E-01
  0.560023E+01  0.148017E+00  0.600753E-01
  0.560296E+01  0.101167E+00  0.600061E-01
  0.560570E+01  0.152783E+00  0.601130E-01
  0.560843E+01  0.191933E+00  0.597809E-01
  0.561116E+01  0.127950E+00  0.600292E-01
  0.561389E+01  0.226067E+00  0.599746E-01
  0.561662E+01  0.134333E+00  0.590448E-01
  0.561936E+01  0.115983E+00  0.603845E-01
  0.562209E+01  0.231567E+00  0.593437E-01
  0.562482E+01  0.201750E+00  0.605941E-01
  0.562755E+01  0.113183E+00  0.596554E-01
  0.563029E+01  0.138250E+00  0.593126E-01
  0.563302E+01  0.131567E+00  0.593391E-01
  0.563575E+01  0.112800E+00  0.594501E-01
  0.563848E+01  0.119450E+00  0.592529E-01
  0.564122E+01  0.170733E+00  0.586084E-01
  0.564395E+01  0.122700E+00  0.600583E-01
  0.564668E+01  0.165050E+00  0.604482E-01
  0.564941E+01  0.130883E+00  0.594759E-01
  0.565214E+01  0.133917E+00  0.602780E-01
  0.565488E+01  0.120850E+00  0.601910E-01
  0.565761E+01  0.225967E+00  0.595789E-01
  0.566034E+01  0.938167E-01  0.586214E-01
  0.566307E+01  0.210083E+00  0.582614E-01
  0.566581E+01  0.146367E+00  0.590766E-01
  0.566854E+01  0.240900E+00  0.593387E-01
  0.567127E+01  0.145983E+00  0.585668E-01
  0.567400E+01  0.159083E+00  0.585103E-01
  0.567674E+01  0.182367E+00  0.602044E-01
  0.567947E+01  0.169183E+00  0.592338E-01
  0.568220E+01  0.173567E+00  0.580687E-01
  0.568493E+01  0.976667E-01  0.589811E-01
  0.568766E+01  0.124850E+00  0.589080E-01
  0.569040E+01  0.196250E+00  0.576217E-01
  0.569313E+01  0.234950E+00  0.586546E-01
  0.569586E+01  0.125533E+00  0.596865E-01
  0.569859E+01  0.139850E+00  0.584225E-01
  0.570133E+01  0.916833E-01  0.595521E-01
  0.570406E+01  0.171083E+00  0.597626E-01
  0.570679E+01  0.137417E+00  0.591566E-01
  0.570952E+01  0.213967E+00  0.583544E-01
  0.571226E+01  0.158050E+00  0.587745E-01
  0.571499E+01  0.198083E+00  0.593509E-01
  0.571772E+01  0.172200E+00  0.582250E-01
  0.572045E+01  0.173033E+00  0.584283E-01
  0.572318E+01  0.159033E+00  0.598262E-01
  0.572592E+01  0.145400E+00  0.581307E-01
  0.572865E+01  0.139533E+00  0.591396E-01
  0.573138E+01  0.125183E+00  0.594930E-01
  0.573411E+01  0.164700E+00  0.593052E-01
  0.573685E+01  0.125300E+00  0.583801E-01
  0.573958E+01  0.160483E+00  0.588388E-01
  0.574231E+01  0.204683E+00  0.594775E-01
  0.574504E+01  0.189517E+00  0.587006E-01
  0.574778E+01  0.173067E+00  0.584005E-01
  0.575051E+01  0.837167E-01  0.580129E-01
  0.575324E+01  0.959667E-01  0.586574E-01
  0.575597E+01  0.186900E+00  0.580994E-01
  0.575870E+01  0.186000E+00  0.582333E-01
  0.576144E+01  0.192033E+00  0.577006E-01
  0.576417E+01  0.150383E+00  0.589248E-01
  0.576690E+01  0.189783E+00  0.590700E-01
  0.576963E+01  0.163583E+00  0.586584E-01
  0.577237E+01  0.124383E+00  0.583622E-01
  0.577510E+01  0.214800E+00  0.580174E-01
  0.577783E+01  0.130567E+00  0.588570E-01
  0.578056E+01  0.183217E+00  0.597640E-01
  0.578330E+01  0.136233E+00  0.584301E-01
  0.578603E+01  0.165783E+00  0.583241E-01
  0.578876E+01  0.192700E+00  0.580378E-01
  0.579149E+01  0.185133E+00  0.594593E-01
  0.579422E+01  0.176350E+00  0.590109E-01
  0.579696E+01  0.124217E+00  0.587645E-01
  0.579969E+01  0.156633E+00  0.584219E-01
  0.580242E+01  0.154550E+00  0.579612E-01
  0.580515E+01  0.106417E+00  0.573606E-01
  0.580789E+01  0.989667E-01  0.575239E-01
  0.581062E+01  0.143783E+00  0.572802E-01
  0.581335E+01  0.205100E+00  0.584494E-01
  0.581608E+01  0.204750E+00  0.579117E-01
  0.581882E+01  0.137883E+00  0.582908E-01
  0.582155E+01  0.169283E+00  0.581501E-01
  0.582428E+01  0.146017E+00  0.584639E-01
  0.582701E+01  0.191167E+00  0.574125E-01
  0.582974E+01  0.177617E+00  0.584271E-01
  0.583248E+01  0.184917E+00  0.583640E-01
  0.583521E+01  0.105033E+00  0.588479E-01
  0.583794E+01  0.118017E+00  0.590144E-01
  0.584067E+01  0.172083E+00  0.586989E-01
  0.584341E+01  0.189300E+00  0.578564E-01
  0.584614E+01  0.150917E+00  0.587924E-01
  0.584887E+01  0.136800E+00  0.575025E-01
  0.585160E+01  0.159700E+00  0.582981E-01
  0.585434E+01  0.214567E+00  0.580327E-01
  0.585707E+01  0.161617E+00  0.592269E-01
  0.585980E+01  0.156833E+00  0.584501E-01
  0.586253E+01  0.176167E+00  0.581363E-01
  0.586526E+01  0.171833E+00  0.577624E-01
  0.586800E+01  0.148933E+00  0.572513E-01
  0.587073E+01  0.436667E-01  0.570434E-01
  0.587346E+01  0.163300E+00  0.567322E-01
  0.587619E+01  0.987167E-01  0.576013E-01
  0.587893E+01  0.103800E+00  0.577686E-01
  0.588166E+01  0.921333E-01  0.579597E-01
  0.588439E+01  0.938833E-01  0.582350E-01
  0.588712E+01  0.155050E+00  0.581765E-01
  0.588986E+01  0.146117E+00  0.579718E-01
  0.589259E+01  0.190333E+00  0.580095E-01
  0.589532E+01  0.210283E+00  0.590014E-01
  0.589805E+01  0.169283E+00  0.594957E-01
  0.590078E+01  0.156983E+00  0.584493E-01
  0.590352E+01  0.163367E+00  0.584585E-01
  0.590625E+01  0.173400E+00  0.576909E-01
  0.590898E+01  0.181833E+00  0.579634E-01
  0.591171E+01  0.610333E-01  0.582877E-01
  0.591445E+01  0.157450E+00  0.580536E-01
  0.591718E+01  0.107583E+00  0.571718E-01
  0.591991E+01  0.976000E-01  0.561709E-01
  0.592264E+01  0.152650E+00  0.575888E-01
  0.592538E+01  0.132000E+00  0.568495E-01
  0.592811E+01  0.175917E+00  0.579126E-01
  0.593084E+01  0.121633E+00  0.585984E-01
  0.593357E+01  0.134350E+00  0.581952E-01
  0.593630E+01  0.163367E+00  0.585247E-01
  0.593904E+01  0.145583E+00  0.577381E-01
  0.594177E+01  0.181517E+00  0.575906E-01
  0.594450E+01  0.168933E+00  0.567078E-01
  0.594723E+01  0.141767E+00  0.578701E-01
  0.594997E+01  0.194250E+00  0.587423E-01
  0.595270E+01  0.140050E+00  0.575301E-01
  0.595543E+01  0.200183E+00  0.568466E-01
  0.595816E+01  0.678500E-01  0.581411E-01
  0.596090E+01  0.730500E-01  0.574726E-01
  0.596363E+01  0.104150E+00  0.573160E-01
  0.596636E+01  0.182217E+00  0.694170E-01
  0.596909E+01  0.150300E+00  0.746975E-01
  0.597182E+01  0.172833E+00  0.799242E-01
  0.597456E+01  0.193800E+00  0.845465E-01
  0.597729E+01  0.170817E+00  0.915233E-01
  0.598002E+01  0.235783E+00  0.959971E-01
  0.598275E+01  0.706833E-01  0.100750E+00
  0.598549E+01  0.433000E-01  0.108716E+00
  0.598822E+01  0.141217E+00  0.113601E+00
  0.599095E+01  0.154400E+00  0.116729E+00
  0.599368E+01  0.169300E+00  0.123505E+00
  0.599642E+01  0.200850E+00  0.137501E+00
  0.599915E+01  0.214933E+00  0.154843E+00
  0.600188E+01  0.197000E+00  0.159719E+00
  0.600461E+01  0.347333E-01  0.201019E+00
  0.600734E+01  0.117550E+00  0.210733E+00
  0.601008E+01 -0.120700E+00  0.272268E+00
  0.601281E+01  0.232317E+00  0.325672E+00
  0.601554E+01 -0.412000E+00  0.120073E+01
