 0.146543E-01  0.541457E+02  0.375268E+01
 0.149275E-01  0.541642E+02  0.335951E+01
 0.152008E-01  0.510973E+02  0.315298E+01
 0.154740E-01  0.525564E+02  0.297172E+01
 0.157472E-01  0.529202E+02  0.282751E+01
 0.160205E-01  0.526795E+02  0.266993E+01
 0.162937E-01  0.518548E+02  0.252300E+01
 0.165669E-01  0.520929E+02  0.241954E+01
 0.168402E-01  0.525985E+02  0.229819E+01
 0.171134E-01  0.528167E+02  0.219826E+01
 0.173866E-01  0.511356E+02  0.208697E+01
 0.176599E-01  0.499829E+02  0.198447E+01
 0.179331E-01  0.503374E+02  0.191438E+01
 0.182063E-01  0.500090E+02  0.183999E+01
 0.184795E-01  0.509483E+02  0.176904E+01
 0.187528E-01  0.490235E+02  0.168099E+01
 0.190260E-01  0.492997E+02  0.162702E+01
 0.192992E-01  0.503354E+02  0.156845E+01
 0.195725E-01  0.488540E+02  0.151610E+01
 0.198457E-01  0.491222E+02  0.145681E+01
 0.201189E-01  0.487503E+02  0.142263E+01
 0.203922E-01  0.478292E+02  0.136925E+01
 0.206654E-01  0.464735E+02  0.132582E+01
 0.209386E-01  0.477554E+02  0.128156E+01
 0.212119E-01  0.472992E+02  0.124816E+01
 0.214851E-01  0.475301E+02  0.122670E+01
 0.217583E-01  0.468014E+02  0.119368E+01
 0.220315E-01  0.464137E+02  0.115160E+01
 0.223048E-01  0.454228E+02  0.111747E+01
 0.225780E-01  0.452113E+02  0.109023E+01
 0.228512E-01  0.462284E+02  0.107231E+01
 0.231245E-01  0.448338E+02  0.105230E+01
 0.233977E-01  0.428855E+02  0.102211E+01
 0.236709E-01  0.435907E+02  0.100320E+01
 0.239442E-01  0.438817E+02  0.985879E+00
 0.242174E-01  0.433149E+02  0.965691E+00
 0.244906E-01  0.427657E+02  0.946329E+00
 0.247639E-01  0.426244E+02  0.942057E+00
 0.250371E-01  0.422524E+02  0.922883E+00
 0.253103E-01  0.420742E+02  0.905927E+00
 0.255835E-01  0.420482E+02  0.899964E+00
 0.258568E-01  0.419438E+02  0.888389E+00
 0.261300E-01  0.419994E+02  0.875654E+00
 0.264032E-01  0.416996E+02  0.863897E+00
 0.266765E-01  0.411950E+02  0.854510E+00
 0.269497E-01  0.413948E+02  0.845521E+00
 0.272229E-01  0.405474E+02  0.831077E+00
 0.274962E-01  0.406639E+02  0.822242E+00
 0.277694E-01  0.402993E+02  0.816006E+00
 0.280426E-01  0.396009E+02  0.808160E+00
 0.283159E-01  0.392256E+02  0.795367E+00
 0.285891E-01  0.395446E+02  0.780765E+00
 0.288623E-01  0.385451E+02  0.776031E+00
 0.291355E-01  0.379160E+02  0.766779E+00
 0.294088E-01  0.380452E+02  0.761953E+00
 0.296820E-01  0.381434E+02  0.757554E+00
 0.299552E-01  0.374315E+02  0.741614E+00
 0.302285E-01  0.370874E+02  0.732997E+00
 0.305017E-01  0.372904E+02  0.732516E+00
 0.307749E-01  0.362453E+02  0.721043E+00
 0.310482E-01  0.360275E+02  0.712523E+00
 0.313214E-01  0.363046E+02  0.710018E+00
 0.315946E-01  0.364576E+02  0.702654E+00
 0.318679E-01  0.358652E+02  0.697448E+00
 0.321411E-01  0.353285E+02  0.683448E+00
 0.324143E-01  0.350754E+02  0.687985E+00
 0.326876E-01  0.348557E+02  0.685194E+00
 0.329608E-01  0.350604E+02  0.679495E+00
 0.332340E-01  0.344303E+02  0.675667E+00
 0.335072E-01  0.338999E+02  0.669988E+00
 0.337805E-01  0.340587E+02  0.672280E+00
 0.340537E-01  0.336740E+02  0.665291E+00
 0.343269E-01  0.328441E+02  0.656286E+00
 0.346002E-01  0.332147E+02  0.659274E+00
 0.348734E-01  0.331141E+02  0.652949E+00
 0.351466E-01  0.326647E+02  0.660295E+00
 0.354199E-01  0.325068E+02  0.649771E+00
 0.356931E-01  0.316386E+02  0.642345E+00
 0.359663E-01  0.309235E+02  0.641252E+00
 0.362396E-01  0.312834E+02  0.635950E+00
 0.365128E-01  0.314400E+02  0.637787E+00
 0.367860E-01  0.311765E+02  0.632681E+00
 0.370592E-01  0.305132E+02  0.630462E+00
 0.373325E-01  0.312641E+02  0.634911E+00
 0.376057E-01  0.306616E+02  0.627112E+00
 0.378789E-01  0.303601E+02  0.622946E+00
 0.381522E-01  0.302759E+02  0.620568E+00
 0.384254E-01  0.296752E+02  0.617826E+00
 0.386986E-01  0.290722E+02  0.612199E+00
 0.389719E-01  0.288512E+02  0.609835E+00
 0.392451E-01  0.290549E+02  0.612475E+00
 0.395183E-01  0.287038E+02  0.608144E+00
 0.397916E-01  0.288672E+02  0.605761E+00
 0.400648E-01  0.283683E+02  0.606789E+00
 0.403380E-01  0.285870E+02  0.603737E+00
 0.406112E-01  0.281908E+02  0.599988E+00
 0.408845E-01  0.281194E+02  0.599493E+00
 0.411577E-01  0.277754E+02  0.590388E+00
 0.414309E-01  0.273013E+02  0.589909E+00
 0.417042E-01  0.279282E+02  0.587627E+00
 0.419774E-01  0.271832E+02  0.585872E+00
 0.422506E-01  0.270804E+02  0.586832E+00
 0.425239E-01  0.261430E+02  0.579536E+00
 0.427971E-01  0.261567E+02  0.578907E+00
 0.430703E-01  0.265128E+02  0.577268E+00
 0.433436E-01  0.262597E+02  0.576534E+00
 0.436168E-01  0.255878E+02  0.572090E+00
 0.438900E-01  0.258430E+02  0.571308E+00
 0.441632E-01  0.259071E+02  0.572761E+00
 0.444365E-01  0.252366E+02  0.566925E+00
 0.447097E-01  0.251240E+02  0.563407E+00
 0.449829E-01  0.245757E+02  0.559826E+00
 0.452562E-01  0.251548E+02  0.563436E+00
 0.455294E-01  0.243464E+02  0.561179E+00
 0.458026E-01  0.245474E+02  0.555305E+00
 0.460759E-01  0.247384E+02  0.556720E+00
 0.463491E-01  0.239907E+02  0.551332E+00
 0.466223E-01  0.237711E+02  0.552244E+00
 0.468956E-01  0.236628E+02  0.548489E+00
 0.471688E-01  0.235527E+02  0.548694E+00
 0.474420E-01  0.233092E+02  0.550680E+00
 0.477152E-01  0.233771E+02  0.542778E+00
 0.479885E-01  0.229495E+02  0.545469E+00
 0.482617E-01  0.229672E+02  0.544212E+00
 0.485349E-01  0.228163E+02  0.539528E+00
 0.488082E-01  0.229934E+02  0.542104E+00
 0.490814E-01  0.227982E+02  0.543869E+00
 0.493546E-01  0.226069E+02  0.541814E+00
 0.496279E-01  0.215029E+02  0.526846E+00
 0.499011E-01  0.220313E+02  0.535535E+00
 0.501743E-01  0.218043E+02  0.530957E+00
 0.504476E-01  0.214394E+02  0.528342E+00
 0.507208E-01  0.216350E+02  0.528924E+00
 0.509940E-01  0.217745E+02  0.527501E+00
 0.512672E-01  0.214211E+02  0.529172E+00
 0.515405E-01  0.214253E+02  0.526582E+00
 0.518137E-01  0.204511E+02  0.521306E+00
 0.520869E-01  0.205033E+02  0.527964E+00
 0.523602E-01  0.210605E+02  0.528077E+00
 0.526334E-01  0.206309E+02  0.523965E+00
 0.529066E-01  0.202172E+02  0.518813E+00
 0.531799E-01  0.202617E+02  0.522942E+00
 0.534531E-01  0.203191E+02  0.521255E+00
 0.537263E-01  0.198322E+02  0.513913E+00
 0.539996E-01  0.196392E+02  0.520302E+00
 0.542728E-01  0.193990E+02  0.508557E+00
 0.545460E-01  0.194017E+02  0.509768E+00
 0.548192E-01  0.193100E+02  0.508042E+00
 0.550925E-01  0.190368E+02  0.509187E+00
 0.553657E-01  0.191419E+02  0.506911E+00
 0.556389E-01  0.182274E+02  0.500580E+00
 0.559122E-01  0.185319E+02  0.504511E+00
 0.561854E-01  0.188725E+02  0.503278E+00
 0.564586E-01  0.184751E+02  0.497903E+00
 0.567319E-01  0.180928E+02  0.501886E+00
 0.570051E-01  0.180702E+02  0.502697E+00
 0.572783E-01  0.180704E+02  0.502436E+00
 0.575516E-01  0.176604E+02  0.495232E+00
 0.578248E-01  0.173537E+02  0.496287E+00
 0.580980E-01  0.179713E+02  0.495517E+00
 0.583713E-01  0.173201E+02  0.488202E+00
 0.586445E-01  0.178610E+02  0.495293E+00
 0.589177E-01  0.175734E+02  0.491113E+00
 0.591909E-01  0.171354E+02  0.492368E+00
 0.594642E-01  0.169612E+02  0.490015E+00
 0.597374E-01  0.166922E+02  0.485092E+00
 0.600106E-01  0.167165E+02  0.488501E+00
 0.602839E-01  0.166157E+02  0.486737E+00
 0.605571E-01  0.164577E+02  0.485462E+00
 0.608303E-01  0.167987E+02  0.487425E+00
 0.611036E-01  0.166106E+02  0.483066E+00
 0.613768E-01  0.157076E+02  0.474906E+00
 0.616500E-01  0.155022E+02  0.478117E+00
 0.619233E-01  0.154554E+02  0.475780E+00
 0.621965E-01  0.158883E+02  0.472931E+00
 0.624697E-01  0.159120E+02  0.478600E+00
 0.627429E-01  0.155475E+02  0.476414E+00
 0.630162E-01  0.156911E+02  0.475392E+00
 0.632894E-01  0.155159E+02  0.471534E+00
 0.635626E-01  0.154139E+02  0.469941E+00
 0.638359E-01  0.152969E+02  0.471837E+00
 0.641091E-01  0.153897E+02  0.472232E+00
 0.643823E-01  0.151171E+02  0.470167E+00
 0.646556E-01  0.150344E+02  0.468663E+00
 0.649288E-01  0.150365E+02  0.466704E+00
 0.652020E-01  0.146760E+02  0.464407E+00
 0.654753E-01  0.152548E+02  0.469681E+00
 0.657485E-01  0.149708E+02  0.467548E+00
 0.660217E-01  0.145274E+02  0.461616E+00
 0.662949E-01  0.147661E+02  0.462037E+00
 0.665682E-01  0.142921E+02  0.462081E+00
 0.668414E-01  0.141487E+02  0.460159E+00
 0.671146E-01  0.137142E+02  0.458229E+00
 0.673879E-01  0.137891E+02  0.461920E+00
 0.676611E-01  0.140152E+02  0.459838E+00
 0.679343E-01  0.139793E+02  0.457681E+00
 0.682076E-01  0.140696E+02  0.456931E+00
 0.684808E-01  0.137013E+02  0.456125E+00
 0.687540E-01  0.135333E+02  0.451677E+00
 0.690273E-01  0.134697E+02  0.452389E+00
 0.693005E-01  0.131863E+02  0.447596E+00
 0.695737E-01  0.133903E+02  0.453121E+00
 0.698469E-01  0.132692E+02  0.454634E+00
 0.701202E-01  0.127235E+02  0.447503E+00
 0.703934E-01  0.127786E+02  0.446436E+00
 0.706666E-01  0.126010E+02  0.443185E+00
 0.709399E-01  0.126687E+02  0.444188E+00
 0.712131E-01  0.127221E+02  0.446523E+00
 0.714863E-01  0.125530E+02  0.438125E+00
 0.717596E-01  0.128067E+02  0.444459E+00
 0.720328E-01  0.128128E+02  0.440902E+00
 0.723060E-01  0.125144E+02  0.441087E+00
 0.725793E-01  0.126479E+02  0.443461E+00
 0.728525E-01  0.126752E+02  0.442314E+00
 0.731257E-01  0.122758E+02  0.439024E+00
 0.733989E-01  0.119301E+02  0.433928E+00
 0.736722E-01  0.117879E+02  0.435356E+00
 0.739454E-01  0.120160E+02  0.434888E+00
 0.742186E-01  0.121143E+02  0.433432E+00
 0.744919E-01  0.122248E+02  0.437782E+00
 0.747651E-01  0.116167E+02  0.431480E+00
 0.750383E-01  0.117162E+02  0.430927E+00
 0.753116E-01  0.118650E+02  0.434932E+00
 0.755848E-01  0.114897E+02  0.432925E+00
 0.758580E-01  0.111003E+02  0.430909E+00
 0.761313E-01  0.110152E+02  0.429499E+00
 0.764045E-01  0.111045E+02  0.428833E+00
 0.766777E-01  0.111626E+02  0.423606E+00
 0.769509E-01  0.111623E+02  0.424185E+00
 0.772242E-01  0.108385E+02  0.423855E+00
 0.774974E-01  0.112904E+02  0.426417E+00
 0.777706E-01  0.113916E+02  0.428377E+00
 0.780439E-01  0.111954E+02  0.423633E+00
 0.783171E-01  0.109886E+02  0.420245E+00
 0.785903E-01  0.107851E+02  0.421077E+00
 0.788636E-01  0.108095E+02  0.423312E+00
 0.791368E-01  0.107574E+02  0.427334E+00
 0.794100E-01  0.104856E+02  0.420132E+00
 0.796833E-01  0.105840E+02  0.416629E+00
 0.799565E-01  0.100864E+02  0.418160E+00
 0.802297E-01  0.998097E+01  0.422674E+00
 0.805029E-01  0.100335E+02  0.424222E+00
 0.807762E-01  0.102800E+02  0.421631E+00
 0.810494E-01  0.100374E+02  0.426325E+00
 0.813226E-01  0.978175E+01  0.425708E+00
 0.815959E-01  0.979416E+01  0.425531E+00
 0.818691E-01  0.104226E+02  0.428337E+00
 0.821423E-01  0.100023E+02  0.427520E+00
 0.824156E-01  0.990490E+01  0.434447E+00
 0.826888E-01  0.982143E+01  0.429634E+00
 0.829620E-01  0.958826E+01  0.429905E+00
 0.832353E-01  0.937767E+01  0.425153E+00
 0.835085E-01  0.955106E+01  0.426980E+00
 0.837817E-01  0.938646E+01  0.425814E+00
 0.840549E-01  0.940159E+01  0.427324E+00
 0.843282E-01  0.970174E+01  0.431243E+00
 0.846014E-01  0.976565E+01  0.425838E+00
 0.848746E-01  0.959786E+01  0.427737E+00
 0.851479E-01  0.942078E+01  0.434102E+00
 0.854211E-01  0.923662E+01  0.430981E+00
 0.856943E-01  0.907285E+01  0.431983E+00
 0.859676E-01  0.914803E+01  0.428186E+00
 0.862408E-01  0.926613E+01  0.430631E+00
 0.865140E-01  0.904954E+01  0.426832E+00
 0.867873E-01  0.907353E+01  0.429482E+00
 0.870605E-01  0.891779E+01  0.433125E+00
 0.873337E-01  0.876943E+01  0.429955E+00
 0.876070E-01  0.851326E+01  0.428807E+00
 0.878802E-01  0.830958E+01  0.429104E+00
 0.881534E-01  0.881555E+01  0.430205E+00
 0.884266E-01  0.841465E+01  0.429587E+00
 0.886999E-01  0.846448E+01  0.431346E+00
 0.889731E-01  0.847090E+01  0.425350E+00
 0.892463E-01  0.864446E+01  0.422746E+00
 0.895196E-01  0.827482E+01  0.427524E+00
 0.897928E-01  0.830894E+01  0.426337E+00
 0.900660E-01  0.814954E+01  0.430868E+00
 0.903393E-01  0.808757E+01  0.429927E+00
 0.906125E-01  0.824730E+01  0.424944E+00
 0.908857E-01  0.810639E+01  0.430387E+00
 0.911590E-01  0.773498E+01  0.428602E+00
 0.914322E-01  0.783483E+01  0.432967E+00
 0.917054E-01  0.814144E+01  0.431412E+00
 0.919786E-01  0.803806E+01  0.428600E+00
 0.922519E-01  0.808434E+01  0.432229E+00
 0.925251E-01  0.771329E+01  0.425818E+00
 0.927983E-01  0.763438E+01  0.425610E+00
 0.930716E-01  0.808586E+01  0.434006E+00
 0.933448E-01  0.817233E+01  0.432877E+00
 0.936180E-01  0.772252E+01  0.429266E+00
 0.938913E-01  0.723885E+01  0.422990E+00
 0.941645E-01  0.728922E+01  0.426540E+00
 0.944377E-01  0.741651E+01  0.430819E+00
 0.947110E-01  0.743838E+01  0.431630E+00
 0.949842E-01  0.737938E+01  0.427626E+00
 0.952574E-01  0.751761E+01  0.426121E+00
 0.955306E-01  0.708115E+01  0.429373E+00
 0.958039E-01  0.708279E+01  0.425599E+00
 0.960771E-01  0.738766E+01  0.429289E+00
 0.963503E-01  0.713114E+01  0.425626E+00
 0.966236E-01  0.669000E+01  0.424977E+00
 0.968968E-01  0.669282E+01  0.429343E+00
 0.971700E-01  0.683401E+01  0.424628E+00
 0.974433E-01  0.707235E+01  0.429532E+00
 0.977165E-01  0.757439E+01  0.430025E+00
 0.979897E-01  0.708673E+01  0.425562E+00
 0.982630E-01  0.722281E+01  0.429564E+00
 0.985362E-01  0.675665E+01  0.420585E+00
 0.988094E-01  0.676197E+01  0.433321E+00
 0.990826E-01  0.727360E+01  0.435041E+00
 0.993559E-01  0.721206E+01  0.427908E+00
 0.996291E-01  0.694281E+01  0.428663E+00
 0.999023E-01  0.693888E+01  0.426971E+00
 0.100176E+00  0.702862E+01  0.426452E+00
 0.100449E+00  0.660680E+01  0.424614E+00
 0.100722E+00  0.655836E+01  0.421814E+00
 0.100995E+00  0.629677E+01  0.420463E+00
 0.101268E+00  0.634474E+01  0.420960E+00
 0.101542E+00  0.668604E+01  0.426780E+00
 0.101815E+00  0.659589E+01  0.422947E+00
 0.102088E+00  0.618418E+01  0.426250E+00
 0.102361E+00  0.650948E+01  0.424619E+00
 0.102635E+00  0.650291E+01  0.425060E+00
 0.102908E+00  0.609363E+01  0.427786E+00
 0.103181E+00  0.624141E+01  0.420376E+00
 0.103454E+00  0.633443E+01  0.422219E+00
 0.103728E+00  0.622094E+01  0.423699E+00
 0.104001E+00  0.608736E+01  0.421920E+00
 0.104274E+00  0.630347E+01  0.422968E+00
 0.104547E+00  0.650240E+01  0.426037E+00
 0.104820E+00  0.648730E+01  0.428446E+00
 0.105094E+00  0.632138E+01  0.431102E+00
 0.105367E+00  0.596480E+01  0.426949E+00
 0.105640E+00  0.636422E+01  0.423874E+00
 0.105913E+00  0.623025E+01  0.425873E+00
 0.106187E+00  0.594409E+01  0.424846E+00
 0.106460E+00  0.581423E+01  0.419499E+00
 0.106733E+00  0.560455E+01  0.422040E+00
 0.107006E+00  0.550839E+01  0.420892E+00
 0.107280E+00  0.609440E+01  0.423458E+00
 0.107553E+00  0.570331E+01  0.420367E+00
 0.107826E+00  0.602981E+01  0.423109E+00
 0.108099E+00  0.545194E+01  0.427584E+00
 0.108372E+00  0.549591E+01  0.423838E+00
 0.108646E+00  0.577570E+01  0.426603E+00
 0.108919E+00  0.536562E+01  0.419227E+00
 0.109192E+00  0.559624E+01  0.419635E+00
 0.109465E+00  0.546038E+01  0.417548E+00
 0.109739E+00  0.567446E+01  0.419130E+00
 0.110012E+00  0.539205E+01  0.418559E+00
 0.110285E+00  0.529599E+01  0.423631E+00
 0.110558E+00  0.569646E+01  0.424009E+00
 0.110832E+00  0.591560E+01  0.427782E+00
 0.111105E+00  0.531921E+01  0.418820E+00
 0.111378E+00  0.507770E+01  0.421282E+00
 0.111651E+00  0.525677E+01  0.421983E+00
 0.111924E+00  0.556126E+01  0.420612E+00
 0.112198E+00  0.531090E+01  0.418797E+00
 0.112471E+00  0.552613E+01  0.423032E+00
 0.112744E+00  0.514995E+01  0.422673E+00
 0.113017E+00  0.494400E+01  0.418172E+00
 0.113291E+00  0.487538E+01  0.424347E+00
 0.113564E+00  0.467242E+01  0.417322E+00
 0.113837E+00  0.486766E+01  0.416053E+00
 0.114110E+00  0.487375E+01  0.416928E+00
 0.114384E+00  0.496556E+01  0.416180E+00
 0.114657E+00  0.519086E+01  0.414246E+00
 0.114930E+00  0.519619E+01  0.419555E+00
 0.115203E+00  0.477637E+01  0.415356E+00
 0.115476E+00  0.502953E+01  0.416549E+00
 0.115750E+00  0.468058E+01  0.416199E+00
 0.116023E+00  0.435211E+01  0.418073E+00
 0.116296E+00  0.467850E+01  0.415894E+00
 0.116569E+00  0.452510E+01  0.413836E+00
 0.116843E+00  0.490716E+01  0.417045E+00
 0.117116E+00  0.491847E+01  0.420697E+00
 0.117389E+00  0.451174E+01  0.415909E+00
 0.117662E+00  0.469467E+01  0.415243E+00
 0.117936E+00  0.491983E+01  0.418998E+00
 0.118209E+00  0.491170E+01  0.420785E+00
 0.118482E+00  0.482940E+01  0.416067E+00
 0.118755E+00  0.432349E+01  0.419810E+00
 0.119028E+00  0.475409E+01  0.417632E+00
 0.119302E+00  0.471269E+01  0.416704E+00
 0.119575E+00  0.465835E+01  0.418680E+00
 0.119848E+00  0.457731E+01  0.418577E+00
 0.120121E+00  0.474560E+01  0.420388E+00
 0.120395E+00  0.481435E+01  0.414852E+00
 0.120668E+00  0.435377E+01  0.410701E+00
 0.120941E+00  0.407575E+01  0.418099E+00
 0.121214E+00  0.441155E+01  0.416365E+00
 0.121488E+00  0.482380E+01  0.419090E+00
 0.121761E+00  0.453021E+01  0.420122E+00
 0.122034E+00  0.462276E+01  0.417942E+00
 0.122307E+00  0.437391E+01  0.417668E+00
 0.122580E+00  0.434240E+01  0.417858E+00
 0.122854E+00  0.441880E+01  0.615357E+00
 0.123127E+00  0.419612E+01  0.334889E+00
 0.123673E+00  0.405175E+01  0.547695E+00
 0.123947E+00  0.383769E+01  0.488615E+00
 0.124220E+00  0.437213E+01  0.483801E+00
 0.124493E+00  0.451039E+01  0.499692E+00
 0.124766E+00  0.435924E+01  0.499579E+00
 0.125040E+00  0.450540E+01  0.504419E+00
 0.125313E+00  0.444007E+01  0.512068E+00
 0.125586E+00  0.452892E+01  0.520882E+00
 0.125859E+00  0.414473E+01  0.527485E+00
 0.126133E+00  0.364058E+01  0.534992E+00
 0.126406E+00  0.371170E+01  0.492950E+00
 0.126679E+00  0.381679E+01  0.470681E+00
 0.126952E+00  0.419700E+01  0.469978E+00
 0.127225E+00  0.442750E+01  0.460758E+00
 0.127499E+00  0.383041E+01  0.452211E+00
 0.127772E+00  0.373496E+01  0.443618E+00
 0.128045E+00  0.424468E+01  0.443403E+00
 0.128318E+00  0.407189E+01  0.440770E+00
 0.128592E+00  0.376554E+01  0.440126E+00
 0.128865E+00  0.381424E+01  0.436212E+00
 0.129138E+00  0.394372E+01  0.437621E+00
 0.129411E+00  0.382705E+01  0.428550E+00
 0.129685E+00  0.422850E+01  0.432359E+00
 0.129958E+00  0.399713E+01  0.421878E+00
 0.130231E+00  0.364107E+01  0.420373E+00
 0.130504E+00  0.340580E+01  0.419362E+00
 0.130777E+00  0.317817E+01  0.414928E+00
 0.131051E+00  0.350109E+01  0.421279E+00
 0.131324E+00  0.333985E+01  0.420198E+00
 0.131597E+00  0.387368E+01  0.418105E+00
 0.131870E+00  0.404225E+01  0.422185E+00
 0.132144E+00  0.388007E+01  0.421358E+00
 0.132417E+00  0.362887E+01  0.419471E+00
 0.132690E+00  0.385072E+01  0.415491E+00
 0.132963E+00  0.383520E+01  0.417418E+00
 0.133237E+00  0.337000E+01  0.415440E+00
 0.133510E+00  0.355400E+01  0.414732E+00
 0.133783E+00  0.386103E+01  0.423070E+00
 0.134056E+00  0.344785E+01  0.418809E+00
 0.134329E+00  0.364030E+01  0.413200E+00
 0.134603E+00  0.367886E+01  0.413139E+00
 0.134876E+00  0.357676E+01  0.418609E+00
 0.135149E+00  0.366440E+01  0.417010E+00
 0.135422E+00  0.337929E+01  0.417144E+00
 0.135696E+00  0.311885E+01  0.414486E+00
 0.135969E+00  0.298601E+01  0.414262E+00
 0.136242E+00  0.315832E+01  0.418326E+00
 0.136515E+00  0.330166E+01  0.416074E+00
 0.136789E+00  0.345566E+01  0.416116E+00
 0.137062E+00  0.346407E+01  0.414481E+00
 0.137335E+00  0.287235E+01  0.411648E+00
 0.137608E+00  0.296442E+01  0.415076E+00
 0.137881E+00  0.306194E+01  0.409906E+00
 0.138155E+00  0.360606E+01  0.408793E+00
 0.138428E+00  0.319556E+01  0.411646E+00
 0.138701E+00  0.294253E+01  0.413173E+00
 0.138974E+00  0.333168E+01  0.417717E+00
 0.139248E+00  0.355236E+01  0.416183E+00
 0.139521E+00  0.337659E+01  0.415082E+00
 0.139794E+00  0.342699E+01  0.413769E+00
 0.140067E+00  0.347804E+01  0.409896E+00
 0.140341E+00  0.308510E+01  0.413049E+00
 0.140614E+00  0.335334E+01  0.411619E+00
 0.140887E+00  0.345653E+01  0.414462E+00
 0.141160E+00  0.322229E+01  0.414602E+00
 0.141433E+00  0.278752E+01  0.405964E+00
 0.141707E+00  0.304284E+01  0.405228E+00
 0.141980E+00  0.335755E+01  0.411216E+00
 0.142253E+00  0.316163E+01  0.406639E+00
 0.142526E+00  0.276511E+01  0.403895E+00
 0.142800E+00  0.287686E+01  0.405997E+00
 0.143073E+00  0.319355E+01  0.408948E+00
 0.143346E+00  0.312873E+01  0.409436E+00
 0.143619E+00  0.279539E+01  0.411145E+00
 0.143893E+00  0.295770E+01  0.412519E+00
 0.144166E+00  0.305435E+01  0.409337E+00
 0.144439E+00  0.305863E+01  0.406807E+00
 0.144712E+00  0.304196E+01  0.411142E+00
 0.144985E+00  0.286419E+01  0.404644E+00
 0.145259E+00  0.308684E+01  0.408935E+00
 0.145532E+00  0.312877E+01  0.409262E+00
 0.145805E+00  0.266340E+01  0.405140E+00
 0.146078E+00  0.273574E+01  0.403754E+00
 0.146352E+00  0.272255E+01  0.405899E+00
 0.146625E+00  0.287456E+01  0.402818E+00
 0.146898E+00  0.325493E+01  0.414204E+00
 0.147171E+00  0.262278E+01  0.409558E+00
 0.147445E+00  0.261925E+01  0.402425E+00
 0.147718E+00  0.252973E+01  0.400680E+00
 0.147991E+00  0.292709E+01  0.400521E+00
 0.148264E+00  0.276781E+01  0.398031E+00
 0.148537E+00  0.288526E+01  0.396836E+00
 0.148811E+00  0.288001E+01  0.398999E+00
 0.149084E+00  0.243085E+01  0.397562E+00
 0.149357E+00  0.274761E+01  0.400182E+00
 0.149630E+00  0.258191E+01  0.400447E+00
 0.149904E+00  0.265887E+01  0.402892E+00
 0.150177E+00  0.279014E+01  0.392582E+00
 0.150450E+00  0.283552E+01  0.400017E+00
 0.150723E+00  0.220645E+01  0.398308E+00
 0.150997E+00  0.229851E+01  0.394999E+00
 0.151270E+00  0.263312E+01  0.396337E+00
 0.151543E+00  0.282776E+01  0.398726E+00
 0.151816E+00  0.250222E+01  0.392523E+00
 0.152089E+00  0.252052E+01  0.395127E+00
 0.152363E+00  0.236875E+01  0.397831E+00
 0.152636E+00  0.237373E+01  0.398886E+00
 0.152909E+00  0.235297E+01  0.398656E+00
 0.153182E+00  0.267946E+01  0.394488E+00
 0.153456E+00  0.223133E+01  0.394498E+00
 0.153729E+00  0.232079E+01  0.401117E+00
 0.154002E+00  0.261470E+01  0.398019E+00
 0.154275E+00  0.269525E+01  0.394451E+00
 0.154549E+00  0.256174E+01  0.395539E+00
 0.154822E+00  0.229969E+01  0.394841E+00
 0.155095E+00  0.248384E+01  0.395787E+00
 0.155368E+00  0.219072E+01  0.394009E+00
 0.155641E+00  0.251172E+01  0.392442E+00
 0.155915E+00  0.261752E+01  0.397594E+00
 0.156188E+00  0.232783E+01  0.395591E+00
 0.156461E+00  0.228868E+01  0.393986E+00
 0.156734E+00  0.260453E+01  0.392627E+00
 0.157008E+00  0.240521E+01  0.397838E+00
 0.157281E+00  0.226779E+01  0.398827E+00
 0.157554E+00  0.230337E+01  0.395178E+00
 0.157827E+00  0.238374E+01  0.389411E+00
 0.158101E+00  0.234665E+01  0.392381E+00
 0.158374E+00  0.235510E+01  0.392749E+00
 0.158647E+00  0.251807E+01  0.394523E+00
 0.158920E+00  0.233369E+01  0.396120E+00
 0.159193E+00  0.219269E+01  0.393389E+00
 0.159467E+00  0.195103E+01  0.397167E+00
 0.159740E+00  0.260837E+01  0.396041E+00
 0.160013E+00  0.208644E+01  0.390221E+00
 0.160286E+00  0.228482E+01  0.391739E+00
 0.160560E+00  0.236212E+01  0.399389E+00
 0.160833E+00  0.243509E+01  0.395927E+00
 0.161106E+00  0.206520E+01  0.392858E+00
 0.161379E+00  0.244379E+01  0.390397E+00
 0.161653E+00  0.199853E+01  0.393311E+00
 0.161926E+00  0.228661E+01  0.395374E+00
 0.162199E+00  0.207278E+01  0.391647E+00
 0.162472E+00  0.207425E+01  0.391577E+00
 0.162745E+00  0.200144E+01  0.390538E+00
 0.163019E+00  0.214454E+01  0.392309E+00
 0.163292E+00  0.219475E+01  0.397444E+00
 0.163565E+00  0.247087E+01  0.393567E+00
 0.163838E+00  0.220859E+01  0.391180E+00
 0.164112E+00  0.243488E+01  0.395092E+00
 0.164385E+00  0.225180E+01  0.390179E+00
 0.164658E+00  0.232544E+01  0.390462E+00
 0.164931E+00  0.224634E+01  0.391048E+00
 0.165205E+00  0.193880E+01  0.389993E+00
 0.165478E+00  0.197158E+01  0.389804E+00
 0.165751E+00  0.208048E+01  0.394973E+00
 0.166024E+00  0.193518E+01  0.392983E+00
 0.166297E+00  0.182097E+01  0.393241E+00
 0.166571E+00  0.186557E+01  0.390935E+00
 0.166844E+00  0.181944E+01  0.386052E+00
 0.167117E+00  0.166179E+01  0.387001E+00
 0.167390E+00  0.200808E+01  0.390565E+00
 0.167664E+00  0.196107E+01  0.392545E+00
 0.167937E+00  0.200970E+01  0.394621E+00
 0.168210E+00  0.204497E+01  0.391255E+00
 0.168483E+00  0.214617E+01  0.388331E+00
 0.168757E+00  0.202401E+01  0.387693E+00
 0.169030E+00  0.198338E+01  0.389434E+00
 0.169303E+00  0.190559E+01  0.388163E+00
 0.169576E+00  0.167949E+01  0.393350E+00
 0.169849E+00  0.171698E+01  0.394422E+00
 0.170123E+00  0.174305E+01  0.389481E+00
 0.170396E+00  0.160056E+01  0.388059E+00
 0.170669E+00  0.180038E+01  0.390258E+00
 0.170942E+00  0.191351E+01  0.388805E+00
 0.171216E+00  0.214137E+01  0.389226E+00
 0.171489E+00  0.189543E+01  0.389156E+00
 0.171762E+00  0.182466E+01  0.389359E+00
 0.172035E+00  0.185500E+01  0.385119E+00
 0.172309E+00  0.200676E+01  0.389965E+00
 0.172582E+00  0.172168E+01  0.388980E+00
 0.172855E+00  0.142459E+01  0.385713E+00
 0.173128E+00  0.192529E+01  0.390919E+00
 0.173401E+00  0.185268E+01  0.391286E+00
 0.173675E+00  0.200426E+01  0.389040E+00
 0.173948E+00  0.196691E+01  0.387683E+00
 0.174221E+00  0.179442E+01  0.388175E+00
 0.174494E+00  0.178524E+01  0.389258E+00
 0.174768E+00  0.188062E+01  0.387930E+00
 0.175041E+00  0.186588E+01  0.386494E+00
 0.175314E+00  0.152056E+01  0.383104E+00
 0.175587E+00  0.165470E+01  0.380268E+00
 0.175861E+00  0.188915E+01  0.386308E+00
 0.176134E+00  0.160020E+01  0.389912E+00
 0.176407E+00  0.161969E+01  0.386399E+00
 0.176680E+00  0.169260E+01  0.388811E+00
 0.176953E+00  0.167498E+01  0.388002E+00
 0.177227E+00  0.163758E+01  0.392184E+00
 0.177500E+00  0.172531E+01  0.389145E+00
 0.177773E+00  0.167900E+01  0.281898E+00
 0.178046E+00  0.168505E+01  0.209114E+00
 0.178320E+00  0.152452E+01  0.204719E+00
 0.178593E+00  0.173179E+01  0.204669E+00
 0.178866E+00  0.149937E+01  0.206982E+00
 0.179139E+00  0.163233E+01  0.204436E+00
 0.179413E+00  0.158829E+01  0.205975E+00
 0.179686E+00  0.174787E+01  0.207840E+00
 0.179959E+00  0.161281E+01  0.207791E+00
 0.180232E+00  0.140264E+01  0.205317E+00
 0.180505E+00  0.144262E+01  0.207312E+00
 0.180779E+00  0.167031E+01  0.208074E+00
 0.181052E+00  0.147826E+01  0.206099E+00
 0.181325E+00  0.127209E+01  0.205294E+00
 0.181598E+00  0.128522E+01  0.203643E+00
 0.181872E+00  0.153167E+01  0.205177E+00
 0.182145E+00  0.153458E+01  0.204916E+00
 0.182418E+00  0.151480E+01  0.206718E+00
 0.182691E+00  0.144192E+01  0.205297E+00
 0.182965E+00  0.142867E+01  0.207765E+00
 0.183238E+00  0.152855E+01  0.207389E+00
 0.183511E+00  0.165996E+01  0.207760E+00
 0.183784E+00  0.149599E+01  0.206154E+00
 0.184057E+00  0.167803E+01  0.207438E+00
 0.184331E+00  0.180567E+01  0.208018E+00
 0.184604E+00  0.148910E+01  0.208082E+00
 0.184877E+00  0.137892E+01  0.206004E+00
 0.185150E+00  0.146399E+01  0.204828E+00
 0.185424E+00  0.143851E+01  0.205490E+00
 0.185697E+00  0.128494E+01  0.207641E+00
 0.185970E+00  0.137194E+01  0.205535E+00
 0.186243E+00  0.136758E+01  0.204304E+00
 0.186517E+00  0.145976E+01  0.206748E+00
 0.186790E+00  0.152074E+01  0.207202E+00
 0.187063E+00  0.145679E+01  0.206738E+00
 0.187336E+00  0.145187E+01  0.201411E+00
 0.187609E+00  0.128172E+01  0.203557E+00
 0.187883E+00  0.136344E+01  0.204724E+00
 0.188156E+00  0.145967E+01  0.204168E+00
 0.188429E+00  0.131603E+01  0.203231E+00
 0.188702E+00  0.149145E+01  0.202788E+00
 0.188976E+00  0.117582E+01  0.201401E+00
 0.189249E+00  0.127224E+01  0.202081E+00
 0.189522E+00  0.131687E+01  0.203138E+00
 0.189795E+00  0.149815E+01  0.202452E+00
 0.190069E+00  0.137992E+01  0.205975E+00
 0.190342E+00  0.144125E+01  0.202004E+00
 0.190615E+00  0.130201E+01  0.202777E+00
 0.190888E+00  0.136532E+01  0.204811E+00
 0.191161E+00  0.140548E+01  0.203908E+00
 0.191435E+00  0.125775E+01  0.205103E+00
 0.191708E+00  0.134697E+01  0.204231E+00
 0.191981E+00  0.130815E+01  0.203810E+00
 0.192254E+00  0.134226E+01  0.202413E+00
 0.192528E+00  0.143883E+01  0.203594E+00
 0.192801E+00  0.146351E+01  0.200873E+00
 0.193074E+00  0.140092E+01  0.203327E+00
 0.193347E+00  0.116024E+01  0.208095E+00
 0.193621E+00  0.143308E+01  0.205693E+00
 0.193894E+00  0.134657E+01  0.202047E+00
 0.194167E+00  0.124428E+01  0.202310E+00
 0.194440E+00  0.125511E+01  0.203271E+00
 0.194713E+00  0.142527E+01  0.204165E+00
 0.194987E+00  0.138028E+01  0.205022E+00
 0.195260E+00  0.106274E+01  0.201550E+00
 0.195533E+00  0.115198E+01  0.201602E+00
 0.195806E+00  0.110699E+01  0.202817E+00
 0.196080E+00  0.135288E+01  0.201208E+00
 0.196353E+00  0.133789E+01  0.202437E+00
 0.196626E+00  0.100609E+01  0.202624E+00
 0.196899E+00  0.122206E+01  0.170268E+00
 0.197173E+00  0.133048E+01  0.141045E+00
 0.197446E+00  0.123837E+01  0.139854E+00
 0.197719E+00  0.117898E+01  0.140189E+00
 0.197992E+00  0.120689E+01  0.139044E+00
 0.198265E+00  0.121931E+01  0.141156E+00
 0.198539E+00  0.127591E+01  0.141618E+00
 0.198812E+00  0.109992E+01  0.139643E+00
 0.199085E+00  0.117115E+01  0.141616E+00
 0.199358E+00  0.979797E+00  0.140383E+00
 0.199632E+00  0.110956E+01  0.139712E+00
 0.199905E+00  0.118402E+01  0.139047E+00
 0.200178E+00  0.121082E+01  0.139324E+00
 0.200451E+00  0.115778E+01  0.139256E+00
 0.200725E+00  0.119856E+01  0.139273E+00
 0.200998E+00  0.123638E+01  0.139367E+00
 0.201271E+00  0.109911E+01  0.139981E+00
 0.201544E+00  0.119427E+01  0.140475E+00
 0.201817E+00  0.125785E+01  0.139128E+00
 0.202091E+00  0.123205E+01  0.138286E+00
 0.202364E+00  0.109123E+01  0.140254E+00
 0.202637E+00  0.102007E+01  0.141839E+00
 0.202910E+00  0.113103E+01  0.141471E+00
 0.203184E+00  0.127017E+01  0.140160E+00
 0.203457E+00  0.114274E+01  0.141279E+00
 0.203730E+00  0.121616E+01  0.139777E+00
 0.204003E+00  0.125855E+01  0.139314E+00
 0.204277E+00  0.123664E+01  0.138896E+00
 0.204550E+00  0.124740E+01  0.138742E+00
 0.204823E+00  0.114039E+01  0.139706E+00
 0.205096E+00  0.113231E+01  0.141800E+00
 0.205369E+00  0.108984E+01  0.139905E+00
 0.205643E+00  0.104187E+01  0.138699E+00
 0.205916E+00  0.114536E+01  0.138779E+00
 0.206189E+00  0.107092E+01  0.139751E+00
 0.206462E+00  0.106580E+01  0.140935E+00
 0.206736E+00  0.102658E+01  0.139646E+00
 0.207009E+00  0.970105E+00  0.138394E+00
 0.207282E+00  0.108310E+01  0.138336E+00
 0.207555E+00  0.122139E+01  0.139967E+00
 0.207829E+00  0.122307E+01  0.141162E+00
 0.208102E+00  0.120851E+01  0.140860E+00
 0.208375E+00  0.120480E+01  0.140998E+00
 0.208648E+00  0.118449E+01  0.140164E+00
 0.208921E+00  0.114603E+01  0.138954E+00
 0.209195E+00  0.106295E+01  0.139219E+00
 0.209468E+00  0.109507E+01  0.138407E+00
 0.209741E+00  0.115914E+01  0.140070E+00
 0.210014E+00  0.122297E+01  0.139213E+00
 0.210288E+00  0.109923E+01  0.138610E+00
 0.210561E+00  0.105936E+01  0.139290E+00
 0.210834E+00  0.967390E+00  0.137796E+00
 0.211107E+00  0.988371E+00  0.138009E+00
 0.211381E+00  0.103837E+01  0.138969E+00
 0.211654E+00  0.109391E+01  0.139550E+00
 0.211927E+00  0.984842E+00  0.139483E+00
 0.212200E+00  0.858084E+00  0.137794E+00
 0.212473E+00  0.946446E+00  0.138082E+00
 0.212747E+00  0.109134E+01  0.139430E+00
 0.213020E+00  0.916298E+00  0.140902E+00
 0.213293E+00  0.997330E+00  0.138709E+00
 0.213566E+00  0.987229E+00  0.136270E+00
 0.213840E+00  0.103115E+01  0.138133E+00
 0.214113E+00  0.101726E+01  0.138084E+00
 0.214386E+00  0.108712E+01  0.138182E+00
 0.214659E+00  0.959634E+00  0.137391E+00
 0.214933E+00  0.936372E+00  0.138716E+00
 0.215206E+00  0.855372E+00  0.139128E+00
 0.215479E+00  0.904535E+00  0.138973E+00
 0.215752E+00  0.925176E+00  0.138256E+00
 0.216025E+00  0.892600E+00  0.138454E+00
 0.216299E+00  0.863680E+00  0.138759E+00
 0.216572E+00  0.852173E+00  0.138047E+00
 0.216845E+00  0.949014E+00  0.137804E+00
 0.217118E+00  0.105507E+01  0.139333E+00
 0.217392E+00  0.871396E+00  0.137658E+00
 0.217665E+00  0.105302E+01  0.137474E+00
 0.217938E+00  0.109724E+01  0.138359E+00
 0.218211E+00  0.107611E+01  0.138445E+00
 0.218485E+00  0.850037E+00  0.136974E+00
 0.218758E+00  0.879375E+00  0.137758E+00
 0.219031E+00  0.987005E+00  0.136678E+00
 0.219304E+00  0.971182E+00  0.136377E+00
 0.219577E+00  0.900273E+00  0.137410E+00
 0.219851E+00  0.950001E+00  0.137126E+00
 0.220124E+00  0.932203E+00  0.138182E+00
 0.220397E+00  0.794812E+00  0.138502E+00
 0.220670E+00  0.103567E+01  0.136870E+00
 0.220944E+00  0.101390E+01  0.137210E+00
 0.221217E+00  0.103644E+01  0.136945E+00
 0.221490E+00  0.103163E+01  0.137586E+00
 0.221763E+00  0.894670E+00  0.136367E+00
 0.222037E+00  0.865763E+00  0.138203E+00
 0.222310E+00  0.103092E+01  0.137318E+00
 0.222583E+00  0.798592E+00  0.137015E+00
 0.222856E+00  0.886642E+00  0.138549E+00
 0.223129E+00  0.104657E+01  0.139374E+00
 0.223403E+00  0.971701E+00  0.138169E+00
 0.223676E+00  0.100861E+01  0.137423E+00
 0.223949E+00  0.894340E+00  0.135511E+00
 0.224222E+00  0.845072E+00  0.135233E+00
 0.224496E+00  0.871246E+00  0.137757E+00
 0.224769E+00  0.101566E+01  0.137379E+00
 0.225042E+00  0.100440E+01  0.139542E+00
 0.225315E+00  0.965811E+00  0.139342E+00
 0.225589E+00  0.102191E+01  0.138890E+00
 0.225862E+00  0.814893E+00  0.137403E+00
 0.226135E+00  0.831420E+00  0.135228E+00
 0.226408E+00  0.788935E+00  0.138007E+00
 0.226681E+00  0.973017E+00  0.136198E+00
 0.226955E+00  0.962493E+00  0.135964E+00
 0.227228E+00  0.961730E+00  0.136109E+00
 0.227501E+00  0.107985E+01  0.137330E+00
 0.227774E+00  0.866974E+00  0.137155E+00
 0.228048E+00  0.850822E+00  0.139225E+00
 0.228321E+00  0.101271E+01  0.138471E+00
 0.228594E+00  0.112119E+01  0.138614E+00
 0.228867E+00  0.912561E+00  0.137101E+00
 0.229141E+00  0.810722E+00  0.138078E+00
 0.229414E+00  0.717975E+00  0.136997E+00
 0.229687E+00  0.875506E+00  0.137264E+00
 0.229960E+00  0.866569E+00  0.137149E+00
 0.230233E+00  0.853473E+00  0.137485E+00
 0.230507E+00  0.926173E+00  0.138362E+00
 0.230780E+00  0.827595E+00  0.136772E+00
 0.231053E+00  0.926078E+00  0.136762E+00
 0.231326E+00  0.748100E+00  0.134577E+00
 0.231600E+00  0.828567E+00  0.136547E+00
 0.231873E+00  0.941614E+00  0.136134E+00
 0.232146E+00  0.938596E+00  0.134471E+00
 0.232419E+00  0.995562E+00  0.136141E+00
 0.232693E+00  0.767283E+00  0.143828E+00
 0.232966E+00  0.746186E+00  0.853740E-01
 0.233239E+00  0.816462E+00  0.860103E-01
 0.233512E+00  0.750723E+00  0.856770E-01
 0.233785E+00  0.789174E+00  0.861930E-01
 0.234059E+00  0.804482E+00  0.855243E-01
 0.234332E+00  0.861924E+00  0.851024E-01
 0.234605E+00  0.829313E+00  0.850564E-01
 0.234878E+00  0.784466E+00  0.859768E-01
 0.235152E+00  0.839975E+00  0.860679E-01
 0.235425E+00  0.873882E+00  0.846663E-01
 0.235698E+00  0.893520E+00  0.849663E-01
 0.235971E+00  0.889794E+00  0.842079E-01
 0.236245E+00  0.817996E+00  0.842654E-01
 0.236518E+00  0.878038E+00  0.844959E-01
 0.236791E+00  0.861874E+00  0.856622E-01
 0.237064E+00  0.852886E+00  0.860461E-01
 0.237337E+00  0.774127E+00  0.848813E-01
 0.237611E+00  0.822539E+00  0.848336E-01
 0.237884E+00  0.859811E+00  0.842361E-01
 0.238157E+00  0.776043E+00  0.843413E-01
 0.238430E+00  0.847364E+00  0.851071E-01
 0.238704E+00  0.846965E+00  0.853800E-01
 0.238977E+00  0.864736E+00  0.858272E-01
 0.239250E+00  0.911784E+00  0.853491E-01
 0.239523E+00  0.917129E+00  0.856406E-01
 0.239797E+00  0.865711E+00  0.847498E-01
 0.240070E+00  0.797814E+00  0.843614E-01
 0.240343E+00  0.873263E+00  0.852280E-01
 0.240616E+00  0.804718E+00  0.851819E-01
 0.240889E+00  0.832000E+00  0.839519E-01
 0.241163E+00  0.879985E+00  0.848816E-01
 0.241436E+00  0.842899E+00  0.848767E-01
 0.241709E+00  0.814798E+00  0.847333E-01
 0.241982E+00  0.836941E+00  0.840486E-01
 0.242256E+00  0.786701E+00  0.843987E-01
 0.242529E+00  0.776026E+00  0.848562E-01
 0.242802E+00  0.779022E+00  0.838150E-01
 0.243075E+00  0.760400E+00  0.840542E-01
 0.243349E+00  0.814105E+00  0.852826E-01
 0.243622E+00  0.814332E+00  0.847757E-01
 0.243895E+00  0.846162E+00  0.838432E-01
 0.244168E+00  0.871236E+00  0.847415E-01
 0.244441E+00  0.807007E+00  0.840106E-01
 0.244715E+00  0.804062E+00  0.843319E-01
 0.244988E+00  0.801049E+00  0.851003E-01
 0.245261E+00  0.916791E+00  0.849243E-01
 0.245534E+00  0.826564E+00  0.840175E-01
 0.245808E+00  0.775532E+00  0.852013E-01
 0.246081E+00  0.815282E+00  0.855306E-01
 0.246354E+00  0.798860E+00  0.844569E-01
 0.246627E+00  0.784214E+00  0.842549E-01
 0.246901E+00  0.776477E+00  0.849494E-01
 0.247174E+00  0.846001E+00  0.852714E-01
 0.247447E+00  0.812956E+00  0.844916E-01
 0.247720E+00  0.785956E+00  0.835238E-01
 0.247993E+00  0.824452E+00  0.838248E-01
 0.248267E+00  0.775292E+00  0.835232E-01
 0.248540E+00  0.770860E+00  0.840456E-01
 0.248813E+00  0.775358E+00  0.845613E-01
 0.249086E+00  0.741129E+00  0.840396E-01
 0.249360E+00  0.840871E+00  0.849846E-01
 0.249633E+00  0.807483E+00  0.848547E-01
 0.249906E+00  0.807195E+00  0.851118E-01
 0.250179E+00  0.875230E+00  0.843826E-01
 0.250453E+00  0.806891E+00  0.845884E-01
 0.250726E+00  0.736512E+00  0.846788E-01
 0.250999E+00  0.748298E+00  0.840454E-01
 0.251272E+00  0.768277E+00  0.842377E-01
 0.251545E+00  0.756711E+00  0.832623E-01
 0.251819E+00  0.763044E+00  0.831534E-01
 0.252092E+00  0.770434E+00  0.838147E-01
 0.252365E+00  0.765413E+00  0.844553E-01
 0.252638E+00  0.710314E+00  0.833085E-01
 0.252912E+00  0.766100E+00  0.840639E-01
 0.253185E+00  0.808407E+00  0.840895E-01
 0.253458E+00  0.782534E+00  0.834619E-01
 0.253731E+00  0.783284E+00  0.833486E-01
 0.254005E+00  0.788106E+00  0.840886E-01
 0.254278E+00  0.826283E+00  0.847911E-01
 0.254551E+00  0.765202E+00  0.835114E-01
 0.254824E+00  0.793856E+00  0.840505E-01
 0.255097E+00  0.790444E+00  0.840645E-01
 0.255371E+00  0.735630E+00  0.846022E-01
 0.255644E+00  0.870013E+00  0.838706E-01
 0.255917E+00  0.771619E+00  0.832121E-01
 0.256190E+00  0.734315E+00  0.834494E-01
 0.256464E+00  0.778591E+00  0.840122E-01
 0.256737E+00  0.712692E+00  0.835184E-01
 0.257010E+00  0.714810E+00  0.826938E-01
 0.257283E+00  0.788231E+00  0.830898E-01
 0.257557E+00  0.766195E+00  0.834812E-01
 0.257830E+00  0.826806E+00  0.848023E-01
 0.258103E+00  0.849170E+00  0.938572E-01
 0.258376E+00  0.769218E+00  0.989591E-01
 0.258649E+00  0.749286E+00  0.100669E+00
 0.258923E+00  0.672352E+00  0.102863E+00
 0.259196E+00  0.697387E+00  0.107272E+00
 0.259469E+00  0.654906E+00  0.111450E+00
 0.259742E+00  0.861617E+00  0.116712E+00
 0.260016E+00  0.830115E+00  0.120483E+00
 0.260289E+00  0.774677E+00  0.121912E+00
 0.260562E+00  0.708293E+00  0.124460E+00
 0.260835E+00  0.632640E+00  0.126029E+00
 0.261109E+00  0.768534E+00  0.126913E+00
 0.261382E+00  0.747385E+00  0.108645E+00
 0.261655E+00  0.745783E+00  0.101432E+00
 0.261928E+00  0.749245E+00  0.973431E-01
 0.262201E+00  0.768257E+00  0.958180E-01
 0.262475E+00  0.775524E+00  0.945147E-01
 0.262748E+00  0.761705E+00  0.929980E-01
 0.263021E+00  0.786346E+00  0.930597E-01
 0.263294E+00  0.686397E+00  0.919332E-01
 0.263568E+00  0.707674E+00  0.902092E-01
 0.263841E+00  0.728052E+00  0.909284E-01
 0.264114E+00  0.748085E+00  0.912946E-01
 0.264387E+00  0.753690E+00  0.898357E-01
 0.264661E+00  0.657185E+00  0.894099E-01
 0.264934E+00  0.757397E+00  0.903709E-01
 0.265207E+00  0.717424E+00  0.893094E-01
 0.265480E+00  0.779539E+00  0.892640E-01
 0.265753E+00  0.761796E+00  0.885173E-01
 0.266027E+00  0.732418E+00  0.882926E-01
 0.266300E+00  0.792554E+00  0.896867E-01
 0.266573E+00  0.778906E+00  0.912097E-01
 0.266846E+00  0.768878E+00  0.901240E-01
 0.267120E+00  0.782283E+00  0.883342E-01
 0.267393E+00  0.748424E+00  0.891310E-01
 0.267666E+00  0.696139E+00  0.891688E-01
 0.267939E+00  0.725394E+00  0.887947E-01
 0.268213E+00  0.681517E+00  0.880951E-01
 0.268486E+00  0.689566E+00  0.884097E-01
 0.268759E+00  0.691169E+00  0.883620E-01
 0.269032E+00  0.718055E+00  0.884105E-01
 0.269305E+00  0.641242E+00  0.874452E-01
 0.269579E+00  0.720844E+00  0.879694E-01
 0.269852E+00  0.727741E+00  0.888037E-01
 0.270125E+00  0.745683E+00  0.881959E-01
 0.270398E+00  0.716660E+00  0.860438E-01
 0.270672E+00  0.738102E+00  0.859800E-01
 0.270945E+00  0.763386E+00  0.857422E-01
 0.271218E+00  0.666006E+00  0.853531E-01
 0.271491E+00  0.671686E+00  0.842392E-01
 0.271765E+00  0.708133E+00  0.852659E-01
 0.272038E+00  0.675115E+00  0.848687E-01
 0.272311E+00  0.664871E+00  0.848351E-01
 0.272584E+00  0.770082E+00  0.850072E-01
 0.272857E+00  0.720053E+00  0.835669E-01
 0.273131E+00  0.657329E+00  0.837313E-01
 0.273404E+00  0.697336E+00  0.836191E-01
 0.273677E+00  0.701474E+00  0.835016E-01
 0.273950E+00  0.712986E+00  0.834773E-01
 0.274224E+00  0.722116E+00  0.824882E-01
 0.274497E+00  0.687421E+00  0.837153E-01
 0.274770E+00  0.742642E+00  0.842468E-01
 0.275043E+00  0.745733E+00  0.845887E-01
 0.275317E+00  0.629084E+00  0.837772E-01
 0.275590E+00  0.652589E+00  0.842595E-01
 0.275863E+00  0.746708E+00  0.851467E-01
 0.276136E+00  0.651771E+00  0.846124E-01
 0.276409E+00  0.691631E+00  0.832025E-01
 0.276683E+00  0.688512E+00  0.840745E-01
 0.276956E+00  0.703020E+00  0.839991E-01
 0.277229E+00  0.712552E+00  0.832726E-01
 0.277502E+00  0.709014E+00  0.830788E-01
 0.277776E+00  0.751985E+00  0.824280E-01
 0.278049E+00  0.677243E+00  0.833265E-01
 0.278322E+00  0.733653E+00  0.829901E-01
 0.278595E+00  0.671006E+00  0.828210E-01
 0.278869E+00  0.707779E+00  0.827375E-01
 0.279142E+00  0.706946E+00  0.825423E-01
 0.279415E+00  0.654333E+00  0.831104E-01
 0.279688E+00  0.611567E+00  0.828662E-01
 0.279961E+00  0.602249E+00  0.823125E-01
 0.280235E+00  0.679782E+00  0.828640E-01
 0.280508E+00  0.728200E+00  0.824532E-01
 0.280781E+00  0.737408E+00  0.821397E-01
 0.281054E+00  0.673489E+00  0.819590E-01
 0.281328E+00  0.777791E+00  0.824008E-01
 0.281601E+00  0.728942E+00  0.835604E-01
 0.281874E+00  0.730388E+00  0.831905E-01
 0.282147E+00  0.781167E+00  0.832914E-01
 0.282421E+00  0.768904E+00  0.832344E-01
 0.282694E+00  0.783410E+00  0.836661E-01
 0.282967E+00  0.747223E+00  0.828534E-01
 0.283240E+00  0.696916E+00  0.826722E-01
 0.283513E+00  0.710036E+00  0.826355E-01
 0.283787E+00  0.746973E+00  0.824159E-01
 0.284060E+00  0.719170E+00  0.834233E-01
 0.284333E+00  0.787108E+00  0.829585E-01
 0.284606E+00  0.699996E+00  0.816119E-01
 0.284880E+00  0.697385E+00  0.812028E-01
 0.285153E+00  0.638796E+00  0.815908E-01
 0.285426E+00  0.682550E+00  0.826947E-01
 0.285699E+00  0.748085E+00  0.820691E-01
 0.285973E+00  0.734758E+00  0.822124E-01
 0.286246E+00  0.706973E+00  0.817894E-01
 0.286519E+00  0.671305E+00  0.816075E-01
 0.286792E+00  0.655576E+00  0.825571E-01
 0.287065E+00  0.676897E+00  0.813223E-01
 0.287339E+00  0.660779E+00  0.815264E-01
 0.287612E+00  0.594694E+00  0.824126E-01
 0.287885E+00  0.630429E+00  0.831177E-01
 0.288158E+00  0.678215E+00  0.826610E-01
 0.288432E+00  0.703221E+00  0.820114E-01
 0.288705E+00  0.683093E+00  0.812603E-01
 0.288978E+00  0.719619E+00  0.821773E-01
 0.289251E+00  0.694801E+00  0.827675E-01
 0.289525E+00  0.663063E+00  0.826810E-01
 0.289798E+00  0.726829E+00  0.813300E-01
 0.290071E+00  0.719204E+00  0.814939E-01
 0.290344E+00  0.712923E+00  0.826574E-01
 0.290617E+00  0.635609E+00  0.823163E-01
 0.290891E+00  0.699219E+00  0.822392E-01
 0.291164E+00  0.702232E+00  0.824926E-01
 0.291437E+00  0.691545E+00  0.819425E-01
 0.291710E+00  0.565792E+00  0.815202E-01
 0.291984E+00  0.671259E+00  0.826719E-01
 0.292257E+00  0.638843E+00  0.818409E-01
 0.292530E+00  0.648542E+00  0.805177E-01
 0.292803E+00  0.631324E+00  0.807901E-01
 0.293077E+00  0.668983E+00  0.824687E-01
 0.293350E+00  0.655181E+00  0.825721E-01
 0.293623E+00  0.651989E+00  0.816817E-01
 0.293896E+00  0.646879E+00  0.816938E-01
 0.294169E+00  0.644957E+00  0.816212E-01
 0.294443E+00  0.678466E+00  0.818110E-01
 0.294716E+00  0.706585E+00  0.819950E-01
 0.294989E+00  0.708576E+00  0.820830E-01
 0.295262E+00  0.669689E+00  0.810603E-01
 0.295536E+00  0.636258E+00  0.812952E-01
 0.295809E+00  0.690382E+00  0.819856E-01
 0.296082E+00  0.671879E+00  0.819788E-01
 0.296355E+00  0.705724E+00  0.819535E-01
 0.296629E+00  0.695387E+00  0.818703E-01
 0.296902E+00  0.664042E+00  0.820767E-01
 0.297175E+00  0.631065E+00  0.816552E-01
 0.297448E+00  0.650503E+00  0.813147E-01
 0.297721E+00  0.625224E+00  0.807668E-01
 0.297995E+00  0.625019E+00  0.809450E-01
 0.298268E+00  0.603028E+00  0.815576E-01
 0.298541E+00  0.680983E+00  0.815997E-01
 0.298814E+00  0.688150E+00  0.818969E-01
 0.299088E+00  0.617846E+00  0.809780E-01
 0.299361E+00  0.663701E+00  0.805872E-01
 0.299634E+00  0.685265E+00  0.809595E-01
 0.299907E+00  0.781670E+00  0.808513E-01
 0.300181E+00  0.642699E+00  0.813543E-01
 0.300454E+00  0.711041E+00  0.812485E-01
 0.300727E+00  0.660879E+00  0.820126E-01
 0.301000E+00  0.616264E+00  0.818845E-01
 0.301273E+00  0.611265E+00  0.816960E-01
 0.301547E+00  0.623463E+00  0.819497E-01
 0.301820E+00  0.698588E+00  0.810257E-01
 0.302093E+00  0.590448E+00  0.817706E-01
 0.302366E+00  0.532892E+00  0.815973E-01
 0.302640E+00  0.564090E+00  0.808991E-01
 0.302913E+00  0.605033E+00  0.809596E-01
 0.303186E+00  0.605495E+00  0.820304E-01
 0.303459E+00  0.686089E+00  0.814816E-01
 0.303733E+00  0.627594E+00  0.815097E-01
 0.304006E+00  0.682879E+00  0.809482E-01
 0.304279E+00  0.648239E+00  0.812054E-01
 0.304552E+00  0.597816E+00  0.806187E-01
 0.304825E+00  0.599624E+00  0.803727E-01
 0.305099E+00  0.645322E+00  0.804430E-01
 0.305372E+00  0.616826E+00  0.812555E-01
 0.305645E+00  0.663290E+00  0.809946E-01
 0.305918E+00  0.606221E+00  0.803626E-01
 0.306192E+00  0.617369E+00  0.804582E-01
 0.306465E+00  0.647294E+00  0.808673E-01
 0.306738E+00  0.631708E+00  0.805296E-01
 0.307011E+00  0.665436E+00  0.797603E-01
 0.307285E+00  0.693287E+00  0.807935E-01
 0.307558E+00  0.670303E+00  0.807193E-01
 0.307831E+00  0.597679E+00  0.799999E-01
 0.308104E+00  0.664823E+00  0.822419E-01
 0.308377E+00  0.641420E+00  0.815075E-01
 0.308651E+00  0.657340E+00  0.813151E-01
 0.308924E+00  0.636918E+00  0.810851E-01
 0.309197E+00  0.606183E+00  0.809847E-01
 0.309470E+00  0.630281E+00  0.804196E-01
 0.309744E+00  0.573998E+00  0.806500E-01
 0.310017E+00  0.659779E+00  0.810253E-01
 0.310290E+00  0.682845E+00  0.807319E-01
 0.310563E+00  0.638172E+00  0.804991E-01
 0.310837E+00  0.580124E+00  0.799183E-01
 0.311110E+00  0.606374E+00  0.798360E-01
 0.311383E+00  0.606680E+00  0.798081E-01
 0.311656E+00  0.700889E+00  0.814127E-01
 0.311929E+00  0.716748E+00  0.812357E-01
 0.312203E+00  0.629237E+00  0.804110E-01
 0.312476E+00  0.664348E+00  0.801034E-01
 0.312749E+00  0.627666E+00  0.797924E-01
 0.313022E+00  0.659385E+00  0.807715E-01
 0.313296E+00  0.654720E+00  0.812765E-01
 0.313569E+00  0.638321E+00  0.809299E-01
 0.313842E+00  0.548368E+00  0.807423E-01
 0.314115E+00  0.591222E+00  0.796418E-01
 0.314389E+00  0.600596E+00  0.789396E-01
 0.314662E+00  0.681152E+00  0.801720E-01
 0.314935E+00  0.631110E+00  0.797207E-01
 0.315208E+00  0.635529E+00  0.801456E-01
 0.315481E+00  0.573341E+00  0.798439E-01
 0.315755E+00  0.675883E+00  0.807967E-01
 0.316028E+00  0.667949E+00  0.807686E-01
 0.316301E+00  0.664947E+00  0.817317E-01
 0.316574E+00  0.653025E+00  0.803352E-01
 0.316848E+00  0.642367E+00  0.798951E-01
 0.317121E+00  0.574613E+00  0.798701E-01
 0.317394E+00  0.581634E+00  0.799214E-01
 0.317667E+00  0.626206E+00  0.797142E-01
 0.317941E+00  0.622491E+00  0.806487E-01
 0.318214E+00  0.642296E+00  0.804255E-01
 0.318487E+00  0.677309E+00  0.797549E-01
 0.318760E+00  0.661606E+00  0.795844E-01
 0.319033E+00  0.615681E+00  0.795204E-01
 0.319307E+00  0.611725E+00  0.796844E-01
 0.319580E+00  0.593248E+00  0.792760E-01
 0.319853E+00  0.646761E+00  0.801513E-01
 0.320126E+00  0.627776E+00  0.799886E-01
 0.320400E+00  0.630631E+00  0.801081E-01
 0.320673E+00  0.606606E+00  0.806085E-01
 0.320946E+00  0.551613E+00  0.800764E-01
 0.321219E+00  0.560487E+00  0.791956E-01
 0.321493E+00  0.524732E+00  0.790896E-01
 0.321766E+00  0.589383E+00  0.797220E-01
 0.322039E+00  0.571924E+00  0.793700E-01
 0.322312E+00  0.616605E+00  0.796153E-01
 0.322585E+00  0.667407E+00  0.789292E-01
 0.322859E+00  0.636506E+00  0.794754E-01
 0.323132E+00  0.533614E+00  0.792652E-01
 0.323405E+00  0.550783E+00  0.789257E-01
 0.323678E+00  0.565253E+00  0.786538E-01
 0.323952E+00  0.591214E+00  0.799597E-01
 0.324225E+00  0.660013E+00  0.795461E-01
 0.324498E+00  0.601957E+00  0.791145E-01
 0.324771E+00  0.566492E+00  0.799107E-01
 0.325045E+00  0.628905E+00  0.808570E-01
 0.325318E+00  0.632113E+00  0.809765E-01
 0.325591E+00  0.570122E+00  0.797411E-01
 0.325864E+00  0.498085E+00  0.800037E-01
 0.326137E+00  0.612439E+00  0.789783E-01
 0.326411E+00  0.550895E+00  0.783589E-01
 0.326684E+00  0.575990E+00  0.784223E-01
 0.326957E+00  0.577567E+00  0.792928E-01
 0.327230E+00  0.590019E+00  0.785778E-01
 0.327504E+00  0.610528E+00  0.797997E-01
 0.327777E+00  0.549073E+00  0.797195E-01
 0.328050E+00  0.618205E+00  0.807148E-01
 0.328323E+00  0.539747E+00  0.791646E-01
 0.328597E+00  0.546202E+00  0.784964E-01
 0.328870E+00  0.586210E+00  0.794465E-01
 0.329143E+00  0.648646E+00  0.792328E-01
 0.329416E+00  0.606645E+00  0.795278E-01
 0.329689E+00  0.534328E+00  0.785951E-01
 0.329963E+00  0.517368E+00  0.776690E-01
 0.330236E+00  0.572403E+00  0.781017E-01
 0.330509E+00  0.597480E+00  0.793653E-01
 0.330782E+00  0.567958E+00  0.787397E-01
 0.331056E+00  0.581229E+00  0.786025E-01
 0.331329E+00  0.602030E+00  0.791260E-01
 0.331602E+00  0.555384E+00  0.791278E-01
 0.331875E+00  0.565619E+00  0.787064E-01
 0.332149E+00  0.588054E+00  0.791647E-01
 0.332422E+00  0.533397E+00  0.784144E-01
 0.332695E+00  0.524890E+00  0.790607E-01
 0.332968E+00  0.558640E+00  0.786832E-01
 0.333241E+00  0.559784E+00  0.786300E-01
 0.333515E+00  0.537944E+00  0.787662E-01
 0.333788E+00  0.519364E+00  0.789789E-01
 0.334061E+00  0.512100E+00  0.781530E-01
 0.334334E+00  0.553603E+00  0.787544E-01
 0.334608E+00  0.561623E+00  0.792665E-01
 0.334881E+00  0.532644E+00  0.782647E-01
 0.335154E+00  0.527174E+00  0.777556E-01
 0.335427E+00  0.604057E+00  0.788401E-01
 0.335701E+00  0.532556E+00  0.783838E-01
 0.335974E+00  0.573853E+00  0.787661E-01
 0.336247E+00  0.597897E+00  0.792660E-01
 0.336520E+00  0.517456E+00  0.785522E-01
 0.336793E+00  0.538530E+00  0.783349E-01
 0.337067E+00  0.610472E+00  0.791765E-01
 0.337340E+00  0.629070E+00  0.791147E-01
 0.337613E+00  0.632545E+00  0.791045E-01
 0.337886E+00  0.584126E+00  0.793246E-01
 0.338160E+00  0.555810E+00  0.787433E-01
 0.338433E+00  0.522721E+00  0.776815E-01
 0.338706E+00  0.555436E+00  0.792358E-01
 0.338979E+00  0.532084E+00  0.781826E-01
 0.339253E+00  0.541354E+00  0.790004E-01
 0.339526E+00  0.607155E+00  0.789353E-01
 0.339799E+00  0.600360E+00  0.794739E-01
 0.340072E+00  0.448651E+00  0.778190E-01
 0.340345E+00  0.469400E+00  0.775090E-01
 0.340619E+00  0.486108E+00  0.787586E-01
 0.340892E+00  0.534266E+00  0.780797E-01
 0.341165E+00  0.535349E+00  0.790838E-01
 0.341438E+00  0.563511E+00  0.783575E-01
 0.341712E+00  0.522604E+00  0.782416E-01
 0.341985E+00  0.494527E+00  0.780362E-01
 0.342258E+00  0.511581E+00  0.777462E-01
 0.342531E+00  0.519393E+00  0.774118E-01
 0.342805E+00  0.497150E+00  0.784123E-01
 0.343078E+00  0.514460E+00  0.786082E-01
 0.343351E+00  0.483298E+00  0.773013E-01
 0.343624E+00  0.570860E+00  0.779325E-01
 0.343897E+00  0.595460E+00  0.778739E-01
 0.344171E+00  0.611769E+00  0.784444E-01
 0.344444E+00  0.612880E+00  0.780023E-01
 0.344717E+00  0.546872E+00  0.785512E-01
 0.344990E+00  0.541748E+00  0.778174E-01
 0.345264E+00  0.462270E+00  0.796341E-01
 0.345537E+00  0.481915E+00  0.781156E-01
 0.345810E+00  0.550488E+00  0.776931E-01
 0.346083E+00  0.590467E+00  0.776775E-01
 0.346357E+00  0.575173E+00  0.776232E-01
 0.346630E+00  0.524962E+00  0.786440E-01
 0.346903E+00  0.563322E+00  0.783792E-01
 0.347176E+00  0.502499E+00  0.789026E-01
 0.347449E+00  0.548404E+00  0.774181E-01
 0.347723E+00  0.540156E+00  0.772918E-01
 0.347996E+00  0.541396E+00  0.776850E-01
 0.348269E+00  0.565735E+00  0.781909E-01
 0.348542E+00  0.556202E+00  0.769717E-01
 0.348816E+00  0.436411E+00  0.775128E-01
 0.349089E+00  0.452055E+00  0.775074E-01
 0.349362E+00  0.436381E+00  0.782799E-01
 0.349635E+00  0.550084E+00  0.773904E-01
 0.349909E+00  0.509378E+00  0.778702E-01
 0.350182E+00  0.571759E+00  0.771939E-01
 0.350455E+00  0.581015E+00  0.775482E-01
 0.350728E+00  0.497197E+00  0.772807E-01
 0.351001E+00  0.510437E+00  0.781300E-01
 0.351275E+00  0.520867E+00  0.794962E-01
 0.351548E+00  0.417174E+00  0.781478E-01
 0.351821E+00  0.495567E+00  0.786608E-01
 0.352094E+00  0.612538E+00  0.777438E-01
 0.352368E+00  0.623822E+00  0.771069E-01
 0.352641E+00  0.602601E+00  0.782514E-01
 0.352914E+00  0.573571E+00  0.790110E-01
 0.353187E+00  0.496676E+00  0.771963E-01
 0.353461E+00  0.512587E+00  0.773259E-01
 0.353734E+00  0.546149E+00  0.772659E-01
 0.354007E+00  0.508484E+00  0.775533E-01
 0.354280E+00  0.521027E+00  0.773585E-01
 0.354553E+00  0.532673E+00  0.769528E-01
 0.354827E+00  0.578138E+00  0.777282E-01
 0.355100E+00  0.549101E+00  0.777699E-01
 0.355373E+00  0.545668E+00  0.785305E-01
 0.355646E+00  0.512105E+00  0.778877E-01
 0.355920E+00  0.480980E+00  0.768393E-01
 0.356193E+00  0.535738E+00  0.775514E-01
 0.356466E+00  0.508253E+00  0.768707E-01
 0.356739E+00  0.518551E+00  0.768148E-01
 0.357013E+00  0.472302E+00  0.772996E-01
 0.357286E+00  0.499244E+00  0.776662E-01
 0.357559E+00  0.507314E+00  0.778952E-01
 0.357832E+00  0.476839E+00  0.768683E-01
 0.358105E+00  0.521495E+00  0.779864E-01
 0.358379E+00  0.523983E+00  0.772634E-01
 0.358652E+00  0.478885E+00  0.776754E-01
 0.358925E+00  0.448880E+00  0.774359E-01
 0.359198E+00  0.515991E+00  0.770228E-01
 0.359472E+00  0.492597E+00  0.760381E-01
 0.359745E+00  0.486933E+00  0.775157E-01
 0.360018E+00  0.514182E+00  0.768557E-01
 0.360291E+00  0.515317E+00  0.768781E-01
 0.360565E+00  0.465509E+00  0.777705E-01
 0.360838E+00  0.462560E+00  0.776865E-01
 0.361111E+00  0.457420E+00  0.762734E-01
 0.361384E+00  0.427575E+00  0.770508E-01
 0.361657E+00  0.432033E+00  0.774942E-01
 0.361931E+00  0.507037E+00  0.773554E-01
 0.362204E+00  0.499811E+00  0.776046E-01
 0.362477E+00  0.504113E+00  0.774836E-01
 0.362750E+00  0.508795E+00  0.780492E-01
 0.363024E+00  0.443309E+00  0.769455E-01
 0.363297E+00  0.489408E+00  0.766151E-01
 0.363570E+00  0.471261E+00  0.775030E-01
 0.363843E+00  0.494053E+00  0.766024E-01
 0.364117E+00  0.492177E+00  0.768781E-01
 0.364390E+00  0.508798E+00  0.762953E-01
 0.364663E+00  0.576097E+00  0.772051E-01
 0.364936E+00  0.547906E+00  0.778393E-01
 0.365209E+00  0.434908E+00  0.761432E-01
 0.365483E+00  0.531009E+00  0.773633E-01
 0.365756E+00  0.507305E+00  0.774674E-01
 0.366029E+00  0.516118E+00  0.779800E-01
 0.366302E+00  0.445804E+00  0.763075E-01
 0.366576E+00  0.544451E+00  0.771202E-01
 0.366849E+00  0.461875E+00  0.769394E-01
 0.367122E+00  0.460459E+00  0.766012E-01
 0.367395E+00  0.488428E+00  0.769880E-01
 0.367669E+00  0.486221E+00  0.781908E-01
 0.367942E+00  0.471794E+00  0.770372E-01
 0.368215E+00  0.475708E+00  0.773679E-01
 0.368488E+00  0.460223E+00  0.764317E-01
 0.368761E+00  0.477472E+00  0.767749E-01
 0.369035E+00  0.459513E+00  0.768251E-01
 0.369308E+00  0.541852E+00  0.762920E-01
 0.369581E+00  0.472655E+00  0.763141E-01
 0.369854E+00  0.433726E+00  0.765084E-01
 0.370128E+00  0.536793E+00  0.772746E-01
 0.370401E+00  0.565550E+00  0.779510E-01
 0.370674E+00  0.482932E+00  0.771220E-01
 0.370947E+00  0.449076E+00  0.767872E-01
 0.371221E+00  0.400248E+00  0.766944E-01
 0.371494E+00  0.501011E+00  0.774569E-01
 0.371767E+00  0.483692E+00  0.760692E-01
 0.372040E+00  0.464454E+00  0.765098E-01
 0.372313E+00  0.436474E+00  0.760090E-01
 0.372587E+00  0.457803E+00  0.767425E-01
 0.372860E+00  0.504774E+00  0.769779E-01
 0.373133E+00  0.490084E+00  0.761436E-01
 0.373406E+00  0.464157E+00  0.758629E-01
 0.373680E+00  0.446671E+00  0.764313E-01
 0.373953E+00  0.433849E+00  0.748360E-01
 0.374226E+00  0.472678E+00  0.758398E-01
 0.374499E+00  0.510852E+00  0.764479E-01
 0.374773E+00  0.489727E+00  0.768788E-01
 0.375046E+00  0.466975E+00  0.769472E-01
 0.375319E+00  0.425123E+00  0.763802E-01
 0.375592E+00  0.393428E+00  0.766161E-01
 0.375865E+00  0.474704E+00  0.759102E-01
 0.376139E+00  0.485829E+00  0.769823E-01
 0.376412E+00  0.516102E+00  0.771735E-01
 0.376685E+00  0.526752E+00  0.770947E-01
 0.376958E+00  0.508105E+00  0.753729E-01
 0.377232E+00  0.496181E+00  0.757762E-01
 0.377505E+00  0.492098E+00  0.763951E-01
 0.377778E+00  0.451753E+00  0.758481E-01
 0.378051E+00  0.434405E+00  0.760140E-01
 0.378325E+00  0.472090E+00  0.760091E-01
 0.378598E+00  0.472342E+00  0.768355E-01
 0.378871E+00  0.552400E+00  0.763439E-01
 0.379144E+00  0.490016E+00  0.756757E-01
 0.379417E+00  0.451918E+00  0.753411E-01
 0.379691E+00  0.435436E+00  0.756623E-01
 0.379964E+00  0.470820E+00  0.760861E-01
 0.380237E+00  0.478744E+00  0.747298E-01
 0.380510E+00  0.479824E+00  0.750682E-01
 0.380784E+00  0.442231E+00  0.754577E-01
 0.381057E+00  0.454467E+00  0.767424E-01
 0.381330E+00  0.454296E+00  0.770072E-01
 0.381603E+00  0.469156E+00  0.768096E-01
 0.381877E+00  0.423460E+00  0.766954E-01
 0.382150E+00  0.420546E+00  0.769315E-01
 0.382423E+00  0.457052E+00  0.771466E-01
 0.382696E+00  0.465346E+00  0.769440E-01
 0.382969E+00  0.438549E+00  0.761481E-01
 0.383243E+00  0.411887E+00  0.763538E-01
 0.383516E+00  0.417805E+00  0.758113E-01
 0.383789E+00  0.448566E+00  0.760156E-01
 0.384062E+00  0.466036E+00  0.766747E-01
 0.384336E+00  0.415856E+00  0.762613E-01
 0.384609E+00  0.455526E+00  0.763426E-01
 0.384882E+00  0.460664E+00  0.764616E-01
 0.385155E+00  0.409396E+00  0.751731E-01
 0.385429E+00  0.417905E+00  0.760306E-01
 0.385702E+00  0.425240E+00  0.756953E-01
 0.385975E+00  0.370884E+00  0.764752E-01
 0.386248E+00  0.462621E+00  0.760907E-01
 0.386521E+00  0.450180E+00  0.766631E-01
 0.386795E+00  0.409786E+00  0.760914E-01
 0.387068E+00  0.379148E+00  0.767720E-01
 0.387341E+00  0.413951E+00  0.756429E-01
 0.387614E+00  0.405687E+00  0.770087E-01
 0.387888E+00  0.425193E+00  0.762023E-01
 0.388161E+00  0.440033E+00  0.754922E-01
 0.388434E+00  0.465970E+00  0.770766E-01
 0.388707E+00  0.411058E+00  0.761570E-01
 0.388981E+00  0.459843E+00  0.750733E-01
 0.389254E+00  0.441307E+00  0.759669E-01
 0.389527E+00  0.505331E+00  0.767811E-01
 0.389800E+00  0.453995E+00  0.766398E-01
 0.390073E+00  0.521046E+00  0.760434E-01
 0.390347E+00  0.400828E+00  0.765997E-01
 0.390620E+00  0.396720E+00  0.765252E-01
 0.390893E+00  0.392189E+00  0.759079E-01
 0.391166E+00  0.415471E+00  0.758396E-01
 0.391440E+00  0.456868E+00  0.764457E-01
 0.391713E+00  0.425568E+00  0.761182E-01
 0.391986E+00  0.444994E+00  0.771057E-01
 0.392259E+00  0.456287E+00  0.765725E-01
 0.392533E+00  0.420600E+00  0.765238E-01
 0.392806E+00  0.371239E+00  0.750644E-01
 0.393079E+00  0.473564E+00  0.770409E-01
 0.393352E+00  0.482801E+00  0.855042E-01
 0.393625E+00  0.452959E+00  0.936362E-01
 0.393899E+00  0.387330E+00  0.977763E-01
 0.394172E+00  0.396139E+00  0.103699E+00
 0.394445E+00  0.328564E+00  0.107176E+00
 0.394718E+00  0.404786E+00  0.109570E+00
 0.394992E+00  0.488756E+00  0.115546E+00
 0.395265E+00  0.418039E+00  0.118364E+00
 0.395538E+00  0.378062E+00  0.123755E+00
 0.395811E+00  0.451539E+00  0.122543E+00
 0.396085E+00  0.412844E+00  0.101987E+00
 0.396358E+00  0.463057E+00  0.928109E-01
 0.396631E+00  0.444744E+00  0.888202E-01
 0.396904E+00  0.403539E+00  0.875541E-01
 0.397177E+00  0.386889E+00  0.855325E-01
 0.397451E+00  0.345925E+00  0.856694E-01
 0.397724E+00  0.386578E+00  0.842615E-01
 0.397997E+00  0.468724E+00  0.855684E-01
 0.398270E+00  0.375864E+00  0.843759E-01
 0.398544E+00  0.370626E+00  0.845767E-01
 0.398817E+00  0.372859E+00  0.829280E-01
 0.399090E+00  0.388905E+00  0.826874E-01
 0.399363E+00  0.392336E+00  0.810605E-01
 0.399637E+00  0.470272E+00  0.823599E-01
 0.399910E+00  0.389365E+00  0.816445E-01
 0.400183E+00  0.383390E+00  0.820258E-01
 0.400456E+00  0.399917E+00  0.814581E-01
 0.400730E+00  0.355295E+00  0.814124E-01
 0.401003E+00  0.393234E+00  0.809015E-01
 0.401276E+00  0.422155E+00  0.792883E-01
 0.401549E+00  0.373048E+00  0.790092E-01
 0.401822E+00  0.408189E+00  0.782695E-01
 0.402096E+00  0.471653E+00  0.782142E-01
 0.402369E+00  0.504481E+00  0.783143E-01
 0.402642E+00  0.503887E+00  0.778439E-01
 0.402915E+00  0.465433E+00  0.771464E-01
 0.403189E+00  0.399171E+00  0.777918E-01
 0.403462E+00  0.410480E+00  0.752063E-01
 0.403735E+00  0.450010E+00  0.757569E-01
 0.404008E+00  0.507038E+00  0.761104E-01
 0.404282E+00  0.462637E+00  0.765580E-01
 0.404555E+00  0.402870E+00  0.760840E-01
 0.404828E+00  0.388040E+00  0.758585E-01
 0.405101E+00  0.400441E+00  0.764763E-01
 0.405374E+00  0.416030E+00  0.751993E-01
 0.405648E+00  0.354070E+00  0.747467E-01
 0.405921E+00  0.411944E+00  0.738831E-01
 0.406194E+00  0.427971E+00  0.756585E-01
 0.406467E+00  0.380479E+00  0.752588E-01
 0.406741E+00  0.427353E+00  0.757925E-01
 0.407014E+00  0.422701E+00  0.755551E-01
 0.407287E+00  0.367761E+00  0.754749E-01
 0.407560E+00  0.333654E+00  0.751436E-01
 0.407834E+00  0.439342E+00  0.760378E-01
 0.408107E+00  0.359895E+00  0.762745E-01
 0.408380E+00  0.374328E+00  0.762062E-01
 0.408653E+00  0.303176E+00  0.759541E-01
 0.408926E+00  0.418462E+00  0.754625E-01
 0.409200E+00  0.428552E+00  0.752944E-01
 0.409473E+00  0.356997E+00  0.750543E-01
 0.409746E+00  0.396734E+00  0.759138E-01
 0.410019E+00  0.404066E+00  0.754890E-01
 0.410293E+00  0.473972E+00  0.755489E-01
 0.410566E+00  0.406125E+00  0.748148E-01
 0.410839E+00  0.402468E+00  0.756996E-01
 0.411112E+00  0.370834E+00  0.742143E-01
 0.411386E+00  0.300028E+00  0.736637E-01
 0.411659E+00  0.371132E+00  0.745801E-01
 0.411932E+00  0.388804E+00  0.743668E-01
 0.412205E+00  0.411848E+00  0.739509E-01
 0.412478E+00  0.433866E+00  0.740452E-01
 0.412752E+00  0.409805E+00  0.748337E-01
 0.413025E+00  0.355240E+00  0.745590E-01
 0.413298E+00  0.348719E+00  0.746521E-01
 0.413571E+00  0.318436E+00  0.738968E-01
 0.413845E+00  0.348051E+00  0.741159E-01
 0.414118E+00  0.379993E+00  0.749578E-01
 0.414391E+00  0.404384E+00  0.751606E-01
 0.414664E+00  0.377850E+00  0.759294E-01
 0.414938E+00  0.383910E+00  0.749944E-01
 0.415211E+00  0.391311E+00  0.754911E-01
 0.415484E+00  0.432795E+00  0.755153E-01
 0.415757E+00  0.460509E+00  0.748889E-01
 0.416030E+00  0.403091E+00  0.748149E-01
 0.416304E+00  0.431080E+00  0.756738E-01
 0.416577E+00  0.427368E+00  0.746677E-01
 0.416850E+00  0.342627E+00  0.737719E-01
 0.417123E+00  0.360829E+00  0.749012E-01
 0.417397E+00  0.409581E+00  0.751382E-01
 0.417670E+00  0.391498E+00  0.748611E-01
 0.417943E+00  0.370658E+00  0.746367E-01
 0.418216E+00  0.404373E+00  0.738663E-01
 0.418490E+00  0.378634E+00  0.733717E-01
 0.418763E+00  0.400781E+00  0.736193E-01
 0.419036E+00  0.378142E+00  0.736982E-01
 0.419309E+00  0.402183E+00  0.745379E-01
 0.419582E+00  0.364391E+00  0.747820E-01
 0.419856E+00  0.341771E+00  0.747123E-01
 0.420129E+00  0.458686E+00  0.750458E-01
 0.420402E+00  0.375825E+00  0.741897E-01
 0.420675E+00  0.337539E+00  0.733976E-01
 0.420949E+00  0.352135E+00  0.736495E-01
 0.421222E+00  0.365288E+00  0.734174E-01
 0.421495E+00  0.367127E+00  0.737500E-01
 0.421768E+00  0.393727E+00  0.735944E-01
 0.422042E+00  0.409486E+00  0.744356E-01
 0.422315E+00  0.315642E+00  0.740353E-01
 0.422588E+00  0.309643E+00  0.740141E-01
 0.422861E+00  0.310629E+00  0.747266E-01
 0.423134E+00  0.315365E+00  0.751395E-01
 0.423408E+00  0.370759E+00  0.741725E-01
 0.423681E+00  0.402978E+00  0.731361E-01
 0.423954E+00  0.404623E+00  0.735344E-01
 0.424227E+00  0.414783E+00  0.737571E-01
 0.424501E+00  0.352703E+00  0.742577E-01
 0.424774E+00  0.361160E+00  0.724668E-01
 0.425047E+00  0.407873E+00  0.731745E-01
 0.425320E+00  0.411210E+00  0.736121E-01
 0.425594E+00  0.372875E+00  0.721833E-01
 0.425867E+00  0.332436E+00  0.733514E-01
 0.426140E+00  0.401003E+00  0.731398E-01
 0.426413E+00  0.403636E+00  0.733376E-01
 0.426686E+00  0.400078E+00  0.737128E-01
 0.426960E+00  0.278908E+00  0.741082E-01
 0.427233E+00  0.396694E+00  0.729731E-01
 0.427506E+00  0.400112E+00  0.726845E-01
 0.427779E+00  0.395359E+00  0.735607E-01
 0.428053E+00  0.360194E+00  0.735335E-01
 0.428326E+00  0.348691E+00  0.740953E-01
 0.428599E+00  0.368045E+00  0.742917E-01
 0.428872E+00  0.354161E+00  0.733270E-01
 0.429146E+00  0.325272E+00  0.733044E-01
 0.429419E+00  0.330926E+00  0.725369E-01
 0.429692E+00  0.312193E+00  0.733592E-01
 0.429965E+00  0.320741E+00  0.745674E-01
 0.430238E+00  0.420182E+00  0.740163E-01
 0.430512E+00  0.391756E+00  0.738983E-01
 0.430785E+00  0.319020E+00  0.723184E-01
 0.431058E+00  0.397123E+00  0.729980E-01
 0.431331E+00  0.368721E+00  0.733675E-01
 0.431605E+00  0.398516E+00  0.740032E-01
 0.431878E+00  0.376368E+00  0.741247E-01
 0.432151E+00  0.370862E+00  0.733494E-01
 0.432424E+00  0.351057E+00  0.728644E-01
 0.432698E+00  0.314457E+00  0.726967E-01
 0.432971E+00  0.328005E+00  0.717387E-01
 0.433244E+00  0.339544E+00  0.726352E-01
 0.433517E+00  0.322555E+00  0.725812E-01
 0.433790E+00  0.365765E+00  0.735617E-01
 0.434064E+00  0.443922E+00  0.744579E-01
 0.434337E+00  0.350388E+00  0.734714E-01
 0.434610E+00  0.335394E+00  0.739224E-01
 0.434883E+00  0.344657E+00  0.729140E-01
 0.435157E+00  0.394673E+00  0.730359E-01
 0.435430E+00  0.452212E+00  0.734696E-01
 0.435703E+00  0.387859E+00  0.723241E-01
 0.435976E+00  0.295971E+00  0.726591E-01
 0.436250E+00  0.315966E+00  0.728967E-01
 0.436523E+00  0.318055E+00  0.721290E-01
 0.436796E+00  0.356599E+00  0.740732E-01
 0.437069E+00  0.385385E+00  0.730695E-01
 0.437342E+00  0.399316E+00  0.728398E-01
 0.437616E+00  0.325640E+00  0.729908E-01
 0.437889E+00  0.370184E+00  0.729350E-01
 0.438162E+00  0.292461E+00  0.720733E-01
 0.438435E+00  0.343832E+00  0.724258E-01
 0.438709E+00  0.346121E+00  0.729248E-01
 0.438982E+00  0.298911E+00  0.727406E-01
 0.439255E+00  0.287941E+00  0.713598E-01
 0.439528E+00  0.263605E+00  0.716477E-01
 0.439802E+00  0.331291E+00  0.722281E-01
 0.440075E+00  0.401029E+00  0.724349E-01
 0.440348E+00  0.358668E+00  0.719114E-01
 0.440621E+00  0.339330E+00  0.726652E-01
 0.440894E+00  0.323887E+00  0.726399E-01
 0.441168E+00  0.271439E+00  0.729157E-01
 0.441441E+00  0.306621E+00  0.721052E-01
 0.441714E+00  0.306371E+00  0.730357E-01
 0.441987E+00  0.337640E+00  0.725820E-01
 0.442261E+00  0.295784E+00  0.713276E-01
 0.442534E+00  0.293594E+00  0.722127E-01
 0.442807E+00  0.339079E+00  0.717195E-01
 0.443080E+00  0.318641E+00  0.718013E-01
 0.443354E+00  0.374383E+00  0.720116E-01
 0.443627E+00  0.347371E+00  0.722823E-01
 0.443900E+00  0.295464E+00  0.727058E-01
 0.444173E+00  0.375743E+00  0.728362E-01
 0.444446E+00  0.343172E+00  0.726189E-01
 0.444720E+00  0.323220E+00  0.725803E-01
 0.444993E+00  0.279536E+00  0.719473E-01
 0.445266E+00  0.345580E+00  0.722878E-01
 0.445539E+00  0.412269E+00  0.712994E-01
 0.445813E+00  0.363507E+00  0.715570E-01
 0.446086E+00  0.361746E+00  0.717068E-01
 0.446359E+00  0.321021E+00  0.713577E-01
 0.446632E+00  0.243560E+00  0.720041E-01
 0.446906E+00  0.266001E+00  0.722292E-01
 0.447179E+00  0.298526E+00  0.725934E-01
 0.447452E+00  0.384517E+00  0.729189E-01
 0.447725E+00  0.367885E+00  0.712946E-01
 0.447998E+00  0.403453E+00  0.716312E-01
 0.448272E+00  0.320954E+00  0.717038E-01
 0.448545E+00  0.320993E+00  0.704977E-01
 0.448818E+00  0.291475E+00  0.718252E-01
 0.449091E+00  0.329931E+00  0.716729E-01
 0.449365E+00  0.307457E+00  0.719367E-01
 0.449638E+00  0.289964E+00  0.718791E-01
 0.449911E+00  0.373775E+00  0.724552E-01
 0.450184E+00  0.275788E+00  0.724572E-01
 0.450458E+00  0.308645E+00  0.722566E-01
 0.450731E+00  0.331326E+00  0.714166E-01
 0.451004E+00  0.312781E+00  0.722681E-01
 0.451277E+00  0.362267E+00  0.721759E-01
 0.451550E+00  0.285993E+00  0.722932E-01
 0.451824E+00  0.350232E+00  0.714798E-01
 0.452097E+00  0.351047E+00  0.720861E-01
 0.452370E+00  0.275108E+00  0.715969E-01
 0.452643E+00  0.382696E+00  0.718782E-01
 0.452917E+00  0.353050E+00  0.718373E-01
 0.453190E+00  0.260658E+00  0.711814E-01
 0.453463E+00  0.367058E+00  0.719801E-01
 0.453736E+00  0.338468E+00  0.711233E-01
 0.454010E+00  0.362059E+00  0.709947E-01
 0.454283E+00  0.433537E+00  0.730193E-01
 0.454556E+00  0.353236E+00  0.728508E-01
 0.454829E+00  0.317092E+00  0.709837E-01
 0.455102E+00  0.295942E+00  0.706679E-01
 0.455376E+00  0.293607E+00  0.713055E-01
 0.455649E+00  0.300298E+00  0.712829E-01
 0.455922E+00  0.321956E+00  0.720217E-01
 0.456195E+00  0.377533E+00  0.713555E-01
 0.456469E+00  0.318578E+00  0.717156E-01
 0.456742E+00  0.334306E+00  0.717237E-01
 0.457015E+00  0.393927E+00  0.714431E-01
 0.457288E+00  0.383790E+00  0.710886E-01
 0.457562E+00  0.323579E+00  0.711886E-01
 0.457835E+00  0.306039E+00  0.710789E-01
 0.458108E+00  0.361920E+00  0.717333E-01
 0.458381E+00  0.341704E+00  0.724298E-01
 0.458654E+00  0.356877E+00  0.717317E-01
 0.458928E+00  0.344581E+00  0.714149E-01
 0.459201E+00  0.354963E+00  0.717041E-01
 0.459474E+00  0.372047E+00  0.713891E-01
 0.459747E+00  0.359059E+00  0.712620E-01
 0.460021E+00  0.302700E+00  0.713126E-01
 0.460294E+00  0.320315E+00  0.709505E-01
 0.460567E+00  0.281504E+00  0.714168E-01
 0.460840E+00  0.312104E+00  0.710360E-01
 0.461114E+00  0.330832E+00  0.707074E-01
 0.461387E+00  0.368023E+00  0.706953E-01
 0.461660E+00  0.303477E+00  0.711378E-01
 0.461933E+00  0.305875E+00  0.706110E-01
 0.462206E+00  0.309794E+00  0.700706E-01
 0.462480E+00  0.299340E+00  0.712897E-01
 0.462753E+00  0.310908E+00  0.708791E-01
 0.463026E+00  0.309954E+00  0.697462E-01
 0.463299E+00  0.204368E+00  0.705229E-01
 0.463573E+00  0.277041E+00  0.713980E-01
 0.463846E+00  0.311521E+00  0.709314E-01
 0.464119E+00  0.339527E+00  0.718550E-01
 0.464392E+00  0.310793E+00  0.702998E-01
 0.464666E+00  0.327841E+00  0.704885E-01
 0.464939E+00  0.316330E+00  0.706293E-01
 0.465212E+00  0.348428E+00  0.705022E-01
 0.465485E+00  0.214364E+00  0.703750E-01
 0.465758E+00  0.261057E+00  0.699639E-01
 0.466032E+00  0.273242E+00  0.707873E-01
 0.466305E+00  0.274827E+00  0.707217E-01
 0.466578E+00  0.329876E+00  0.696562E-01
 0.466851E+00  0.394969E+00  0.695128E-01
 0.467125E+00  0.308411E+00  0.711634E-01
 0.467398E+00  0.260035E+00  0.707001E-01
 0.467671E+00  0.394369E+00  0.708523E-01
 0.467944E+00  0.319045E+00  0.701074E-01
 0.468218E+00  0.290960E+00  0.700121E-01
 0.468491E+00  0.351545E+00  0.706240E-01
 0.468764E+00  0.295310E+00  0.718548E-01
 0.469037E+00  0.262380E+00  0.703099E-01
 0.469310E+00  0.224183E+00  0.693812E-01
 0.469584E+00  0.291126E+00  0.703950E-01
 0.469857E+00  0.346075E+00  0.711415E-01
 0.470130E+00  0.304319E+00  0.717070E-01
 0.470403E+00  0.312069E+00  0.711421E-01
 0.470677E+00  0.257761E+00  0.709332E-01
 0.470950E+00  0.284491E+00  0.713071E-01
 0.471223E+00  0.312981E+00  0.711337E-01
 0.471496E+00  0.328828E+00  0.710501E-01
 0.471770E+00  0.358310E+00  0.703485E-01
 0.472043E+00  0.278714E+00  0.705528E-01
 0.472316E+00  0.329663E+00  0.707907E-01
 0.472589E+00  0.285744E+00  0.708177E-01
 0.472862E+00  0.323195E+00  0.709846E-01
 0.473136E+00  0.319749E+00  0.706371E-01
 0.473409E+00  0.271209E+00  0.709643E-01
 0.473682E+00  0.218451E+00  0.717282E-01
 0.473955E+00  0.276557E+00  0.709333E-01
 0.474229E+00  0.296203E+00  0.702967E-01
 0.474502E+00  0.313701E+00  0.699834E-01
 0.474775E+00  0.268724E+00  0.704482E-01
 0.475048E+00  0.289821E+00  0.705120E-01
 0.475322E+00  0.272342E+00  0.700781E-01
 0.475595E+00  0.292954E+00  0.703584E-01
 0.475868E+00  0.299944E+00  0.706358E-01
 0.476141E+00  0.270149E+00  0.702158E-01
 0.476414E+00  0.293876E+00  0.703128E-01
 0.476688E+00  0.247209E+00  0.706521E-01
 0.476961E+00  0.307039E+00  0.698037E-01
 0.477234E+00  0.258891E+00  0.700292E-01
 0.477507E+00  0.297076E+00  0.708457E-01
 0.477781E+00  0.289464E+00  0.701956E-01
 0.478054E+00  0.295256E+00  0.706813E-01
 0.478327E+00  0.240653E+00  0.699085E-01
 0.478600E+00  0.279007E+00  0.697849E-01
 0.478874E+00  0.274732E+00  0.700731E-01
 0.479147E+00  0.238535E+00  0.701689E-01
 0.479420E+00  0.244733E+00  0.692487E-01
 0.479693E+00  0.302740E+00  0.697949E-01
 0.479966E+00  0.285693E+00  0.702512E-01
 0.480240E+00  0.313151E+00  0.698914E-01
 0.480513E+00  0.331530E+00  0.696225E-01
 0.480786E+00  0.267113E+00  0.704580E-01
 0.481059E+00  0.245631E+00  0.701145E-01
 0.481333E+00  0.289791E+00  0.701116E-01
 0.481606E+00  0.358914E+00  0.698560E-01
 0.481879E+00  0.283353E+00  0.691843E-01
 0.482152E+00  0.219096E+00  0.696229E-01
 0.482426E+00  0.200674E+00  0.705620E-01
 0.482699E+00  0.360123E+00  0.701921E-01
 0.482972E+00  0.329418E+00  0.693310E-01
 0.483245E+00  0.312812E+00  0.700711E-01
 0.483518E+00  0.282686E+00  0.702294E-01
 0.483792E+00  0.206281E+00  0.702468E-01
 0.484065E+00  0.219718E+00  0.701353E-01
 0.484338E+00  0.218729E+00  0.702270E-01
 0.484611E+00  0.348093E+00  0.706221E-01
 0.484885E+00  0.283204E+00  0.696979E-01
 0.485158E+00  0.285581E+00  0.699722E-01
 0.485431E+00  0.310014E+00  0.699243E-01
 0.485704E+00  0.290483E+00  0.692297E-01
 0.485978E+00  0.313530E+00  0.687602E-01
 0.486251E+00  0.320631E+00  0.688946E-01
 0.486524E+00  0.319198E+00  0.695660E-01
 0.486797E+00  0.291168E+00  0.700292E-01
 0.487070E+00  0.313930E+00  0.693062E-01
 0.487344E+00  0.287819E+00  0.694403E-01
 0.487617E+00  0.311674E+00  0.696206E-01
 0.487890E+00  0.370304E+00  0.693596E-01
 0.488163E+00  0.295626E+00  0.695494E-01
 0.488437E+00  0.288043E+00  0.698413E-01
 0.488710E+00  0.285228E+00  0.701023E-01
 0.488983E+00  0.316817E+00  0.705294E-01
 0.489256E+00  0.262835E+00  0.694252E-01
 0.489530E+00  0.268154E+00  0.695667E-01
 0.489803E+00  0.272814E+00  0.707612E-01
 0.490076E+00  0.325974E+00  0.692197E-01
 0.490349E+00  0.240344E+00  0.700333E-01
 0.490622E+00  0.293735E+00  0.706537E-01
 0.490896E+00  0.283127E+00  0.705018E-01
 0.491169E+00  0.259367E+00  0.693160E-01
 0.491442E+00  0.225595E+00  0.691206E-01
 0.491715E+00  0.325016E+00  0.702095E-01
 0.491989E+00  0.328611E+00  0.695261E-01
 0.492262E+00  0.294207E+00  0.693028E-01
 0.492535E+00  0.290554E+00  0.690593E-01
 0.492808E+00  0.392895E+00  0.694411E-01
 0.493082E+00  0.264060E+00  0.685105E-01
 0.493355E+00  0.227783E+00  0.686545E-01
 0.493628E+00  0.238999E+00  0.695565E-01
 0.493901E+00  0.305215E+00  0.700095E-01
 0.494174E+00  0.255638E+00  0.694341E-01
 0.494448E+00  0.275771E+00  0.684907E-01
 0.494721E+00  0.292044E+00  0.686303E-01
 0.494994E+00  0.221040E+00  0.698773E-01
 0.495267E+00  0.250726E+00  0.695074E-01
 0.495541E+00  0.236081E+00  0.692717E-01
 0.495814E+00  0.218045E+00  0.695959E-01
 0.496087E+00  0.302207E+00  0.702110E-01
 0.496360E+00  0.140480E+00  0.697147E-01
 0.496634E+00 -0.424150E+00  0.710664E-01
 0.496907E+00  0.177102E+00  0.695381E-01
 0.497180E+00  0.223940E+00  0.686172E-01
 0.497453E+00  0.227720E+00  0.694715E-01
 0.497726E+00  0.288652E+00  0.696536E-01
 0.498000E+00  0.261940E+00  0.688873E-01
 0.498273E+00  0.282251E+00  0.694263E-01
 0.498546E+00  0.316351E+00  0.697577E-01
 0.498819E+00  0.326863E+00  0.686348E-01
 0.499093E+00  0.280226E+00  0.687506E-01
 0.499366E+00  0.359499E+00  0.686515E-01
 0.499639E+00  0.320395E+00  0.691279E-01
 0.499912E+00  0.281310E+00  0.689874E-01
 0.500186E+00  0.255068E+00  0.691064E-01
 0.500459E+00  0.254499E+00  0.693717E-01
 0.500732E+00  0.291328E+00  0.686691E-01
 0.501005E+00  0.313132E+00  0.681124E-01
 0.501278E+00  0.309602E+00  0.676777E-01
 0.501552E+00  0.315930E+00  0.689680E-01
 0.501825E+00  0.264470E+00  0.686933E-01
 0.502098E+00  0.286521E+00  0.692553E-01
 0.502371E+00  0.230994E+00  0.690966E-01
 0.502645E+00  0.334669E+00  0.698743E-01
 0.502918E+00  0.235651E+00  0.691593E-01
 0.503191E+00  0.255655E+00  0.693160E-01
 0.503464E+00  0.226122E+00  0.684155E-01
 0.503738E+00  0.247961E+00  0.683928E-01
 0.504011E+00  0.289120E+00  0.697048E-01
 0.504284E+00  0.245524E+00  0.693068E-01
 0.504557E+00  0.238527E+00  0.686441E-01
 0.504830E+00  0.196818E+00  0.692064E-01
 0.505104E+00  0.153121E+00  0.689245E-01
 0.505377E+00  0.264900E+00  0.678906E-01
 0.505650E+00  0.250728E+00  0.687120E-01
 0.505923E+00  0.223595E+00  0.689225E-01
 0.506197E+00  0.232745E+00  0.693324E-01
 0.506470E+00  0.241672E+00  0.684400E-01
 0.506743E+00  0.258227E+00  0.679609E-01
 0.507016E+00  0.212967E+00  0.677741E-01
 0.507290E+00  0.222000E+00  0.682734E-01
 0.507563E+00  0.279735E+00  0.689670E-01
 0.507836E+00  0.334333E+00  0.693379E-01
 0.508109E+00  0.284443E+00  0.688761E-01
 0.508382E+00  0.221039E+00  0.690830E-01
 0.508656E+00  0.231880E+00  0.693060E-01
 0.508929E+00  0.317935E+00  0.690051E-01
 0.509202E+00  0.279255E+00  0.693309E-01
 0.509475E+00  0.235756E+00  0.683555E-01
 0.509749E+00  0.203534E+00  0.686875E-01
 0.510022E+00  0.222738E+00  0.686870E-01
 0.510295E+00  0.267872E+00  0.694210E-01
 0.510568E+00  0.264518E+00  0.685150E-01
 0.510842E+00  0.234810E+00  0.691641E-01
 0.511115E+00  0.283825E+00  0.695922E-01
 0.511388E+00  0.243968E+00  0.700690E-01
 0.511661E+00  0.247529E+00  0.686045E-01
 0.511934E+00  0.232011E+00  0.682131E-01
 0.512208E+00  0.240439E+00  0.692689E-01
 0.512481E+00  0.254612E+00  0.675105E-01
 0.512754E+00  0.209812E+00  0.684088E-01
 0.513027E+00  0.187336E+00  0.692004E-01
 0.513301E+00  0.203518E+00  0.687047E-01
 0.513574E+00  0.254655E+00  0.688336E-01
 0.513847E+00  0.259153E+00  0.685036E-01
 0.514120E+00  0.257364E+00  0.687971E-01
 0.514394E+00  0.191090E+00  0.694885E-01
 0.514667E+00  0.211344E+00  0.688941E-01
 0.514940E+00  0.236063E+00  0.697787E-01
 0.515213E+00  0.273410E+00  0.696372E-01
 0.515486E+00  0.219365E+00  0.685767E-01
 0.515760E+00  0.191207E+00  0.691196E-01
 0.516033E+00  0.226109E+00  0.696689E-01
 0.516306E+00  0.264305E+00  0.693677E-01
 0.516579E+00  0.307148E+00  0.686216E-01
 0.516853E+00  0.240575E+00  0.680045E-01
 0.517126E+00  0.256772E+00  0.679456E-01
 0.517399E+00  0.315418E+00  0.686557E-01
 0.517672E+00  0.276088E+00  0.693037E-01
 0.517946E+00  0.244428E+00  0.690684E-01
 0.518219E+00  0.284973E+00  0.685423E-01
 0.518492E+00  0.251558E+00  0.689084E-01
 0.518765E+00  0.203916E+00  0.683558E-01
 0.519038E+00  0.193992E+00  0.679264E-01
 0.519312E+00  0.203965E+00  0.681382E-01
 0.519585E+00  0.272302E+00  0.688167E-01
 0.519858E+00  0.268947E+00  0.683788E-01
 0.520131E+00  0.308665E+00  0.682499E-01
 0.520405E+00  0.258954E+00  0.685924E-01
 0.520678E+00  0.294277E+00  0.692221E-01
 0.520951E+00  0.232751E+00  0.689013E-01
 0.521224E+00  0.244675E+00  0.688155E-01
 0.521498E+00  0.228509E+00  0.686143E-01
 0.521771E+00  0.256121E+00  0.689993E-01
 0.522044E+00  0.191335E+00  0.692093E-01
 0.522317E+00  0.323310E+00  0.687384E-01
 0.522590E+00  0.292758E+00  0.689235E-01
 0.522864E+00  0.228850E+00  0.692287E-01
 0.523137E+00  0.251717E+00  0.684701E-01
 0.523410E+00  0.236470E+00  0.681925E-01
 0.523683E+00  0.223633E+00  0.674951E-01
 0.523957E+00  0.247279E+00  0.688031E-01
 0.524230E+00  0.287497E+00  0.685400E-01
 0.524503E+00  0.245682E+00  0.677577E-01
 0.524776E+00  0.221906E+00  0.677212E-01
 0.525050E+00  0.246519E+00  0.684371E-01
 0.525323E+00  0.214360E+00  0.695547E-01
 0.525596E+00  0.193630E+00  0.693006E-01
 0.525869E+00  0.237901E+00  0.685099E-01
 0.526142E+00  0.313677E+00  0.684192E-01
 0.526416E+00  0.211114E+00  0.690151E-01
 0.526689E+00  0.214495E+00  0.695544E-01
 0.526962E+00  0.300703E+00  0.676396E-01
 0.527235E+00  0.227809E+00  0.681944E-01
 0.527509E+00  0.220035E+00  0.684764E-01
 0.527782E+00  0.206189E+00  0.683710E-01
 0.528055E+00  0.189830E+00  0.704468E-01
 0.528328E+00  0.297048E+00  0.810332E-01
 0.528602E+00  0.143415E+00  0.885775E-01
 0.528875E+00  0.224701E+00  0.954159E-01
 0.529148E+00  0.319453E+00  0.986075E-01
 0.529421E+00  0.306466E+00  0.104178E+00
 0.529694E+00  0.218075E+00  0.109247E+00
 0.529968E+00  0.243355E+00  0.115105E+00
 0.530241E+00  0.155082E+00  0.121614E+00
 0.530514E+00  0.117518E+00  0.124149E+00
 0.530787E+00  0.194291E+00  0.926240E-01
 0.531061E+00  0.180338E+00  0.817423E-01
 0.531334E+00  0.279432E+00  0.799567E-01
 0.531607E+00  0.214398E+00  0.785912E-01
 0.531880E+00  0.238634E+00  0.754043E-01
 0.532154E+00  0.224340E+00  0.754351E-01
 0.532427E+00  0.183975E+00  0.759838E-01
 0.532700E+00  0.189238E+00  0.753443E-01
 0.532973E+00  0.238846E+00  0.749035E-01
 0.533246E+00  0.257339E+00  0.754882E-01
 0.533520E+00  0.296927E+00  0.755839E-01
 0.533793E+00  0.266201E+00  0.751134E-01
 0.534066E+00  0.203675E+00  0.733811E-01
 0.534339E+00  0.164321E+00  0.721775E-01
 0.534613E+00  0.235614E+00  0.719594E-01
 0.534886E+00  0.304738E+00  0.715858E-01
 0.535159E+00  0.216217E+00  0.699046E-01
 0.535432E+00  0.304903E+00  0.709915E-01
 0.535706E+00  0.296658E+00  0.697643E-01
 0.535979E+00  0.311855E+00  0.697889E-01
 0.536252E+00  0.237231E+00  0.685019E-01
 0.536525E+00  0.152649E+00  0.664926E-01
 0.536798E+00  0.132796E+00  0.668047E-01
 0.537072E+00  0.122707E+00  0.681765E-01
 0.537345E+00  0.232509E+00  0.680966E-01
 0.537618E+00  0.219841E+00  0.678415E-01
 0.537891E+00  0.135586E+00  0.680887E-01
 0.538165E+00  0.224780E+00  0.679015E-01
 0.538438E+00  0.179947E+00  0.670857E-01
 0.538711E+00  0.231843E+00  0.670664E-01
 0.538984E+00  0.235704E+00  0.669868E-01
 0.539258E+00  0.250051E+00  0.677552E-01
 0.539531E+00  0.238737E+00  0.667780E-01
 0.539804E+00  0.251733E+00  0.674173E-01
 0.540077E+00  0.228702E+00  0.675348E-01
 0.540350E+00  0.218634E+00  0.669330E-01
 0.540624E+00  0.248356E+00  0.674039E-01
 0.540897E+00  0.250414E+00  0.672140E-01
 0.541170E+00  0.226701E+00  0.665744E-01
 0.541443E+00  0.243409E+00  0.671424E-01
 0.541717E+00  0.206802E+00  0.673755E-01
 0.541990E+00  0.229193E+00  0.675622E-01
 0.542263E+00  0.231207E+00  0.674513E-01
 0.542536E+00  0.219797E+00  0.674921E-01
 0.542810E+00  0.296141E+00  0.670633E-01
 0.543083E+00  0.264221E+00  0.675728E-01
 0.543356E+00  0.228831E+00  0.663707E-01
 0.543629E+00  0.192095E+00  0.666142E-01
 0.543902E+00  0.183642E+00  0.672445E-01
 0.544176E+00  0.206620E+00  0.672217E-01
 0.544449E+00  0.147337E+00  0.670666E-01
 0.544722E+00  0.146400E+00  0.662578E-01
 0.544995E+00  0.154493E+00  0.668696E-01
 0.545269E+00  0.177914E+00  0.662632E-01
 0.545542E+00  0.192469E+00  0.670684E-01
 0.545815E+00  0.174714E+00  0.672374E-01
 0.546088E+00  0.314070E+00  0.656174E-01
 0.546362E+00  0.233600E+00  0.672023E-01
 0.546635E+00  0.191777E+00  0.665233E-01
 0.546908E+00  0.253019E+00  0.671208E-01
 0.547181E+00  0.220419E+00  0.656058E-01
 0.547454E+00  0.209246E+00  0.663000E-01
 0.547728E+00  0.230629E+00  0.668644E-01
 0.548001E+00  0.229518E+00  0.669525E-01
 0.548274E+00  0.251538E+00  0.665742E-01
 0.548547E+00  0.242129E+00  0.661886E-01
 0.548821E+00  0.254139E+00  0.660328E-01
 0.549094E+00  0.218762E+00  0.659218E-01
 0.549367E+00  0.265910E+00  0.666492E-01
 0.549640E+00  0.186216E+00  0.657067E-01
 0.549914E+00  0.135475E+00  0.662300E-01
 0.550187E+00  0.236218E+00  0.663717E-01
 0.550460E+00  0.165741E+00  0.662744E-01
 0.550733E+00  0.238291E+00  0.663137E-01
 0.551006E+00  0.218928E+00  0.657670E-01
 0.551280E+00  0.209222E+00  0.657290E-01
 0.551553E+00  0.209421E+00  0.660923E-01
 0.551826E+00  0.232154E+00  0.664571E-01
 0.552099E+00  0.261729E+00  0.681947E-01
 0.552373E+00  0.265771E+00  0.797936E-01
 0.552646E+00  0.172801E+00  0.873928E-01
 0.552919E+00  0.138009E+00  0.905812E-01
 0.553192E+00  0.220719E+00  0.785765E-01
 0.553466E+00  0.203412E+00  0.722810E-01
 0.553739E+00  0.259784E+00  0.706389E-01
 0.554012E+00  0.204967E+00  0.684619E-01
 0.554285E+00  0.216223E+00  0.684118E-01
 0.554558E+00  0.238576E+00  0.676484E-01
 0.554832E+00  0.264168E+00  0.692945E-01
 0.555105E+00  0.239464E+00  0.699137E-01
 0.555378E+00  0.169063E+00  0.689345E-01
 0.555651E+00  0.190848E+00  0.674777E-01
 0.555925E+00  0.120261E+00  0.677251E-01
 0.556198E+00  0.127179E+00  0.673455E-01
 0.556471E+00  0.171373E+00  0.680920E-01
 0.556744E+00  0.225863E+00  0.674414E-01
 0.557018E+00  0.176705E+00  0.677423E-01
 0.557291E+00  0.183566E+00  0.674599E-01
 0.557564E+00  0.191811E+00  0.678911E-01
 0.557837E+00  0.165681E+00  0.671420E-01
 0.558110E+00  0.286765E+00  0.669730E-01
 0.558384E+00  0.201314E+00  0.663194E-01
 0.558657E+00  0.195737E+00  0.656419E-01
 0.558930E+00  0.197756E+00  0.656280E-01
 0.559203E+00  0.191377E+00  0.661920E-01
 0.559477E+00  0.299938E+00  0.666491E-01
 0.559750E+00  0.273095E+00  0.659198E-01
 0.560023E+00  0.216789E+00  0.661240E-01
 0.560296E+00  0.214428E+00  0.661662E-01
 0.560570E+00  0.229100E+00  0.664144E-01
 0.560843E+00  0.191127E+00  0.659781E-01
 0.561116E+00  0.188680E+00  0.660606E-01
 0.561389E+00  0.241083E+00  0.659885E-01
 0.561662E+00  0.181245E+00  0.654470E-01
 0.561936E+00  0.179779E+00  0.663076E-01
 0.562209E+00  0.297390E+00  0.657262E-01
 0.562482E+00  0.216970E+00  0.666298E-01
 0.562755E+00  0.168031E+00  0.657530E-01
 0.563029E+00  0.179535E+00  0.655140E-01
 0.563302E+00  0.147475E+00  0.655892E-01
 0.563575E+00  0.113966E+00  0.657729E-01
 0.563848E+00  0.186313E+00  0.654131E-01
 0.564122E+00  0.200120E+00  0.649775E-01
 0.564395E+00  0.170306E+00  0.661707E-01
 0.564668E+00  0.200874E+00  0.667033E-01
 0.564941E+00  0.192705E+00  0.659954E-01
 0.565214E+00  0.177133E+00  0.664690E-01
 0.565488E+00  0.188651E+00  0.667379E-01
 0.565761E+00  0.285323E+00  0.657587E-01
 0.566034E+00  0.174283E+00  0.650856E-01
 0.566307E+00  0.218240E+00  0.644876E-01
 0.566581E+00  0.194980E+00  0.654630E-01
 0.566854E+00  0.228574E+00  0.655919E-01
 0.567127E+00  0.229593E+00  0.651515E-01
 0.567400E+00  0.212472E+00  0.649347E-01
 0.567674E+00  0.232551E+00  0.662716E-01
 0.567947E+00  0.242312E+00  0.653978E-01
 0.568220E+00  0.218448E+00  0.648002E-01
 0.568493E+00  0.205496E+00  0.655738E-01
 0.568766E+00  0.180615E+00  0.652597E-01
 0.569040E+00  0.253316E+00  0.641491E-01
 0.569313E+00  0.256280E+00  0.651317E-01
 0.569586E+00  0.132979E+00  0.658985E-01
 0.569859E+00  0.175744E+00  0.649376E-01
 0.570133E+00  0.143073E+00  0.657884E-01
 0.570406E+00  0.248394E+00  0.659125E-01
 0.570679E+00  0.194721E+00  0.657817E-01
 0.570952E+00  0.237163E+00  0.646347E-01
 0.571226E+00  0.234609E+00  0.654732E-01
 0.571499E+00  0.256294E+00  0.657276E-01
 0.571772E+00  0.218331E+00  0.649318E-01
 0.572045E+00  0.195545E+00  0.650481E-01
 0.572318E+00  0.194924E+00  0.655530E-01
 0.572592E+00  0.146024E+00  0.648280E-01
 0.572865E+00  0.167934E+00  0.656914E-01
 0.573138E+00  0.157009E+00  0.661614E-01
 0.573411E+00  0.150277E+00  0.656486E-01
 0.573685E+00  0.187796E+00  0.651514E-01
 0.573958E+00  0.232840E+00  0.653884E-01
 0.574231E+00  0.243737E+00  0.658938E-01
 0.574504E+00  0.238677E+00  0.650128E-01
 0.574778E+00  0.174107E+00  0.648510E-01
 0.575051E+00  0.162623E+00  0.646575E-01
 0.575324E+00  0.158692E+00  0.649623E-01
 0.575597E+00  0.216034E+00  0.647425E-01
 0.575870E+00  0.204886E+00  0.645406E-01
 0.576144E+00  0.220039E+00  0.646651E-01
 0.576417E+00  0.224879E+00  0.655806E-01
 0.576690E+00  0.205269E+00  0.660123E-01
 0.576963E+00  0.213177E+00  0.652219E-01
 0.577237E+00  0.195435E+00  0.651528E-01
 0.577510E+00  0.193724E+00  0.646585E-01
 0.577783E+00  0.227544E+00  0.654192E-01
 0.578056E+00  0.219741E+00  0.662467E-01
 0.578330E+00  0.162550E+00  0.653073E-01
 0.578603E+00  0.198575E+00  0.651272E-01
 0.578876E+00  0.207015E+00  0.648777E-01
 0.579149E+00  0.226146E+00  0.660322E-01
 0.579422E+00  0.217680E+00  0.656641E-01
 0.579696E+00  0.145537E+00  0.653872E-01
 0.579969E+00  0.137535E+00  0.651099E-01
 0.580242E+00  0.182403E+00  0.645852E-01
 0.580515E+00  0.159398E+00  0.638447E-01
 0.580789E+00  0.185970E+00  0.640982E-01
 0.581062E+00  0.208164E+00  0.639796E-01
 0.581335E+00  0.227825E+00  0.649409E-01
 0.581608E+00  0.229793E+00  0.647795E-01
 0.581882E+00  0.164165E+00  0.652481E-01
 0.582155E+00  0.210850E+00  0.648130E-01
 0.582428E+00  0.166458E+00  0.650746E-01
 0.582701E+00  0.192205E+00  0.647934E-01
 0.582974E+00  0.184750E+00  0.651424E-01
 0.583248E+00  0.175640E+00  0.654057E-01
 0.583521E+00  0.141562E+00  0.654808E-01
 0.583794E+00  0.160752E+00  0.657600E-01
 0.584067E+00  0.162872E+00  0.653097E-01
 0.584341E+00  0.185681E+00  0.652136E-01
 0.584614E+00  0.182440E+00  0.656726E-01
 0.584887E+00  0.175982E+00  0.644922E-01
 0.585160E+00  0.177033E+00  0.649236E-01
 0.585434E+00  0.174215E+00  0.652798E-01
 0.585707E+00  0.196267E+00  0.658210E-01
 0.585980E+00  0.189009E+00  0.655445E-01
 0.586253E+00  0.185169E+00  0.650235E-01
 0.586526E+00  0.204148E+00  0.646669E-01
 0.586800E+00  0.191144E+00  0.643340E-01
 0.587073E+00  0.162092E+00  0.639811E-01
 0.587346E+00  0.201646E+00  0.638303E-01
 0.587619E+00  0.155028E+00  0.640546E-01
 0.587893E+00  0.115854E+00  0.647311E-01
 0.588166E+00  0.135467E+00  0.649667E-01
 0.588439E+00  0.149855E+00  0.649957E-01
 0.588712E+00  0.200014E+00  0.651047E-01
 0.588986E+00  0.228542E+00  0.650522E-01
 0.589259E+00  0.236828E+00  0.649386E-01
 0.589532E+00  0.249569E+00  0.659921E-01
 0.589805E+00  0.167656E+00  0.666516E-01
 0.590078E+00  0.191980E+00  0.654683E-01
 0.590352E+00  0.185197E+00  0.652504E-01
 0.590625E+00  0.204721E+00  0.645867E-01
 0.590898E+00  0.211759E+00  0.650437E-01
 0.591171E+00  0.111543E+00  0.649833E-01
 0.591445E+00  0.171520E+00  0.650296E-01
 0.591718E+00  0.147066E+00  0.640431E-01
 0.591991E+00  0.164545E+00  0.636151E-01
 0.592264E+00  0.193956E+00  0.642915E-01
 0.592538E+00  0.179273E+00  0.645998E-01
 0.592811E+00  0.199921E+00  0.652022E-01
 0.593084E+00  0.157497E+00  0.656371E-01