>> SF psi1 phi2 dih ljr charmm 
>> 1386.688125416723 3.14159256 3.14159256 23.997127942312417 -1.3296286068059509 1388.0177540235302
>> 90670.8732740812 3.14159256 2.9321530559999998 17.790642571705042 -0.06376607311952259 90670.93704015428
>> 2029.4908600695342 3.14159256 2.722713552 9.467230244523021 179.07095662399402 1850.4199034455403
>> 41989.20536371299 3.14159256 2.513274048 24.925977632374128 -0.06733177363798955 41989.2726954866
>> 45524.43605553955 3.14159256 2.303834544 25.56902223697747 -0.06380289106895645 45524.49985843061
>> 3881.481479284317 3.14159256 2.09439504 18.536574216393245 28.904547445889794 3852.5769318384287
>> 904.998000716877 3.14159256 1.8849555359999999 20.882732625760863 6.831986830278277 898.1660138865985
>> 446.57678108557025 3.14159256 1.675516032 22.693452701843974 90.46763976446309 356.10914132110736
>> 453.1604202687338 3.14159256 1.4660765279999999 22.583923913379486 96.23809144298176 356.9223288257521
>> 434.08422727777497 3.14159256 1.256637024 21.903232680669834 69.31588710799245 364.7683401697825
>> 411.6874689697358 3.14159256 1.04719752 20.788861697583513 45.64656535237456 366.04090361736127
>> 413.79029121985235 3.14159256 0.837758016 19.304334899008552 47.60012737579439 366.19016384405796
>> 1113.305992679667 3.14159256 0.6283185119999999 17.501887305908415 97.71649793438093 1015.5894947452863
>> 9563.815655564882 3.14159256 0.4188790079999998 13.87246115955229 718.0247168328054 8845.790938732089
>> 9112.688181549947 3.14159256 0.2094395040000001 23.01581280446236 -0.531662126192008 9113.219843676145
>> 11074.076458004763 3.14159256 0.0 15.742203091209191 -0.3961418089757551 11074.472599813746
>> 22726.092204620887 3.14159256 -0.2094395040000001 13.984309013055704 -0.7261893144613248 22726.81839393535
>> 29080.604590780902 3.14159256 -0.4188790079999998 24.895303935336923 -0.154654849506027 29080.75924563041
>> 12391.04186764628 3.14159256 -0.6283185119999999 15.353449404449238 -0.12610388169644016 12391.167971527979
>> 13589.563928720023 3.14159256 -0.837758016 11.947139078215598 5.321428417163193 13584.242500302862
>> 1993.6257927889528 3.14159256 -1.0471975199999997 16.83143449635905 0.5056751937337275 1993.12011759522
>> 9131.813575252872 3.14159256 -1.2566370240000002 24.720943763288847 381.93634568871386 8749.877229564167
>> 29191.69954885072 3.14159256 -1.4660765279999999 25.08707955146852 -0.3870424860314117 29192.086591336752
>> 9248.705394505861 3.14159256 -1.6755160319999995 22.583133287998727 684.844856528922 8563.860537976945
>> 73794.12463267788 3.14159256 -1.884955536 21.864344322725607 -0.06376607311952258 73794.18839875101
>> 15002.137812630863 3.14159256 -2.0943950399999998 19.79829348886908 -0.06379613788208251 15002.201608768748
>> 3416.8933988711365 3.14159256 -2.3038345440000003 18.321287872259212 -0.36115240251754915 3417.2545512736538
>> 2877.3210202253836 3.14159256 -2.513274048 15.84009047658668 -0.3920875243538911 2877.713107749738
>> 2316.3922902913637 3.14159256 -2.7227135519999996 14.483496638336963 -0.45143737194064326 2316.843727663305
>> 2297.0200151159834 3.14159256 -2.9321530559999993 13.402761323497689 -0.46176551458008236 2297.481780630564
>> 434416.5664188983 2.9321530559999998 3.14159256 23.342418442912876 -0.06121714631398129 434416.62763604475
>> 859781.4880376585 2.9321530559999998 2.9321530559999998 14.821105049439193 -0.061938763224163945 859781.5499764213
>> 500257.6482803171 2.9321530559999998 2.722713552 17.83652545178711 -0.06376607311952263 500257.7120463903
>> 20513.696396762072 2.9321530559999998 2.513274048 21.774669170822346 -0.06390511622071021 20513.760301878283
>> 79.60826542874358 2.9321530559999998 2.303834544 10.227742259846467 -0.523592256593919 80.13185768533748
>> 63.96006106143454 2.9321530559999998 2.09439504 6.857142377092927 2.5412848309724216 61.41877623046213
>> 62.60510434080968 2.9321530559999998 1.8849555359999999 7.129026854797111 2.130389526918381 60.47471481389129
>> 60.810768399438906 2.9321530559999998 1.675516032 7.375658011529105 1.5715357530980096 59.23923264634089
>> 58.979802681714 2.9321530559999998 1.4660765279999999 7.614452178336255 0.9396113115660676 58.040191370147916
>> 57.552380925570525 2.9321530559999998 1.256637024 7.836884069058859 0.5131605321585978 57.0392203934119
>> 57.33890950982281 2.9321530559999998 1.04719752 8.023593649449184 0.5840522642709003 56.754857245551904
>> 58.84650214129401 2.9321530559999998 0.837758016 8.238417227499605 0.9504001114786951 57.89610202981531
>> 61.27930070432203 2.9321530559999998 0.6283185119999999 8.548990909921034 1.3711960356560307 59.90810466866601
>> 63.45918939930023 2.9321530559999998 0.4188790079999998 8.919761778675712 1.8610989330955994 61.5980904662046
>> 64.89058038503786 2.9321530559999998 0.2094395040000001 9.258700022015814 2.4568330747648295 62.433747310273034
>> 65.51640765796766 2.9321530559999998 0.0 9.549078655604838 3.028565158917391 62.48784249905027
>> 65.2010794412418 2.9321530559999998 -0.2094395040000001 9.795343440824597 3.3043385348239878 61.89674090641782
>> 63.85077817423073 2.9321530559999998 -0.4188790079999998 9.96701275165745 3.020496291686102 60.830281882544625
>> 61.65516203108261 2.9321530559999998 -0.6283185119999999 10.028324437873565 2.159563701846672 59.495598329235946
>> 59.17524055365722 2.9321530559999998 -0.837758016 9.97265342288624 0.9646297946664122 58.210610758990796
>> 57.123137708236705 2.9321530559999998 -1.0471975199999997 9.82655954598079 -0.1974997537087358 57.320637461945445
>> 55.94887283087502 2.9321530559999998 -1.2566370240000002 9.622550491515407 -0.9402501845791035 56.8891230154541
>> 55.542388272004594 2.9321530559999998 -1.4660765279999999 9.368220827655335 -1.1131081348457927 56.65549640685039
>> 55.44301650782692 2.9321530559999998 -1.6755160319999995 9.060754109169281 -0.9991650350949299 56.442181542921844
>> 55.276464129128776 2.9321530559999998 -1.884955536 8.711466523135568 -0.9069069214756098 56.1833710506044
>> 54.902946044986834 2.9321530559999998 -2.0943950399999998 8.34076946644478 -0.9325713280456365 55.83551737303246
>> 54.36269182668344 2.9321530559999998 -2.3038345440000003 7.967940992202471 -1.0456176959305752 55.40830952261399
>> 53.890296292056966 2.9321530559999998 -2.513274048 7.618704889385969 -1.096534435378477 54.98683072743546
>> 54.17080074093645 2.9321530559999998 -2.7227135519999996 7.3441964854904045 -0.7602438863783129 54.93104462731477
>> 56.19256371647934 2.9321530559999998 -2.9321530559999993 7.1880970220842535 -0.012148037700562414 56.2047117541799
>> 2062.7653166586774 2.722713552 3.14159256 24.75696151369179 169.7629380849697 1893.0023785737085
>> 1200.0462301655386 2.722713552 2.9321530559999998 25.603832059040815 184.73511280293934 1015.3111173625994
>> 1144.878480392708 2.722713552 2.722713552 25.275219976089762 124.29220859536696 1020.5862717973406
>> 758.4946361276368 2.722713552 2.513274048 19.878540999744345 125.64970432490912 632.8449318027277
>> 573.3495241810616 2.722713552 2.303834544 19.865145572101106 86.88484014017452 486.4646840408873
>> 537.1865125585932 2.722713552 2.09439504 19.428155726934307 76.36213003966485 460.82438251892836
>> 496.6114721469948 2.722713552 1.8849555359999999 18.821865029651413 59.20231726225525 437.4091548847396
>> 475.90995568167625 2.722713552 1.675516032 18.222961366183597 53.180301669857414 422.72965401181875
>> 409.28913860129376 2.722713552 1.4660765279999999 16.65265281928583 53.05035386876315 356.23878473253046
>> 396.2846282090362 2.722713552 1.256637024 16.085646536134114 40.731526637253324 355.55310157178286
>> 370.5622376286715 2.722713552 1.04719752 15.256618777504443 32.49418050721917 338.06805712145234
>> 359.58966996986675 2.722713552 0.837758016 14.773056525368391 29.137094268719856 330.45257570114677
>> 344.3874987295786 2.722713552 0.6283185119999999 14.67696248959468 25.39864995495335 318.9888487746253
>> 346.70064841219676 2.722713552 0.4188790079999998 14.765666641755887 18.93423091130549 327.7664175008913
>> 351.2255676691871 2.722713552 0.2094395040000001 15.059719783504 18.915681155609573 332.30988651357745
>> 358.0595658124151 2.722713552 0.0 15.534099571473856 17.729005442038833 340.3305603703763
>> 367.42661515190315 2.722713552 -0.2094395040000001 16.087396061615117 16.144768249886415 351.28184690201664
>> 364.05004424366456 2.722713552 -0.4188790079999998 17.27530255613893 18.338715747213303 345.7113284964512
>> 365.1752930567071 2.722713552 -0.6283185119999999 18.41063327155682 15.418867765265988 349.75642529144113
>> 368.90624203427495 2.722713552 -0.837758016 19.207062076616392 13.25976905948269 355.64647297479235
>> 378.68791180272683 2.722713552 -1.0471975199999997 19.837605510194088 11.129922347528636 367.5579894551981
>> 377.7987347341709 2.722713552 -1.2566370240000002 20.50001064036671 10.90652935998402 366.8922053741867
>> 376.3252586489178 2.722713552 -1.4660765279999999 21.29040930694113 11.080000202830945 365.2452584460869
>> 372.4813684094189 2.722713552 -1.6755160319999995 21.946208407529515 10.82422041117413 361.65714799824485
>> 364.58469206147004 2.722713552 -1.884955536 22.555108729858375 9.821423431204284 354.76326863026594
>> 337.8149972319773 2.722713552 -2.0943950399999998 23.296669238913573 6.440710420034491 331.37428681194285
>> 304.6356810650832 2.722713552 -2.3038345440000003 23.622280648161354 7.927463232131274 296.7082178329519
>> 299.2694427887387 2.722713552 -2.513274048 24.518011863624015 8.804613786765598 290.4648290019731
>> 301.7413744491765 2.722713552 -2.7227135519999996 25.359681315937532 10.205948606094287 291.5354258430822
>> 289.6900637757811 2.722713552 -2.9321530559999993 25.92362375711215 14.968532018306968 274.72153175747405
>> 16512.686708809542 2.513274048 3.14159256 14.219394803550923 -0.1806183389187132 16512.867327148473
>> 74.05685448200383 2.513274048 2.9321530559999998 11.721477134465411 1.1503854091990986 72.90646907280474
>> 62.15810904806937 2.513274048 2.722713552 5.842681380827097 1.5387653455699069 60.61934370249945
>> 62.594746472046445 2.513274048 2.513274048 5.7918692164228744 1.925765035800015 60.668981436246426
>> 62.71364443609841 2.513274048 2.303834544 5.866184052665466 2.0258500884162802 60.68779434768211
>> 62.258243628324614 2.513274048 2.09439504 6.093437408231298 1.843142507901031 60.4151011204236
>> 61.039711032308865 2.513274048 1.8849555359999999 6.372459118467592 1.5065720495599557 59.53313898274891
>> 59.40459009348623 2.513274048 1.675516032 6.623220880018907 1.0501825298453502 58.35440756364088
>> 57.7403344590275 2.513274048 1.4660765279999999 6.861045982677404 0.5448394784906041 57.19549498053687
>> 56.47688272900264 2.513274048 1.256637024 7.078358001730027 0.24407657754276468 56.232806151459876
>> 56.39200947561725 2.513274048 1.04719752 7.2638970660616184 0.41402645967306306 55.97798301594418
>> 57.97726226742503 2.513274048 0.837758016 7.485537168488672 0.8361168531047826 57.14114541432026
>> 60.409363374052376 2.513274048 0.6283185119999999 7.811933650257087 1.281422859458145 59.127940514594215
>> 62.52324212768194 2.513274048 0.4188790079999998 8.193373530761672 1.7503879219835494 60.77285420569839
>> 63.883283336411154 2.513274048 0.2094395040000001 8.541567847979904 2.2238602765836757 61.65942305982747
>> 64.41223784368198 2.513274048 0.0 8.836952958068435 2.625302271203496 61.7869355724785
>> 64.0384938942962 2.513274048 -0.2094395040000001 9.078661677773937 2.7600255705104777 61.278468323785724
>> 62.708952060876044 2.513274048 -0.4188790079999998 9.244641897607513 2.4452770461553865 60.263675014720654
>> 60.60350192248716 2.513274048 -0.6283185119999999 9.296704292736607 1.6722810684476046 58.931220854039545
>> 58.22119736744727 2.513274048 -0.837758016 9.234165237083756 0.6141528076345352 57.607044559812735
>> 56.199123371925396 2.513274048 -1.0471975199999997 9.083013151996646 -0.4378792010675414 56.6370025729929
>> 55.003826093757226 2.513274048 -1.2566370240000002 8.874254339667722 -1.1315668606561269 56.135392954413355
>> 54.600779342692505 2.513274048 -1.4660765279999999 8.61589816868204 -1.273436003680753 55.874215346373255
>> 54.54705395062373 2.513274048 -1.6755160319999995 8.307965824642263 -1.1005578386395045 55.64761178926322
>> 54.437297932290505 2.513274048 -1.884955536 7.96000044891524 -0.9412776409115969 55.378575573202085
>> 54.10576817376167 2.513274048 -2.0943950399999998 7.590963634037542 -0.9188123080325384 55.024580481794175
>> 53.582060808843515 2.513274048 -2.3038345440000003 7.219374872433494 -1.0147451746709253 54.59680598351442
>> 53.09411793768605 2.513274048 -2.513274048 6.869374268091583 -1.093546187350088 54.18766412503613
>> 53.29497854554797 2.513274048 -2.7227135519999996 6.586966052240501 -0.8563894131444387 54.15136795869239
>> 55.13131120899226 2.513274048 -2.9321530559999993 6.411428481916715 -0.2849068643456533 55.41621807333791
>> 3336.026417633468 2.303834544 3.14159256 12.697997222653152 8.654594031371674 3327.3718236020977
>> 615.1279302165459 2.303834544 2.9321530559999998 14.992186377629533 47.85164669207561 567.2762835244702
>> 574.4041203097333 2.303834544 2.722713552 15.683003617953824 38.87453870103961 535.5295816086937
>> 542.4687112294719 2.303834544 2.513274048 16.128405694492212 35.204359469872806 507.2643517595991
>> 514.4270847825608 2.303834544 2.303834544 16.46963329389806 28.384436021630684 486.04264876093004
>> 487.1973317364027 2.303834544 2.09439504 16.8233223515545 25.68513768989219 461.51219404651044
>> 473.4554071480841 2.303834544 1.8849555359999999 17.1023810066722 30.13424693178556 443.3211602162985
>> 452.77171246967583 2.303834544 1.675516032 17.546801734219002 29.389315119676574 423.38239734999934
>> 426.06305348679973 2.303834544 1.4660765279999999 18.181704816335404 22.483789219933897 403.5792642668658
>> 409.7252512585815 2.303834544 1.256637024 18.444427592408317 20.25350721271533 389.4717440458662
>> 313.87485679236414 2.303834544 1.04719752 31.596815011348088 24.974172072980807 288.9006847193833
>> 269.89286683264004 2.303834544 0.837758016 31.21042095197496 21.423548356242605 248.4693184763974
>> 209.02795561018263 2.303834544 0.6283185119999999 30.10328926867769 12.830745422662963 196.1972101875197
>> 135.90538176815025 2.303834544 0.4188790079999998 25.365428023229608 5.952147712133344 129.95323405601692
>> 100.57027980858152 2.303834544 0.2094395040000001 20.028425792441162 5.043689974311551 95.52658983427003
>> 90.7395521672779 2.303834544 0.0 17.70293814219023 1.2335926811905926 89.50595948608732
>> 79.58727186779252 2.303834544 -0.2094395040000001 14.851973810980798 3.380563881994428 76.2067079857981
>> 73.49155722609318 2.303834544 -0.4188790079999998 13.159181628755356 2.8387153137721377 70.65284191232107
>> 65.38734373222255 2.303834544 -0.6283185119999999 9.777958048247326 2.610110569999048 62.77723316222349
>> 63.241544432119845 2.303834544 -0.837758016 9.452586900419496 1.962077510698723 61.279466921421104
>> 62.68718334933763 2.303834544 -1.0471975199999997 9.224094801252516 1.4826211940541685 61.20456215528345
>> 64.35167891309028 2.303834544 -1.2566370240000002 9.033422515135747 1.3233308790765377 63.02834803401373
>> 67.21655966057367 2.303834544 -1.4660765279999999 8.670033105868475 1.7643381532731344 65.45222150730055
>> 69.17320265183125 2.303834544 -1.6755160319999995 8.17742959167016 2.7542581789820675 66.41894447284918
>> 69.80013650155804 2.303834544 -1.884955536 7.849884736775118 3.531370865820195 66.26876563573782
>> 69.9864813587361 2.303834544 -2.0943950399999998 7.62967948639934 3.941082185963675 66.04539917277245
>> 69.80731554172647 2.303834544 -2.3038345440000003 7.532917780332939 4.045338406682743 65.76197713504374
>> 68.94678771021596 2.303834544 -2.513274048 7.559056737040364 3.989841189343873 64.95694652087208
>> 67.35300887276382 2.303834544 -2.7227135519999996 7.624613027663559 3.7822949869188958 63.570713885844924
>> 65.41045781670101 2.303834544 -2.9321530559999993 7.717497018720462 3.3434455460773025 62.0670122706237
>> 15679.66047821659 2.09439504 3.14159256 18.7972444270721 -0.24470069787653245 15679.90517891447
>> 2067.6870216450493 2.09439504 2.9321530559999998 21.359362830515327 -1.1485309845807938 2068.835552629631
>> 168.88552720495775 2.09439504 2.722713552 24.306163248332034 5.199676073931856 163.68585113102586
>> 163.90456894413592 2.09439504 2.513274048 24.630732768572802 4.005362733794026 159.8992062103419
>> 92.61001673363236 2.09439504 2.303834544 20.067247555393877 0.4333331402560473 92.17668359337634
>> 83.17202037025746 2.09439504 2.09439504 17.72706268682311 1.5422474264017834 81.62977294385568
>> 77.60593280270452 2.09439504 1.8849555359999999 16.50094453916641 1.1362698894243408 76.4696629132802
>> 61.03700216858844 2.09439504 1.675516032 10.087550593803257 1.0158509478700857 60.021151220718345
>> 61.242735396154316 2.09439504 1.4660765279999999 10.385658859849363 0.9811883929396301 60.26154700321469
>> 61.97430021086916 2.09439504 1.256637024 10.634229405973766 1.3201103877114895 60.65418982315767
>> 63.805279923210236 2.09439504 1.04719752 10.849612058197396 2.202926907968617 61.60235301524161
>> 66.54938126794727 2.09439504 0.837758016 11.02165413437869 3.235051859580971 63.314329408366284
>> 69.31308882636527 2.09439504 0.6283185119999999 11.12749743765805 4.114120746561718 65.19896807980355
>> 71.26539072968312 2.09439504 0.4188790079999998 11.155022055140167 4.696202308548936 66.56918842113417
>> 71.93791915127393 2.09439504 0.2094395040000001 11.076915751153217 4.835082112276444 67.10283703899746
>> 71.35202512014543 2.09439504 0.0 10.86735006889458 4.508093484196448 66.84393163594896
>> 69.86296161041524 2.09439504 -0.2094395040000001 10.567458122262307 3.874442620879053 65.98851898953617
>> 67.80915426369846 2.09439504 -0.4188790079999998 10.220351452555802 3.1449213956187703 64.66423286807972
>> 65.46419470790462 2.09439504 -0.6283185119999999 9.841371344555379 2.421003656263355 63.043191051641266
>> 63.35018798051517 2.09439504 -0.837758016 9.474453553523297 1.7846490525271064 61.56553892798806
>> 62.5424481356867 2.09439504 -1.0471975199999997 9.189365630591382 1.2997661421057087 61.242681993580995
>> 63.75248749540918 2.09439504 -1.2566370240000002 8.94546398201784 1.0415988888594185 62.710888606549766
>> 66.28931963142195 2.09439504 -1.4660765279999999 8.58076420664315 1.3207950089087503 64.9685246225132
>> 68.22147230387583 2.09439504 -1.6755160319999995 8.109547258877555 2.2576672427351485 65.96380506114068
>> 68.89161076045767 2.09439504 -1.884955536 7.789930045677032 3.079642814909072 65.81196794554863
>> 69.09731117772694 2.09439504 -2.0943950399999998 7.577183123683822 3.5473064376535017 65.55000474007346
>> 68.94759492686433 2.09439504 -2.3038345440000003 7.488459692335659 3.7113486934224675 65.23624623344188
>> 68.1764623038075 2.09439504 -2.513274048 7.527977535937986 3.705011467654531 64.47145083615298
>> 66.71768005080246 2.09439504 -2.7227135519999996 7.606016364646937 3.5653169588004463 63.152363092001984
>> 64.92140865751615 2.09439504 -2.9321530559999993 7.705198631085407 3.218213462227736 61.70319519528843
>> 20496.939736086955 1.8849555359999999 3.14159256 25.696253961467505 -0.06469429474753013 20497.004430381705
>> 5901.428576870876 1.8849555359999999 2.9321530559999998 26.197766378735736 -0.19386821919877087 5901.62244509007
>> 310.5039699273355 1.8849555359999999 2.722713552 21.177176687792056 4.575796065087203 305.92817386224823
>> 301.85494209164733 1.8849555359999999 2.513274048 22.213440376004385 10.75156917680629 291.1033729148411
>> 306.257806241787 1.8849555359999999 2.303834544 23.475392708437496 22.00663304911113 284.2511731926759
>> 318.77816432031034 1.8849555359999999 2.09439504 24.851549550382735 35.54311409977359 283.2350502205368
>> 343.2874650403042 1.8849555359999999 1.8849555359999999 25.895997878854942 54.14715930757287 289.14030573273135
>> 369.49192870436167 1.8849555359999999 1.675516032 26.77595160380377 68.68635285900064 300.805575845361
>> 413.48420998025205 1.8849555359999999 1.4660765279999999 26.998057438768598 91.52603036634348 321.95817961390844
>> 456.5677543173849 1.8849555359999999 1.256637024 26.73000308483205 106.0206922262996 350.5470620910853
>> 500.7628522415484 1.8849555359999999 1.04719752 25.887487285352023 110.73055280460295 390.03229943694544
>> 555.0180573972001 1.8849555359999999 0.837758016 24.69874265743102 127.24906102626268 427.76899637093743
>> 588.5285278309682 1.8849555359999999 0.6283185119999999 23.138990321498266 118.71615725297487 469.8123705779934
>> 607.4352489335832 1.8849555359999999 0.4188790079999998 21.25906955456843 91.95795350888781 515.4772954246953
>> 623.448847779676 1.8849555359999999 0.2094395040000001 19.043678614065055 60.59880056203533 562.8500472176407
>> 477.127372840821 1.8849555359999999 0.0 18.37127692443078 11.40098681832435 465.7263860224965
>> 468.8195720786373 1.8849555359999999 -0.2094395040000001 19.91243199807661 7.965857700369045 460.85371437826836
>> 408.82239631094467 1.8849555359999999 -0.4188790079999998 19.756854605824373 11.046843668868275 397.77555264207626
>> 410.92860187812147 1.8849555359999999 -0.6283185119999999 21.425643653022522 13.503675876642033 397.4249260014793
>> 414.4100993152702 1.8849555359999999 -0.837758016 22.909716593662782 17.342604044356836 397.0674952709133
>> 417.7522115057106 1.8849555359999999 -1.0471975199999997 24.113454329120476 22.194392219706263 395.5578192860043
>> 409.7027477628987 1.8849555359999999 -1.2566370240000002 25.1706353453263 25.70065559926155 384.00209216363714
>> 403.3741867558778 1.8849555359999999 -1.4660765279999999 25.862862193622007 27.332510919221633 376.0416758366562
>> 367.52201289272426 1.8849555359999999 -1.6755160319999995 26.07299782290046 7.93971550802208 359.5822973847022
>> 193.0026415619719 1.8849555359999999 -1.884955536 26.29245535905466 8.335587838812588 184.66705372315928
>> 181.05357156639755 1.8849555359999999 -2.0943950399999998 25.4439602106303 12.295167151081746 168.7584044153158
>> 175.4116068606853 1.8849555359999999 -2.3038345440000003 24.507255873433643 15.866034292045853 159.54557256863944
>> 157.0794242037661 1.8849555359999999 -2.513274048 23.323761068682863 12.754957799420586 144.32446640434551
>> 128.46011679803638 1.8849555359999999 -2.7227135519999996 20.70444806421065 8.579437337802059 119.88067946023432
>> 79.3913428905114 1.8849555359999999 -2.9321530559999993 12.779866588802129 1.7534212782274334 77.63792161228396
>> 32915.42563363368 1.675516032 3.14159256 15.394090426595508 -0.08174701811158601 32915.50738065175
>> 799.8830565958287 1.675516032 2.9321530559999998 25.568258069503408 8.513656699376641 791.3693998964524
>> 314.4919623693954 1.675516032 2.722713552 25.359891565475177 2.25572678231521 312.2362355870803
>> 272.5010237763231 1.675516032 2.513274048 25.3698100820784 0.29277359840971556 272.2082501779134
>> 28702.23107417363 1.675516032 2.303834544 21.414383398103443 26815.285044365835 1886.9460298077963
>> 3524.286784359144 1.675516032 2.09439504 17.31570341480401 1259.816485346502 2264.470299012642
>> 3085.2239087566054 1.675516032 1.8849555359999999 17.43613174567043 834.6491017467023 2250.5748070099035
>> 2529.744886747375 1.675516032 1.675516032 17.495510183455902 420.92066975712373 2108.8242169902514
>> 2460.847487964012 1.675516032 1.4660765279999999 17.249843310941365 421.1951588931063 2039.6523290709065
>> 2404.3672956648634 1.675516032 1.256637024 17.632170836390152 400.3623056890858 2004.0049899757778
>> 2315.5953544442064 1.675516032 1.04719752 18.195983997844028 406.11777878487726 1909.4775756593292
>> 2503.342512368543 1.675516032 0.837758016 19.89643030812699 399.20754792923185 2104.1349644393113
>> 2392.1116546050207 1.675516032 0.6283185119999999 20.0510403795019 345.07654086519506 2047.035113739826
>> 2367.1250726900303 1.675516032 0.4188790079999998 20.201512626252473 343.61272875099536 2023.5123439390354
>> 2344.934506966393 1.675516032 0.2094395040000001 20.445304696651537 330.5230484358344 2014.4114585305595
>> 2293.9975407820675 1.675516032 0.0 20.76362588017575 310.7226026262415 1983.274938155826
>> 2265.107373250438 1.675516032 -0.2094395040000001 20.915239582735715 305.9866416827037 1959.120731567734
>> 2222.9505356103978 1.675516032 -0.4188790079999998 21.090664954642715 296.05677739160814 1926.8937582187905
>> 2105.6307069679997 1.675516032 -0.6283185119999999 21.242194896894542 299.3249623161506 1806.305744651851
>> 2062.872193197971 1.675516032 -0.837758016 21.208387257778856 268.50324474947774 1794.368948448493
>> 2066.6843037018953 1.675516032 -1.0471975199999997 20.79561560946506 275.64919720851105 1791.0351064933845
>> 1290.0930662370954 1.675516032 -1.2566370240000002 21.855449040615987 292.0038317820296 998.0892344550655
>> 1278.4302721931028 1.675516032 -1.4660765279999999 21.1676349569218 241.05921994194486 1037.3710522511578
>> 1282.1851002840328 1.675516032 -1.6755160319999995 20.507925555145306 231.57652497680718 1050.6085753072257
>> 1291.2364983794746 1.675516032 -1.884955536 19.989956910544514 250.76839252529874 1040.4681058541755
>> 1330.352950774493 1.675516032 -2.0943950399999998 19.44264152086844 282.2736015349157 1048.0793492395776
>> 181.8427848183371 1.675516032 -2.3038345440000003 17.80788872918095 24.525835747466505 157.31694907087055
>> 106.97314336725537 1.675516032 -2.513274048 15.913502351187994 2.251258561454525 104.72188480580084
>> 77.48009190034819 1.675516032 -2.7227135519999996 10.59342814758045 4.799994869476592 72.68009703087161
>> 62.62518105936171 1.675516032 -2.9321530559999993 7.431349882249737 2.515478806264854 60.109702253096856
>> 9663.877153748683 1.4660765279999999 3.14159256 23.05114083043178 -0.1373111865889152 9664.014464935275
>> 268.0231958841086 1.4660765279999999 2.9321530559999998 21.671871017277628 4.547420359643525 263.475775524465
>> 261.3567924295214 1.4660765279999999 2.722713552 22.458443912868553 7.1122999811144165 254.24449244840707
>> 258.66298383534826 1.4660765279999999 2.513274048 23.328071442858338 11.358375009822467 247.30460882552575
>> 264.8032590596402 1.4660765279999999 2.303834544 24.29796425890985 16.969522346326972 247.8337367133132
>> 279.83776051050774 1.4660765279999999 2.09439504 25.323768990154377 27.818179475523934 252.01958103498376
>> 302.54572707596077 1.4660765279999999 1.8849555359999999 26.198070306584285 40.00211236728622 262.54361470867457
>> 316.4474790006972 1.4660765279999999 1.675516032 26.74843229290594 35.411361765241196 281.036117235456
>> 351.33016643373935 1.4660765279999999 1.4660765279999999 27.183418686671093 45.38188390268664 305.9482825310527
>> 385.42946521504814 1.4660765279999999 1.256637024 27.26060383460689 47.907621252443256 337.5218439626048
>> 405.52933017605716 1.4660765279999999 1.04719752 27.01515955866209 38.277241341502474 367.2520888345546
>> 427.6684287267384 1.4660765279999999 0.837758016 26.594946843888337 30.86952856609162 396.79890016064684
>> 5671.03461799505 1.4660765279999999 0.6283185119999999 12.536360559311989 272.72469049156933 5398.309927503479
>> 5298.721411808581 1.4660765279999999 0.4188790079999998 14.266130483554063 362.9153404834582 4935.806071325121
>> 5741.150650335829 1.4660765279999999 0.2094395040000001 16.030288467744825 491.49949514765177 5249.651155188175
>> 4809.984442293526 1.4660765279999999 0.0 18.982117431697535 1323.2370476277922 3486.747394665734
>> 3622.8315167476326 1.4660765279999999 -0.2094395040000001 20.189391745382324 416.33538962981595 3206.4961271178186
>> 1493.7353626438767 1.4660765279999999 -0.4188790079999998 22.48848837973282 114.78260704251886 1378.9527556013568
>> 342.21984554733547 1.4660765279999999 -0.6283185119999999 23.366653145984507 14.888582957441546 327.33126258989387
>> 307.6638212943129 1.4660765279999999 -0.837758016 24.08468626603162 9.295689777184794 298.36813151712806
>> 302.2070187314861 1.4660765279999999 -1.0471975199999997 25.2791287945307 12.55038102291549 289.65663770857054
>> 300.9990444339254 1.4660765279999999 -1.2566370240000002 25.93444931851527 16.66653730316846 284.3325071307568
>> 283.1508747771067 1.4660765279999999 -1.4660765279999999 25.828087560588845 14.49887614117697 268.65199863592966
>> 254.3994571153369 1.4660765279999999 -1.6755160319999995 25.020048889110083 14.066295225889162 240.3331618894477
>> 256.5388554369209 1.4660765279999999 -1.884955536 25.09363159182893 19.644143893274354 236.89471154364657
>> 201.97018113445367 1.4660765279999999 -2.0943950399999998 22.732559240904514 13.344462668507818 188.6257184659458
>> 74.79638443949851 1.4660765279999999 -2.3038345440000003 9.774393168039321 0.24419940398175038 74.55218503551677
>> 51.147006061918034 1.4660765279999999 -2.513274048 5.216658222294015 -1.3497106260016072 52.496716687919644
>> 51.509974386075555 1.4660765279999999 -2.7227135519999996 4.947814810559102 -0.9483243528402016 52.458298738915744
>> 53.60055421096034 1.4660765279999999 -2.9321530559999993 4.799354687333084 -0.13365799551658541 53.73421220647693
>> 9873.396746041231 1.256637024 3.14159256 29.774610925270146 19.287297301186296 9854.109448740044
>> 788.8960114293529 1.256637024 2.9321530559999998 29.685107706343853 201.0021700723998 587.8938413569533
>> 713.6620281698579 1.256637024 2.722713552 29.332326318298556 133.46976392269357 580.1922642471644
>> 684.1479730864991 1.256637024 2.513274048 28.27661061339943 110.52438158856971 573.6235914979295
>> 649.4749546088013 1.256637024 2.303834544 26.757782346767947 92.42070875389376 557.0542458549077
>> 646.6270984252797 1.256637024 2.09439504 25.047501202589192 89.73006382495059 556.8970346003291
>> 632.3680546443561 1.256637024 1.8849555359999999 23.53991583306513 86.4100075932279 545.9580470511282
>> 616.0599833916016 1.256637024 1.675516032 22.42084199245472 82.82699093716505 533.2329924544367
>> 593.2750153164578 1.256637024 1.4660765279999999 21.88695818912658 76.57253319131947 516.7024821251385
>> 578.0327882404412 1.256637024 1.256637024 21.831915176203488 71.97622840142971 506.0565598390115
>> 560.3761114690949 1.256637024 1.04719752 22.15048159007037 70.2821497403817 490.0939617287132
>> 547.6326034899702 1.256637024 0.837758016 22.684191171902825 66.94643201682612 480.68617147314427
>> 540.7495518858308 1.256637024 0.6283185119999999 23.29553754202607 64.62180427367691 476.12774761215394
>> 522.1350433856912 1.256637024 0.4188790079999998 23.814678116652413 59.99761966061882 462.1374237250724
>> 492.1791835030202 1.256637024 0.2094395040000001 24.0344941889665 64.19522332950206 427.98396017351826
>> 464.29555981855526 1.256637024 0.0 24.02828383710799 63.38931674968478 400.9062430688706
>> 438.0382936942867 1.256637024 -0.2094395040000001 23.681297570576916 59.51394171444959 378.5243519798372
>> 405.63615762608015 1.256637024 -0.4188790079999998 23.135725329316276 54.041979801608115 351.59417782447196
>> 336.75701825399653 1.256637024 -0.6283185119999999 22.35078890681701 44.44949007940207 292.30752817459444
>> 276.3853143965134 1.256637024 -0.837758016 21.755256899903873 27.25117568276396 249.13413871374948
>> 264.4716042173502 1.256637024 -1.0471975199999997 20.905708926312165 19.24516369413404 245.22644052321613
>> 256.3267437732358 1.256637024 -1.2566370240000002 20.109280048197927 12.399794502145827 243.92694927108997
>> 198.82925109617062 1.256637024 -1.4660765279999999 21.869162446168723 0.5188850189955706 198.31036607717505
>> 133.00539563763866 1.256637024 -1.6755160319999995 18.76543886977744 0.8052444185966315 132.200151219042
>> 115.9884039264978 1.256637024 -1.884955536 17.557117535790358 0.8214008626168298 115.167003063881
>> 109.5391817182439 1.256637024 -2.0943950399999998 15.730645288959053 1.661712932976909 107.87746878526698
>> 99.84478503858183 1.256637024 -2.3038345440000003 12.134733714387734 0.42304686196844277 99.42173817661336
>> 95.40183053242181 1.256637024 -2.513274048 9.793143274051186 1.6210867173524806 93.78074381506933
>> 83.93219476349056 1.256637024 -2.7227135519999996 8.272011153042447 1.258903585622545 82.67329117786802
>> 81.94578539934962 1.256637024 -2.9321530559999993 7.600971446957728 1.6308141243978846 80.31497127495172
>> 11550.458137414673 1.04719752 3.14159256 23.80489316496105 -0.24377874986769 11550.701916164542
>> 655.4970034345793 1.04719752 2.9321530559999998 29.20442936704691 70.93516013967239 584.561843294907
>> 522.2642596477742 1.04719752 2.722713552 29.483250991641253 122.40103767416878 399.86322197360556
>> 452.6827715353042 1.04719752 2.513274048 28.542604640281095 81.1958652459803 371.4869062893239
>> 405.98102032153804 1.04719752 2.303834544 26.936316012581205 63.77560804519403 342.20541227634413
>> 368.1143295305976 1.04719752 2.09439504 25.247159687169816 52.79759176551089 315.31673776508677
>> 333.16330868525966 1.04719752 1.8849555359999999 23.65697114485352 46.365695503168936 286.7976131820908
>> 306.25147140444534 1.04719752 1.675516032 22.55823640362595 44.77658274470739 261.474888659738
>> 285.87045570441705 1.04719752 1.4660765279999999 22.050514283274172 46.68205298356155 239.1884027208554
>> 269.70956687915316 1.04719752 1.256637024 21.9412443340484 41.0461569441821 228.6634099349711
>> 250.98731928299802 1.04719752 1.04719752 22.04152954610765 37.664817390774715 213.32250189222336
>> 237.39482828979706 1.04719752 0.837758016 22.08925082511768 33.672857626855084 203.721970662942
>> 230.58130988202134 1.04719752 0.6283185119999999 22.01038976702256 29.088531580640872 201.49277830138047
>> 221.41786102693573 1.04719752 0.4188790079999998 21.494212623407936 23.224994033150907 198.19286699378478
>> 197.97544819867576 1.04719752 0.2094395040000001 20.648272915037204 14.527164534224454 183.44828366445134
>> 189.00770304548993 1.04719752 0.0 19.893397113348513 10.073417025561689 178.93428601992818
>> 149.58049233520845 1.04719752 -0.2094395040000001 19.961901210912878 2.8616350433221673 146.71885729188628
>> 125.36670482157777 1.04719752 -0.4188790079999998 17.12277688968369 5.863483284824203 119.50322153675353
>> 120.11510885293748 1.04719752 -0.6283185119999999 15.38561181297788 4.42419345368117 115.69091539925631
>> 115.69560300132626 1.04719752 -0.837758016 14.711203107113583 1.57508266614154 114.12052033518468
>> 109.94790917114065 1.04719752 -1.0471975199999997 13.954452476422613 1.2429821524653262 108.7049270186753
>> 94.9033585827372 1.04719752 -1.2566370240000002 12.682466424239342 0.8451855937144247 94.0581729890228
>> 81.51041629424543 1.04719752 -1.4660765279999999 10.915633977852293 1.6308264805207329 79.87958981372469
>> 78.91357994412047 1.04719752 -1.6755160319999995 10.00968710925387 0.782935741369391 78.13064420275107
>> 76.23374673521357 1.04719752 -1.884955536 8.51481759375295 0.5437284747937692 75.69001826041979
>> 72.04604467418083 1.04719752 -2.0943950399999998 7.2340425987263055 1.443052559477266 70.60299211470355
>> 63.6382708823324 1.04719752 -2.3038345440000003 6.109708877794375 2.45609329996785 61.18217758236456
>> 63.119207528215284 1.04719752 -2.513274048 6.1987129515099015 2.78262240668636 60.33658512152892
>> 62.30292497064896 1.04719752 -2.7227135519999996 6.315742990862389 3.03909181715919 59.26383315348974
>> 61.30929632217807 1.04719752 -2.9321530559999993 6.466532121699669 3.0309336535829026 58.278362668595165
>> 13545.250486192515 0.837758016 3.14159256 12.473794555021145 -0.21502998936489975 13545.465516181883
>> 844.8580953204272 0.837758016 2.9321530559999998 12.90830800966703 147.20800708707074 697.6500882333563
>> 857.8740384175112 0.837758016 2.722713552 13.394703920942698 142.09020187539076 715.7838365421202
>> 854.6779673033611 0.837758016 2.513274048 14.102321980995171 132.2955317960571 722.3824355073039
>> 850.3421879653772 0.837758016 2.303834544 14.985324999072855 190.31303253638174 660.0291554289953
>> 678.3574119127528 0.837758016 2.09439504 17.028370275898833 115.69556438863815 562.661847524115
>> 727.5213169106405 0.837758016 1.8849555359999999 18.148276488225573 133.01105218060454 594.5102647300359
>> 790.2290146049679 0.837758016 1.675516032 19.07522073770291 134.84835816592573 655.3806564390422
>> 861.2585334194913 0.837758016 1.4660765279999999 20.228689196118662 85.53761940381489 775.7209140156763
>> 878.1965068313979 0.837758016 1.256637024 20.972029684457407 128.866504741986 749.330002089412
>> 939.5056995873514 0.837758016 1.04719752 21.508449466164027 162.41629420731002 777.0894053800416
>> 1003.7023181317961 0.837758016 0.837758016 21.884877426740058 154.2888072221046 849.413510909691
>> 989.387683495132 0.837758016 0.6283185119999999 22.03269010133012 164.15492622466 825.2327572704719
>> 970.7818766938474 0.837758016 0.4188790079999998 22.351116138571953 164.03416106402221 806.7477156298249
>> 921.5865504208905 0.837758016 0.2094395040000001 22.734369615363473 163.16483852157987 758.4217118993105
>> 846.5631784813085 0.837758016 0.0 22.952538025715807 161.43291818746275 685.1302602938457
>> 871.7051325495022 0.837758016 -0.2094395040000001 22.873324709717043 188.1351865729723 683.5699459765298
>> 886.5846259071905 0.837758016 -0.4188790079999998 22.713253799082356 184.27623847109516 702.3083874360955
>> 932.9114054925429 0.837758016 -0.6283185119999999 22.238189999874496 221.7891990313827 711.1222064611602
>> 924.8164848412657 0.837758016 -0.837758016 21.714510290792273 185.66394674337312 739.1525380978921
>> 963.5040181456072 0.837758016 -1.0471975199999997 21.143905156981553 220.9527722379006 742.5512459077064
>> 1011.3853350788534 0.837758016 -1.2566370240000002 20.403628535255436 272.03115005868517 739.3541850201682
>> 1110.1287354216142 0.837758016 -1.4660765279999999 19.568886419782967 367.5462838281669 742.5824515934471
>> 1089.8352426889091 0.837758016 -1.6755160319999995 18.595669023226566 355.2636457808708 734.5715969080386
>> 926.0477859901207 0.837758016 -1.884955536 17.535371356059862 188.82625202458146 737.2215339655393
>> 968.359111965712 0.837758016 -2.0943950399999998 16.53514963590239 238.30276646091292 730.0563455047992
>> 1016.3521294313275 0.837758016 -2.3038345440000003 16.028418009862307 288.48972646977865 727.8624029615486
>> 1018.6299213622447 0.837758016 -2.513274048 15.555957221082826 301.9429739733087 716.6869473889354
>> 811.0544468018136 0.837758016 -2.7227135519999996 15.216098788702132 129.86005123673098 681.1943955650829
>> 259.01326430735924 0.837758016 -2.9321530559999993 22.83108324004012 17.206371086922363 241.80689322043685
>> 27307.05527267061 0.6283185119999999 3.14159256 17.63389774588603 180.4524238501805 27126.602848820417
>> 531.3896599558273 0.6283185119999999 2.9321530559999998 18.539646185506218 26.540772741965498 504.84888721386164
>> 479.4250287145558 0.6283185119999999 2.722713552 19.95402672023331 38.59157597373015 440.8334527408257
>> 308.30331616489747 0.6283185119999999 2.513274048 28.531347271962712 7.928539096388299 300.3747770685092
>> 180.44586920787205 0.6283185119999999 2.303834544 27.473306676547836 1.2301832121269605 179.2156859957451
>> 144.2421707565773 0.6283185119999999 2.09439504 24.188103830505273 0.9304304069546255 143.31174034962265
>> 80.76906262419213 0.6283185119999999 1.8849555359999999 16.9023048973976 0.1891600141278074 80.57990261006434
>> 63.28237155790298 0.6283185119999999 1.675516032 10.29279470508658 0.6220490967561009 62.66032246114688
>> 58.22307506430922 0.6283185119999999 1.4660765279999999 8.638518885207231 0.27364060619208047 57.94943445811713
>> 58.33659979204817 0.6283185119999999 1.256637024 8.832861606196843 0.2373907135845415 58.09920907846364
>> 59.75531183535161 0.6283185119999999 1.04719752 8.968965703056279 0.742386209315892 59.012925626035724
>> 63.06653905008855 0.6283185119999999 0.837758016 9.093072647800955 1.619563916466283 61.446975133622274
>> 68.87186674035301 0.6283185119999999 0.6283185119999999 9.324728256703194 2.5878026605040954 66.2840640798489
>> 77.02273600441103 0.6283185119999999 0.4188790079999998 9.676782222404253 3.4890456235964797 73.53369038081459
>> 85.90169569459006 0.6283185119999999 0.2094395040000001 10.462151010007613 4.093232580505434 81.80846311408465
>> 92.5254217834843 0.6283185119999999 0.0 11.61134631492566 3.329337565506942 89.19608421797736
>> 95.28593763399799 0.6283185119999999 -0.2094395040000001 11.664736552280758 2.772953949485505 92.51298368451243
>> 91.53556576219141 0.6283185119999999 -0.4188790079999998 9.414917239587774 2.267751203513209 89.2678145586782
>> 88.74472796879438 0.6283185119999999 -0.6283185119999999 8.825399438537492 2.1129635402686313 86.63176442852576
>> 85.85038781943959 0.6283185119999999 -0.837758016 8.192641574212784 1.8452377036064413 84.00515011583315
>> 81.77932090657342 0.6283185119999999 -1.0471975199999997 7.1011692003299025 1.7817755306692882 79.99754537590412
>> 73.53202346836426 0.6283185119999999 -1.2566370240000002 7.559873400399992 2.277179996103138 71.25484347226111
>> 68.60228329635241 0.6283185119999999 -1.4660765279999999 6.253845420318211 2.251718209587556 66.35056508676486
>> 66.76351150579386 0.6283185119999999 -1.6755160319999995 5.74202798448771 2.5505167850425208 64.21299472075133
>> 66.30499770524479 0.6283185119999999 -1.884955536 5.555072310463395 3.1077790938814505 63.19721861136332
>> 66.39755055210125 0.6283185119999999 -2.0943950399999998 5.447068278254927 3.6190807163341385 62.77846983576711
>> 66.72405428800973 0.6283185119999999 -2.3038345440000003 5.4587492940704125 4.068645956188479 62.65540833182125
>> 67.01082848919079 0.6283185119999999 -2.513274048 5.6266473997048685 4.5122778190591895 62.498550670131586
>> 66.93083076990347 0.6283185119999999 -2.7227135519999996 5.858870724922981 4.76609427871828 62.164736491185195
>> 66.48292486005275 0.6283185119999999 -2.9321530559999993 6.139968652940916 4.621818102281079 61.861106757771665
>> 66928.0981419913 0.4188790079999998 3.14159256 16.35982495511622 -0.08450543199927962 66928.18264742327
>> 341.52593737635874 0.4188790079999998 2.9321530559999998 22.0031608285142 17.341681088318644 324.1842562880401
>> 342.1394965552767 0.4188790079999998 2.722713552 22.726006325890655 17.98189859769939 324.1575979575772
>> 325.05992012182793 0.4188790079999998 2.513274048 24.226882620388338 9.118731595107928 315.94118852672
>> 312.9851430064023 0.4188790079999998 2.303834544 25.122384077667945 8.312516520430906 304.67262648597136
>> 306.56166408289454 0.4188790079999998 2.09439504 25.34481916491061 11.366890670957803 295.1947734119367
>> 302.6907865678315 0.4188790079999998 1.8849555359999999 25.29405052512797 12.74287659495162 289.94790997287987
>> 293.28659042444184 0.4188790079999998 1.675516032 24.93592571092126 8.53052949143514 284.7560609330067
>> 4470.177331701563 0.4188790079999998 1.4660765279999999 15.928843728987097 569.8837454509667 3900.293586250596
>> 333.97882842703297 0.4188790079999998 1.256637024 19.03964994389941 0.02030321042876813 333.958525216604
>> 196.40107562415966 0.4188790079999998 1.04719752 18.300064761858813 -0.07730037810859887 196.47837600226822
>> 155.65111984638602 0.4188790079999998 0.837758016 18.45986513961555 2.945217166856997 152.70590267952903
>> 125.59074874918073 0.4188790079999998 0.6283185119999999 17.773232563755315 4.015385003188662 121.57536374599205
>> 127.1430923127117 0.4188790079999998 0.4188790079999998 17.72719157211907 2.0780321315025074 125.06506018120922
>> 122.10511453881334 0.4188790079999998 0.2094395040000001 16.181712130666483 2.265801446222956 119.83931309259039
>> 121.30491251315452 0.4188790079999998 0.0 15.603964368100046 4.3333868780286435 116.97152563512587
>> 100.5730484195113 0.4188790079999998 -0.2094395040000001 8.151116502854157 4.974970553429028 95.59807786608229
>> 98.20239621679481 0.4188790079999998 -0.4188790079999998 8.007938271249454 4.964818992121148 93.23757722467369
>> 95.14907794002016 0.4188790079999998 -0.6283185119999999 7.86083399868687 4.415231806934563 90.73384613308559
>> 88.54038128247937 0.4188790079999998 -0.837758016 11.19467205285913 3.058340323652928 85.48204095882645
>> 75.25464032317574 0.4188790079999998 -1.0471975199999997 9.773663934804093 2.4058411485741313 72.84879917460161
>> 65.67082744150379 0.4188790079999998 -1.2566370240000002 7.988920182187543 1.5472984646285766 64.1235289768752
>> 60.31545630038691 0.4188790079999998 -1.4660765279999999 6.977740809800236 0.9260261963217352 59.38943010406516
>> 58.170714362502224 0.4188790079999998 -1.6755160319999995 6.640412620312908 0.7345409832952338 57.43617337920699
>> 57.526724696492934 0.4188790079999998 -1.884955536 6.360477141748194 0.843277153949024 56.683447542543924
>> 57.29897399026032 0.4188790079999998 -2.0943950399999998 6.019074228621314 0.9808652235451341 56.318108766715184
>> 57.31051219477211 0.4188790079999998 -2.3038345440000003 5.68848042102642 1.1065701812142432 56.20394201355786
>> 57.84648497058493 0.4188790079999998 -2.513274048 5.447643362520694 1.367186089218409 56.47929888136654
>> 59.65727162412189 0.4188790079999998 -2.7227135519999996 5.418185459282646 2.0485763706564044 57.6086952534655
>> 63.716078831750515 0.4188790079999998 -2.9321530559999993 5.629410689441446 3.086716032935486 60.62936279881503
>> 38087.60780502592 0.2094395040000001 3.14159256 17.73446052031347 -0.0646207553448795 38087.672425781246
>> 5018.445647847043 0.2094395040000001 2.9321530559999998 20.846079467656836 328.8274039140046 4689.618243933035
>> 3689.3243393887064 0.2094395040000001 2.722713552 20.33158068873766 777.856891733485 2911.4674476552227
>> 451.4736792786842 0.2094395040000001 2.513274048 26.706656861478404 72.31283484777255 379.16084443091165
>> 456.78831655534003 0.2094395040000001 2.303834544 27.37097301066976 78.84143123451054 377.94688532082944
>> 537.4900728089837 0.2094395040000001 2.09439504 27.35080271154995 85.41706839563084 452.07300441335263
>> 494.54420878368165 0.2094395040000001 1.8849555359999999 28.08616858833201 67.29919860583298 427.24501017784866
>> 660.9516471745177 0.2094395040000001 1.675516032 27.51711136963292 97.80717434676464 563.1444728277529
>> 634.4040613716755 0.2094395040000001 1.4660765279999999 28.184106044792014 90.59734126701503 543.8067201046603
>> 633.1528678437902 0.2094395040000001 1.256637024 28.506269388993218 103.79804095900928 529.3548268847808
>> 635.7464166018246 0.2094395040000001 1.04719752 28.46763935749465 111.45930773964652 524.287108862178
>> 636.6479053061163 0.2094395040000001 0.837758016 28.047033249579574 100.45420461014757 536.1937006959688
>> 633.4286772894081 0.2094395040000001 0.6283185119999999 27.292030112815265 97.37946591475566 536.0492113746525
>> 613.4101524421575 0.2094395040000001 0.4188790079999998 26.212009673823967 92.32463544816179 521.0855169939956
>> 557.8150929566475 0.2094395040000001 0.2094395040000001 24.92937979736162 56.10286371873529 501.71222923791214
>> 537.6224257359765 0.2094395040000001 0.0 23.317549612941097 67.90052514856156 469.721900587415
>> 520.1544611856591 0.2094395040000001 -0.2094395040000001 21.569392244231132 71.10352678774824 449.0509343979108
>> 503.0176763067857 0.2094395040000001 -0.4188790079999998 19.859870702222228 67.77148685192198 435.2461894548638
>> 474.9591433840887 0.2094395040000001 -0.6283185119999999 18.275349934941612 65.89408894422239 409.06505443986606
>> 450.17557886446707 0.2094395040000001 -0.837758016 16.87696783728368 60.25670944389215 389.9188694205748
>> 441.11641018202965 0.2094395040000001 -1.0471975199999997 15.733825115093994 58.314191698569154 382.8022184834603
>> 428.93996264235284 0.2094395040000001 -1.2566370240000002 14.951559076477789 52.406601381298294 376.5333612610544
>> 425.92780415679465 0.2094395040000001 -1.4660765279999999 14.60487710315584 50.03160520168562 375.89619895510884
>> 428.51186169536135 0.2094395040000001 -1.6755160319999995 14.809934560835643 48.24972364182266 380.26213805353865
>> 429.3645079526003 0.2094395040000001 -1.884955536 15.409321812239028 46.10072126731601 383.2637866852842
>> 423.34287648417967 0.2094395040000001 -2.0943950399999998 16.50286456540653 44.00831590804933 379.33456057613034
>> 427.7484224695849 0.2094395040000001 -2.3038345440000003 18.058437200559435 44.7754138512683 382.9730086183166
>> 429.99881311920933 0.2094395040000001 -2.513274048 19.55754487055527 46.89883495479313 383.0999781644161
>> 436.02642485534125 0.2094395040000001 -2.7227135519999996 20.889473208557018 49.95037785610107 386.0760469992401
>> 243.90584358632367 0.2094395040000001 -2.9321530559999993 9.887280882768556 7.30996345212576 236.5958801341979
>> 75729.52203589582 0.0 3.14159256 23.121683381875552 -0.0637660731195226 75729.58580196895
>> 853.9196889327142 0.0 2.9321530559999998 22.09056270390134 85.24310320944721 768.6765857232667
>> 815.6008444212238 0.0 2.722713552 21.01074634809504 92.67768578325568 722.9231586379681
>> 771.0031074738342 0.0 2.513274048 19.86000243465459 89.35490133062382 681.6482061432107
>> 745.083451380446 0.0 2.303834544 18.670440165393533 90.74150005303032 654.3419513274156
>> 717.9034479353251 0.0 2.09439504 17.667433648895262 87.43197357929662 630.4714743560284
>> 759.1072443204324 0.0 1.8849555359999999 16.94614361722821 129.12452842868456 629.9827158917477
>> 185.3048666691789 0.0 1.675516032 12.307756803067253 15.620891839744123 169.68397482943476
>> 171.5316575371832 0.0 1.4660765279999999 11.50554056355814 12.818030258223615 158.71362727895956
>> 162.74902031511394 0.0 1.256637024 10.809152210830664 10.863698218928077 151.88532209618583
>> 158.2280355990984 0.0 1.04719752 10.337283697076856 9.506328045267486 148.72170755383095
>> 156.74294684953384 0.0 0.837758016 10.18861251370657 8.77756356373108 147.96538328580274
>> 158.123632361676 0.0 0.6283185119999999 10.440458150405327 8.819580335037154 149.3040520266388
>> 159.7094011003206 0.0 0.4188790079999998 11.02733605238208 8.946614191760009 150.76278690856054
>> 143.89055990344286 0.0 0.2094395040000001 10.046789015563288 3.6724433093442928 140.2181165940985
>> 138.72297406392067 0.0 0.0 9.47548467890301 2.3808336785921993 136.34214038532846
>> 129.85855271061405 0.0 -0.2094395040000001 9.055607482149224 4.4604588219012085 125.39809388871285
>> 124.84383104359152 0.0 -0.4188790079999998 9.032022668359954 2.2544017269067647 122.58942931668476
>> 98.90395622761844 0.0 -0.6283185119999999 8.421217563790146 1.6991676158984674 97.20478861171998
>> 92.10259333562773 0.0 -0.837758016 8.009825759762517 0.8834203150846072 91.21917302054314
>> 69.98258322570861 0.0 -1.0471975199999997 6.895898200604603 1.2088173161344389 68.7737659095742
>> 64.01421401179631 0.0 -1.2566370240000002 5.724384019993245 1.7580419485607184 62.256172063235596
>> 65.96368381308135 0.0 -1.4660765279999999 5.250753772584404 2.1980134808805425 63.76567033220079
>> 67.9892604742147 0.0 -1.6755160319999995 4.747851541228039 3.333404031624451 64.65585644259023
>> 69.31779782727642 0.0 -1.884955536 4.475206237043924 4.344953170479076 64.97284465679736
>> 71.01499130874618 0.0 -2.0943950399999998 4.383554169847492 5.148258468809821 65.86673283993633
>> 73.43790559127298 0.0 -2.3038345440000003 4.487626838600243 5.792244805454932 67.64566078581804
>> 75.9730410095102 0.0 -2.513274048 4.696936509198539 6.272448047315483 69.70059296219468
>> 76.6997775237852 0.0 -2.7227135519999996 4.809223675868282 6.4276174061329 70.27216011765229
>> 75.6698409219178 0.0 -2.9321530559999993 4.828217642275374 5.973131393247479 69.69670952867031
>> 19785.079568488218 -0.2094395040000001 3.14159256 24.25663308908596 -0.13537286737299206 19785.21494135558
>> 651.8781196886496 -0.2094395040000001 2.9321530559999998 12.949173438718578 61.88929601152552 589.9888236771241
>> 304.16261322694277 -0.2094395040000001 2.722713552 14.623348932356826 20.9232125137893 283.2394007131535
>> 306.80630561064163 -0.2094395040000001 2.513274048 16.097678727635696 23.75130191596289 283.0550036946788
>> 327.80086860164835 -0.2094395040000001 2.303834544 17.574189927679644 27.170692437158475 300.63017616448985
>> 359.87371105831505 -0.2094395040000001 2.09439504 18.08567584392936 19.835352264886485 340.0383587934284
>> 379.47332245302516 -0.2094395040000001 1.8849555359999999 18.23887939187282 27.374908436633795 352.0984140163912
>> 388.41927466058837 -0.2094395040000001 1.675516032 17.510275128472355 26.319950749532676 362.09932391105576
>> 404.59465100809473 -0.2094395040000001 1.4660765279999999 17.290227350123175 21.096524458912533 383.498126549182
>> 387.8635411117169 -0.2094395040000001 1.256637024 16.411252527329843 42.72846999266663 345.1350711190503
>> 357.5938317293081 -0.2094395040000001 1.04719752 15.096824353302871 50.03259517376485 307.5612365555433
>> 354.30870175080514 -0.2094395040000001 0.837758016 16.14513741031506 27.609872243734696 326.6988295070706
>> 363.1961706248564 -0.2094395040000001 0.6283185119999999 17.32474172168304 27.228538141648283 335.96763248320804
>> 408.17130203791623 -0.2094395040000001 0.4188790079999998 19.00125141792893 27.169014102353557 381.00228793556255
>> 414.9670525167485 -0.2094395040000001 0.2094395040000001 20.237625215684965 27.138062394569417 387.8289901221789
>> 414.32516562175744 -0.2094395040000001 0.0 21.46492754856517 26.459178149342765 387.86598747241464
>> 428.6666300454708 -0.2094395040000001 -0.2094395040000001 22.83749501927734 26.564462734226602 402.10216731124433
>> 421.9311828083143 -0.2094395040000001 -0.4188790079999998 24.36523538811841 23.868865746062347 398.06231706225196
>> 430.6325883309425 -0.2094395040000001 -0.6283185119999999 25.55589642725988 23.495339569367186 407.1372487615753
>> 438.95041647128147 -0.2094395040000001 -0.837758016 26.65947378174354 23.917510651594448 415.032905819687
>> 438.17893490515985 -0.2094395040000001 -1.0471975199999997 27.621664313218755 25.999637483307755 412.17929742185214
>> 444.5468170747627 -0.2094395040000001 -1.2566370240000002 27.905325123679763 29.90636602799254 414.64045104677
>> 451.212983158396 -0.2094395040000001 -1.4660765279999999 27.51634478053475 32.19333828071785 419.01964487767816
>> 461.6215382642613 -0.2094395040000001 -1.6755160319999995 26.44521748506466 35.771470039835954 425.8500682244254
>> 470.75339699807205 -0.2094395040000001 -1.884955536 25.05380685687602 31.74334785673995 439.010049141332
>> 475.2924183051932 -0.2094395040000001 -2.0943950399999998 23.452213247692963 29.151546783015768 446.14087152217735
>> 471.57730320075973 -0.2094395040000001 -2.3038345440000003 22.169692121109428 26.61306058725549 444.96424261350415
>> 472.7358058456449 -0.2094395040000001 -2.513274048 20.77484418896746 22.971732702517226 449.76407314312775
>> 478.2376528258293 -0.2094395040000001 -2.7227135519999996 19.61706072407186 19.069558690228167 459.168094135601
>> 417.46276621462016 -0.2094395040000001 -2.9321530559999993 20.47571678641729 7.309938075839043 410.152828138781
>> 148547.86155183366 -0.4188790079999998 3.14159256 22.914439047460615 -0.0637660731195224 148547.92531790675
>> 5541.327081489628 -0.4188790079999998 2.9321530559999998 15.371355412069171 18.00473571794834 5523.322345771677
>> 149.57329582349468 -0.4188790079999998 2.722713552 14.984534681148414 14.241232581666699 135.33206324182797
>> 130.7806471869143 -0.4188790079999998 2.513274048 14.075259219259937 3.937229589262496 126.84341759765186
>> 105.71656459944612 -0.4188790079999998 2.303834544 11.816656835723487 2.075823550119937 103.64074104932615
>> 84.18682530667023 -0.4188790079999998 2.09439504 10.310625513724649 1.2089672609763706 82.97785804569386
>> 57.57629648002972 -0.4188790079999998 1.8849555359999999 6.390121473128835 0.9562056212908335 56.62009085873887
>> 58.21159513034288 -0.4188790079999998 1.675516032 6.628575024242962 0.8623250937191791 57.349270036623686
>> 60.46465958228196 -0.4188790079999998 1.4660765279999999 6.937083171940211 1.1425327880621068 59.32212679421986
>> 65.81622775513523 -0.4188790079999998 1.256637024 7.748119413574615 1.9192489264043255 63.89697882873089
>> 75.04839136630217 -0.4188790079999998 1.04719752 9.131645582039498 2.951774399089214 72.09661696721294
>> 87.94230950908467 -0.4188790079999998 0.837758016 10.886922700463261 3.9134925507822085 84.02881695830246
>> 103.17159010606534 -0.4188790079999998 0.6283185119999999 12.44797134425022 4.433130010445386 98.73846009561996
>> 110.04674923849144 -0.4188790079999998 0.4188790079999998 9.64170254306227 4.740775303849777 105.3059739346417
>> 112.62429016816607 -0.4188790079999998 0.2094395040000001 9.266248187923473 3.81803379844171 108.8062563697244
>> 107.9003736481222 -0.4188790079999998 0.0 9.470344665162719 4.271233168657222 103.62914047946501
>> 103.3382093009025 -0.4188790079999998 -0.2094395040000001 8.87956006833246 3.1572345707313176 100.1809747301712
>> 90.78877903210473 -0.4188790079999998 -0.4188790079999998 7.60892419223055 1.0547655051859353 89.73401352691882
>> 84.5607913873942 -0.4188790079999998 -0.6283185119999999 7.6177925362896906 0.6273178482587927 83.93347353913542
>> 78.75210744853108 -0.4188790079999998 -0.837758016 7.460290095661812 -0.7320043356462772 79.4841117841774
>> 72.67196860848351 -0.4188790079999998 -1.0471975199999997 7.194915487225119 -1.876107120517513 74.54807572900106
>> 65.50431955170835 -0.4188790079999998 -1.2566370240000002 6.443526514282226 0.3109704839480838 65.19334906776027
>> 64.4597958230348 -0.4188790079999998 -1.4660765279999999 5.003357175026927 2.0690677985112194 62.39072802452358
>> 67.37850550759225 -0.4188790079999998 -1.6755160319999995 4.476813254890935 3.2560682125585325 64.12243729503372
>> 69.77514216351638 -0.4188790079999998 -1.884955536 4.142339683050804 4.465859496258205 65.30928266725817
>> 72.43048532852875 -0.4188790079999998 -2.0943950399999998 3.977520484712494 5.459988808756241 66.97049651977248
>> 75.38432005400864 -0.4188790079999998 -2.3038345440000003 3.912595675579637 6.188220206258975 69.19609984774965
>> 77.04101141355781 -0.4188790079999998 -2.513274048 4.143990808679796 6.610639173508047 70.43037224004975
>> 75.5534269825146 -0.4188790079999998 -2.7227135519999996 4.6030606530636105 6.405583176214429 69.14784380630016
>> 72.29710889533348 -0.4188790079999998 -2.9321530559999993 4.995223834945542 5.564288323139832 66.73282057219365
>> 192930.75159767776 -0.6283185119999999 3.14159256 9.831031066259666 -0.06376607311952263 192930.8153637509
>> 8323.65334472593 -0.6283185119999999 2.9321530559999998 12.961089977281846 -0.0996961035340136 8323.753040829472
>> 666.2926604593879 -0.6283185119999999 2.722713552 18.791759485466443 104.6173954093429 561.675265050045
>> 175.38511406014356 -0.6283185119999999 2.513274048 19.156564611270156 2.221966067913752 173.16314799222974
>> 114.48866307874172 -0.6283185119999999 2.303834544 13.037153696721667 -0.32519641333928434 114.81385949208105
>> 98.03696072575153 -0.6283185119999999 2.09439504 10.68522041101132 -1.0326234976513489 99.06958422340287
>> 78.38065440912412 -0.6283185119999999 1.8849555359999999 7.983195236944978 -0.46888047880808204 78.84953488793225
>> 70.37656676917607 -0.6283185119999999 1.675516032 6.909140786156667 0.6302296669756097 69.74633710220048
>> 65.17227170599742 -0.6283185119999999 1.4660765279999999 6.3299473953533285 2.1465443289911192 63.025727377006305
>> 70.90485569638861 -0.6283185119999999 1.256637024 7.59490701491647 2.470074650949313 68.43478104543931
>> 80.5839025532509 -0.6283185119999999 1.04719752 9.357604191416875 2.846567630675356 77.73733492257556
>> 93.72022827014283 -0.6283185119999999 0.837758016 11.106584824716068 2.969930708317867 90.75029756182492
>> 104.4991015766619 -0.6283185119999999 0.6283185119999999 9.322883287688143 2.8256449150345015 101.67345666162738
>> 109.0556934543581 -0.6283185119999999 0.4188790079999998 10.103130650029604 2.174927653810238 106.88076580054788
>> 99.34758171813814 -0.6283185119999999 0.2094395040000001 8.705732545066029 -0.02143912055489635 99.36902083869302
>> 91.86302059795975 -0.6283185119999999 0.0 8.786603075662665 2.1020187680948204 89.76100182986492
>> 80.84422851156734 -0.6283185119999999 -0.2094395040000001 10.41188547280274 3.7857113405906606 77.05851717097663
>> 73.27903873339447 -0.6283185119999999 -0.4188790079999998 9.592520792029804 3.287854561372184 69.99118417202229
>> 66.36688676830062 -0.6283185119999999 -0.6283185119999999 9.197572689154256 2.2503827544682813 64.11650401383233
>> 61.526096946295375 -0.6283185119999999 -0.837758016 9.062993635636273 1.1707218588259805 60.355375087469405
>> 58.938149947148005 -0.6283185119999999 -1.0471975199999997 8.980415829461052 0.3386291778797867 58.59952076926821
>> 58.05895603703091 -0.6283185119999999 -1.2566370240000002 8.842955053887847 0.028721217449890635 58.03023481958102
>> 58.23836394794369 -0.6283185119999999 -1.4660765279999999 8.629505367074504 0.23237586236103852 58.00598808558265
>> 59.05342101195954 -0.6283185119999999 -1.6755160319999995 8.355143751424668 0.6802963297431797 58.37312468221635
>> 60.20205268353597 -0.6283185119999999 -1.884955536 8.031625948364884 1.1582287938707325 59.043823889665255
>> 61.33104811176587 -0.6283185119999999 -2.0943950399999998 7.660376784683334 1.5296700549636566 59.80137805680221
>> 62.071519914892086 -0.6283185119999999 -2.3038345440000003 7.282849442552283 1.723158555665824 60.34836135922626
>> 62.45819843153073 -0.6283185119999999 -2.513274048 7.017910658422308 1.9430850986716635 60.515113332859066
>> 63.53446214461923 -0.6283185119999999 -2.7227135519999996 6.963928148393812 2.5994759232590554 60.93498622136016
>> 66.51362516715555 -0.6283185119999999 -2.9321530559999993 6.964041761560654 3.649020892003999 62.86460427515155
>> 149770.06513810472 -0.837758016 3.14159256 15.719048676768143 -0.06376607311952263 149770.12890417795
>> 654.8513890796895 -0.837758016 2.9321530559999998 13.362798615167428 33.01009419878484 621.8412948809046
>> 515.4967134744239 -0.837758016 2.722713552 13.087236893136247 13.551132265791145 501.94558120863275
>> 464.41462791528755 -0.837758016 2.513274048 12.92083765792601 7.8380402949824255 456.5765876203051
>> 403.4859913123881 -0.837758016 2.303834544 16.907106886514256 22.211612690256462 381.27437862213156
>> 384.7209408363467 -0.837758016 2.09439504 18.044728367955045 13.42489663144311 371.2960442049035
>> 370.074670972973 -0.837758016 1.8849555359999999 19.52416485984281 9.173497202114623 360.9011737708584
>> 354.38061248140247 -0.837758016 1.675516032 21.285184751315768 14.30080573920596 340.07980674219664
>> 331.7622513912765 -0.837758016 1.4660765279999999 23.493864719198772 1.4567106993576429 330.30554069191874
>> 298.221494779777 -0.837758016 1.256637024 25.22757842104574 11.04123057175099 287.1802642080259
>> 220.77431479035224 -0.837758016 1.04719752 25.640393983954127 3.663516553733383 217.11079823661885
>> 116.48640094547069 -0.837758016 0.837758016 15.336784764552773 4.158740807828863 112.32766013764181
>> 98.88370658634467 -0.837758016 0.6283185119999999 11.92278279389259 1.8720246131988443 97.01168197314584
>> 84.90544009458905 -0.837758016 0.4188790079999998 9.01580605744961 3.7577318166063836 81.14770827798269
>> 81.49063025869248 -0.837758016 0.2094395040000001 8.757782903554634 3.2131358233749023 78.27749443531755
>> 75.82933352408469 -0.837758016 0.0 8.078390283885964 2.53616019047251 73.29317333361217
>> 69.3501753135289 -0.837758016 -0.2094395040000001 7.073861555656784 1.8713748493601192 67.47880046416878
>> 63.490218940243686 -0.837758016 -0.4188790079999998 6.3689204949266545 1.248129024097854 62.24208991614581
>> 58.89950838794707 -0.837758016 -0.6283185119999999 5.9345866541322225 0.7732934541645984 58.12621493378247
>> 56.280483705563256 -0.837758016 -0.837758016 5.633734139443421 0.5283932508105212 55.75209045475275
>> 56.32763120053152 -0.837758016 -1.0471975199999997 5.470765463556696 0.4974087464930266 55.83022245403849
>> 58.7622913535655 -0.837758016 -1.2566370240000002 5.300691523587541 0.8179792346208308 57.94431211894466
>> 62.27229695994074 -0.837758016 -1.4660765279999999 4.963508371240235 1.5915501043451332 60.68074685559561
>> 65.30823841564772 -0.837758016 -1.6755160319999995 4.5111623894142605 2.9045929170100258 62.403645498637715
>> 67.48695674049169 -0.837758016 -1.884955536 4.272913189369073 4.205501661357557 63.28145507913412
>> 69.40444641228352 -0.837758016 -2.0943950399999998 4.219661564474652 5.179933737123483 64.22451267516004
>> 70.76722971341442 -0.837758016 -2.3038345440000003 4.326081277627568 5.76598658151112 65.00124313190334
>> 70.11665530968386 -0.837758016 -2.513274048 4.521883059462482 5.9089410321412545 64.20771427754262
>> 67.4761843535771 -0.837758016 -2.7227135519999996 4.583549221959039 5.417579202677573 62.05860515089952
>> 63.909520099946754 -0.837758016 -2.9321530559999993 4.615695487349522 4.402017499779495 59.50750260016727
>> 206903.6504769076 -1.0471975199999997 3.14159256 24.01323109361246 -0.0637660731195226 206903.71424298076
>> 6454.882160239648 -1.0471975199999997 2.9321530559999998 19.270031369782785 -0.31515906276273653 6455.197319302409
>> 220.69099762130887 -1.0471975199999997 2.722713552 15.621786116597903 0.727049693665646 219.96394792764323
>> 201.95243941264582 -1.0471975199999997 2.513274048 16.026683737686724 0.527011384467808 201.42542802817798
>> 156.2846171201839 -1.0471975199999997 2.303834544 20.30399476461957 -0.8446450645944391 157.12926218477833
>> 115.82464208322932 -1.0471975199999997 2.09439504 17.666662065231666 -1.9630262182465357 117.7876683014759
>> 88.54175390492686 -1.0471975199999997 1.8849555359999999 14.176152708464334 0.25127933844100503 88.29047456648586
>> 80.50088208941305 -1.0471975199999997 1.675516032 13.233368374790663 0.021077128344953996 80.47980496106811
>> 69.80741735302291 -1.0471975199999997 1.4660765279999999 7.193088825372909 2.0357984491707386 67.77161890385219
>> 77.90465904044326 -1.0471975199999997 1.256637024 7.756136395879359 1.892459835767911 76.0121992046754
>> 80.20472372265546 -1.0471975199999997 1.04719752 10.07980867171469 1.6448807789300455 78.55984294372544
>> 80.11205528638305 -1.0471975199999997 0.837758016 9.963775983218895 1.9306245343448953 78.18143075203815
>> 79.53314699859577 -1.0471975199999997 0.6283185119999999 9.780515410080554 2.161008695077372 77.37213830351841
>> 78.47509855352668 -1.0471975199999997 0.4188790079999998 9.794233630957965 2.401273069061526 76.07382548446515
>> 76.4620424785885 -1.0471975199999997 0.2094395040000001 9.847431390927735 2.7735324520576206 73.68851002653088
>> 73.23512185685438 -1.0471975199999997 0.0 9.759901378228372 3.0599778646516413 70.17514399220275
>> 69.43032807031476 -1.0471975199999997 -0.2094395040000001 9.685915059275331 2.8181774034103277 66.61215066690444
>> 65.66163612903829 -1.0471975199999997 -0.4188790079999998 9.774473697245059 2.1837553987139553 63.47788073032433
>> 62.263955885507926 -1.0471975199999997 -0.6283185119999999 9.808820947068467 1.3822439486640963 60.881711936843814
>> 59.54437633404893 -1.0471975199999997 -0.837758016 9.75250672924119 0.5390796903485343 59.0052966437004
>> 57.78184848938275 -1.0471975199999997 -1.0471975199999997 9.645542006037225 -0.16853149427682868 57.950379983659595
>> 57.05738253227231 -1.0471975199999997 -1.2566370240000002 9.485535184022487 -0.4405223011556562 57.49790483342793
>> 57.16607487043789 -1.0471975199999997 -1.4660765279999999 9.270425336248529 -0.21893159875334853 57.385006469191254
>> 57.70690315886907 -1.0471975199999997 -1.6755160319999995 8.991111701261211 0.23360753285100258 57.47329562601805
>> 58.28077009273288 -1.0471975199999997 -1.884955536 8.657460553833804 0.6563587167599384 57.62441137597294
>> 58.56044250026362 -1.0471975199999997 -2.0943950399999998 8.279359485615366 0.9029491192042723 57.657493381059346
>> 58.3938746979026 -1.0471975199999997 -2.3038345440000003 7.871127237126825 0.9515129478760997 57.442361750026514
>> 58.12337525453443 -1.0471975199999997 -2.513274048 7.508084537073429 1.1282806434853696 56.99509461104904
>> 58.93680216110351 -1.0471975199999997 -2.7227135519999996 7.26762028354382 1.9721123192923147 56.96468984181121
>> 61.88508092656824 -1.0471975199999997 -2.9321530559999993 7.03457018833196 3.3023118972510157 58.58276902931723
>> 26076.575406837055 -1.2566370240000002 3.14159256 16.878612197535887 -0.1924031637419943 26076.76781000079
>> 928.4192617656785 -1.2566370240000002 2.9321530559999998 20.204628130759122 50.55183687512443 877.867424890554
>> 796.4008360869061 -1.2566370240000002 2.722713552 22.972875541308593 70.4116540909053 725.9891819960005
>> 679.2250082183643 -1.2566370240000002 2.513274048 25.426242214356087 53.47439087965082 625.7506173387134
>> 588.8860135033095 -1.2566370240000002 2.303834544 27.047179189076914 39.46133425727329 549.4246792460361
>> 489.8915262041542 -1.2566370240000002 2.09439504 27.779488836262992 22.502875210601278 467.3886509935528
>> 421.87626834332696 -1.2566370240000002 1.8849555359999999 27.091137373632545 10.664262175723387 411.21200616760365
>> 355.99753384135175 -1.2566370240000002 1.675516032 25.31503058419596 6.476642361719586 349.5208914796321
>> 304.6193390406961 -1.2566370240000002 1.4660765279999999 23.826440091860068 3.756134773471822 300.86320426722426
>> 276.99304140688247 -1.2566370240000002 1.256637024 22.48741339733733 2.803788063343592 274.1892533435389
>> 252.71512227148276 -1.2566370240000002 1.04719752 20.78704753225746 1.9100681874426313 250.80505408404014
>> 228.56310903152715 -1.2566370240000002 0.837758016 18.405016108062892 1.2073899381372586 227.35571909338992
>> 204.22951816055232 -1.2566370240000002 0.6283185119999999 15.564784470319456 0.22254336953902948 204.00697479101322
>> 133.9842719100088 -1.2566370240000002 0.4188790079999998 9.85281357714451 -1.34371061130676 135.32798252131553
>> 91.8680685237758 -1.2566370240000002 0.2094395040000001 6.949643790700013 -1.9725625670108593 93.84063109078672
>> 78.10654387623107 -1.2566370240000002 0.0 6.398584057223214 -0.9500373086300961 79.05658118486116
>> 61.88819746580442 -1.2566370240000002 -0.2094395040000001 6.676854756379349 1.1283678038207117 60.759829661983694
>> 58.96269992670358 -1.2566370240000002 -0.4188790079999998 6.330111013985999 0.6586886878084668 58.30401123889512
>> 56.31936304670511 -1.2566370240000002 -0.6283185119999999 5.969755945879576 0.299897922854828 56.01946512385028
>> 54.71436521540213 -1.2566370240000002 -0.837758016 5.700270062412684 0.11421605650375151 54.60014915889838
>> 55.18923598808054 -1.2566370240000002 -1.0471975199999997 5.543016402231257 0.13037238148992966 55.058863606590606
>> 57.74231493043857 -1.2566370240000002 -1.2566370240000002 5.370116598500386 0.4734672418548603 57.26884768858368
>> 60.829011610504594 -1.2566370240000002 -1.4660765279999999 4.965071645406489 1.214466368965839 59.614545241538735
>> 62.648465655089645 -1.2566370240000002 -1.6755160319999995 4.575736696096574 2.321832281519192 60.32663337357046
>> 63.61782013466447 -1.2566370240000002 -1.884955536 4.347839436332376 3.312624257580101 60.305195877084365
>> 64.28513525038154 -1.2566370240000002 -2.0943950399999998 4.216987899192193 4.023310015841157 60.261825234540396
>> 64.33166428023513 -1.2566370240000002 -2.3038345440000003 4.180890343085904 4.353123929899732 59.97854035033538
>> 63.018094479063166 -1.2566370240000002 -2.513274048 4.214983730082092 4.199572821887357 58.818521657175786
>> 60.63036500360442 -1.2566370240000002 -2.7227135519999996 4.252937934216917 3.526839394492862 57.103525609111564
>> 57.823441471462004 -1.2566370240000002 -2.9321530559999993 4.325582341347415 2.462043241722512 55.36139822973951
>> 5609.947103534992 -1.4660765279999999 3.14159256 22.103896868509967 596.4974484764435 5013.449655058546
>> 391.29616963822497 -1.4660765279999999 2.9321530559999998 27.336359539987704 46.44330300992568 344.8528666282993
>> 368.3204978926347 -1.4660765279999999 2.722713552 26.718805117820963 20.802647168448804 347.51785072418596
>> 367.62052527218543 -1.4660765279999999 2.513274048 25.533381002906648 17.51753495605952 350.10299031612595
>> 342.86664873436405 -1.4660765279999999 2.303834544 21.970711881597268 14.150621813228792 328.71602692113527
>> 330.59641523815077 -1.4660765279999999 2.09439504 19.418728425534113 16.57521944345671 314.02119579469377
>> 322.93665367096804 -1.4660765279999999 1.8849555359999999 16.606317449829806 11.207302499551556 311.72935117141634
>> 314.63400591346755 -1.4660765279999999 1.675516032 14.099451205958818 12.90063706688437 301.73336884658306
>> 305.80237455979534 -1.4660765279999999 1.4660765279999999 11.850473153497477 13.291441671263089 292.51093288853224
>> 296.36320712964164 -1.4660765279999999 1.256637024 9.945436981666393 9.724243918511037 286.63896321113054
>> 294.3997981153903 -1.4660765279999999 1.04719752 21.895064810548845 33.53132632779547 260.8684717875948
>> 128.492340577797 -1.4660765279999999 0.837758016 19.781118422847662 1.3380656335154397 127.15427494428155
>> 105.8672713838984 -1.4660765279999999 0.6283185119999999 17.576654508598185 3.067330210224573 102.79994117367383
>> 100.1077109584744 -1.4660765279999999 0.4188790079999998 16.829494978855852 2.8674080079734137 97.24030295050103
>> 86.82705508214573 -1.4660765279999999 0.2094395040000001 14.042941622255572 0.7320459845541547 86.09500909759159
>> 66.26295495401641 -1.4660765279999999 0.0 8.895501682747291 0.9700026273841316 65.29295232663229
>> 60.925242596309666 -1.4660765279999999 -0.2094395040000001 6.802779292095221 1.1532920849651933 59.77195051134446
>> 58.62482905291862 -1.4660765279999999 -0.4188790079999998 6.451273734725539 0.7599167225248121 57.86491233039379
>> 56.332340250062664 -1.4660765279999999 -0.6283185119999999 6.107422233384713 0.42614193469794615 55.906198315364726
>> 54.91427373723265 -1.4660765279999999 -0.837758016 5.858829615436956 0.25514647949338803 54.65912725773925
>> 55.48314074941866 -1.4660765279999999 -1.0471975199999997 5.723081815413593 0.2776863277771356 55.205454421641505
>> 58.05229042910165 -1.4660765279999999 -1.2566370240000002 5.54946960937698 0.5749151999052287 57.477375229196426
>> 60.83058563162865 -1.4660765279999999 -1.4660765279999999 5.103810678507063 1.1449969927544588 59.6855886388742
>> 62.08504163657322 -1.4660765279999999 -1.6755160319999995 4.71032761197454 1.9904095896228124 60.094632046950395
>> 62.58527708513099 -1.4660765279999999 -1.884955536 4.454111237521261 2.764029079205558 59.82124800592541
>> 62.80582648748853 -1.4660765279999999 -2.0943950399999998 4.299658607831116 3.2923263408533727 59.51350014663514
>> 62.468914167972216 -1.4660765279999999 -2.3038345440000003 4.260285647863522 3.468733862980958 59.00018030499126
>> 61.076001761410204 -1.4660765279999999 -2.513274048 4.303305901366872 3.225400337057756 57.85060142435246
>> 58.90874728358803 -1.4660765279999999 -2.7227135519999996 4.357144675680277 2.562720729977628 56.34602655361039
>> 56.47085045806424 -1.4660765279999999 -2.9321530559999993 4.439074431239632 1.5924046385047976 54.878445819559445
>> 897.349369249421 -1.6755160319999995 3.14159256 14.376732759271894 255.97218157026623 641.3771876791549
>> 745.2548362934242 -1.6755160319999995 2.9321530559999998 14.812857546747503 122.46239832582161 622.7924379676028
>> 731.960584974395 -1.6755160319999995 2.722713552 15.43276676379364 107.30760444233245 624.6529805320625
>> 723.730804791649 -1.6755160319999995 2.513274048 15.998151138377771 87.18916860344505 636.541636188204
>> 696.4904644725518 -1.6755160319999995 2.303834544 16.905546361065444 65.22135872481338 631.2691057477382
>> 632.663240244803 -1.6755160319999995 2.09439504 18.60887600279319 38.28243528870099 594.3808049561019
>> 457.88231974541105 -1.6755160319999995 1.8849555359999999 22.946161226786554 3.6157923382036445 454.2665274072075
>> 418.16694731544845 -1.6755160319999995 1.675516032 24.58399654867031 2.284256512552937 415.88269080289547
>> 375.2727146056345 -1.6755160319999995 1.4660765279999999 25.95097527301946 2.7942181585241586 372.4784964471104
>> 313.5199636141609 -1.6755160319999995 1.256637024 26.115753836824744 3.1204796259818095 310.399483988179
>> 283.92541942923754 -1.6755160319999995 1.04719752 26.404032327434518 4.173332842990295 279.75208658624723
>> 249.60285156459045 -1.6755160319999995 0.837758016 25.65926093409784 3.5940638344795284 246.00878773011084
>> 80.04849440985642 -1.6755160319999995 0.6283185119999999 8.242205491003736 6.416533655324014 73.63196075453244
>> 64.25018327578879 -1.6755160319999995 0.4188790079999998 7.766078610349782 2.175826328389472 62.07435694739932
>> 63.6559890019508 -1.6755160319999995 0.2094395040000001 7.567033004379901 2.060765192742596 61.59522380920822
>> 62.55344328599471 -1.6755160319999995 0.0 7.301249917536318 1.7628311494011615 60.79061213659355
>> 60.93808722247468 -1.6755160319999995 -0.2094395040000001 6.988638169332183 1.3926997966313523 59.545387425843316
>> 58.8959671702221 -1.6755160319999995 -0.4188790079999998 6.644499497649427 1.014656512789715 57.88131065743237
>> 56.75296772500308 -1.6755160319999995 -0.6283185119999999 6.318198379002156 0.6705947999478279 56.08237292505525
>> 55.41687181958492 -1.6755160319999995 -0.837758016 6.091864893574808 0.5038802282337603 54.91299159135115
>> 56.03995460028218 -1.6755160319999995 -1.0471975199999997 5.980513832148559 0.5081295356003273 55.53182506468184
>> 58.60077797896839 -1.6755160319999995 -1.2566370240000002 5.815749886896079 0.7352596787393026 57.86551830022909
>> 61.18904650346855 -1.6755160319999995 -1.4660765279999999 5.364548906818529 1.1652557984493295 60.023790705019216
>> 62.14823987809993 -1.6755160319999995 -1.6755160319999995 4.969129751670665 1.8193320565498505 60.32890782155008
>> 62.37541059789485 -1.6755160319999995 -1.884955536 4.7000741584627255 2.3857881595269848 59.98962243836786
>> 62.302141102403816 -1.6755160319999995 -2.0943950399999998 4.537589831089345 2.727766982243763 59.57437412016005
>> 61.702793422718 -1.6755160319999995 -2.3038345440000003 4.496264582864304 2.7682794115171228 58.93451401120089
>> 60.256989605491384 -1.6755160319999995 -2.513274048 4.529778331622363 2.484750000061218 57.77223960543016
>> 58.24601869164636 -1.6755160319999995 -2.7227135519999996 4.576682065052775 1.888593382769897 56.35742530887644
>> 56.06364647154362 -1.6755160319999995 -2.9321530559999993 4.653132454439416 1.0617647608225325 55.00188171072109
>> 8032.654500263434 -1.884955536 3.14159256 17.9693806990378 1587.3583332327153 6445.296167030718
>> 640.9124343734294 -1.884955536 2.9321530559999998 24.819030044186693 208.7364560206049 432.1759783528245
>> 585.8896272247138 -1.884955536 2.722713552 23.095044581593026 144.0523478846824 441.8372793400314
>> 594.9994638963619 -1.884955536 2.513274048 20.91617234468936 156.87606703237515 438.12339686398695
>> 608.1416112096393 -1.884955536 2.303834544 20.631719560168403 171.0239152197593 437.11769598988
>> 1007.8791963951564 -1.884955536 2.09439504 19.527159036825473 157.1101662198819 850.7690301752747
>> 536.6694480011255 -1.884955536 1.8849555359999999 20.14683580596566 105.09048355334654 431.57896444777896
>> 508.07581833091535 -1.884955536 1.675516032 19.144721175428774 102.16259461143888 405.91322371947643
>> 488.17509832326004 -1.884955536 1.4660765279999999 18.093377506416257 96.07385184037078 392.1012464828892
>> 481.3663715729123 -1.884955536 1.256637024 17.158146862096036 100.30110720292214 381.06526436999013
>> 468.71587491619493 -1.884955536 1.04719752 16.242476806976583 91.45233763639438 377.2635372798006
>> 448.06677559048217 -1.884955536 0.837758016 15.424969052224242 75.12085104867734 372.94592454180474
>> 438.1250005912027 -1.884955536 0.6283185119999999 14.8542909215089 74.07735757654501 364.04764301465775
>> 428.71565261292074 -1.884955536 0.4188790079999998 14.433363920169588 71.04100313638682 357.67464947653394
>> 374.933808085585 -1.884955536 0.2094395040000001 13.163024706114209 45.89131482274719 329.0424932628379
>> 362.9252667696316 -1.884955536 0.0 12.716208980833693 43.65096643389092 319.2743003357407
>> 351.6476907304388 -1.884955536 -0.2094395040000001 12.458428708535333 41.63678814741279 310.01090258302617
>> 343.2732712927391 -1.884955536 -0.4188790079999998 12.257495768647892 42.58089638521465 300.69237490752437
>> 342.33564871625464 -1.884955536 -0.6283185119999999 12.41306032187974 42.13508447809475 300.2005642381599
>> 337.94392836657306 -1.884955536 -0.837758016 12.595419096902596 42.36978178354884 295.57414658302423
>> 346.2399920119769 -1.884955536 -1.0471975199999997 13.320142376242664 42.220958883409075 304.01903312856774
>> 355.6614817410632 -1.884955536 -1.2566370240000002 14.019744634998505 44.34132624242157 311.3201554986416
>> 358.6925329550543 -1.884955536 -1.4660765279999999 14.94043161732798 47.74368500965691 310.94884794539746
>> 378.7553689086751 -1.884955536 -1.6755160319999995 16.156221595284364 53.8092857706217 324.9460831380536
>> 399.22507503029874 -1.884955536 -1.884955536 17.419677329931623 55.70560733858654 343.51946769171207
>> 731.17476992642 -1.884955536 -2.0943950399999998 17.256987973980994 178.47775955063503 552.697010375785
>> 738.1268279749038 -1.884955536 -2.3038345440000003 16.952918490533094 168.71778234370407 569.4090456311997
>> 696.1380348862724 -1.884955536 -2.513274048 17.18940672851151 105.21913076063238 590.91890412564
>> 766.2688695098574 -1.884955536 -2.7227135519999996 16.38045607401975 109.58073000497158 656.6881395048858
>> 833.1545001856055 -1.884955536 -2.9321530559999993 15.278877881261902 111.35050914795676 721.8039910376488
>> 39365.40063985272 -2.0943950399999998 3.14159256 14.051269228673107 0.10537409672968907 39365.29526575598
>> 546.813021798997 -2.0943950399999998 2.9321530559999998 10.235451398862443 76.4767182518588 470.33630354713824
>> 472.00562386626507 -2.0943950399999998 2.722713552 9.514602860824233 23.787967513573868 448.217656352691
>> 454.31137863974504 -2.0943950399999998 2.513274048 9.421908037998282 22.03180764006597 432.27957099967904
>> 476.3828860736322 -2.0943950399999998 2.303834544 8.808356239408608 16.652230314825676 459.7306557588066
>> 459.13225010386503 -2.0943950399999998 2.09439504 8.985136445755982 24.87613212839244 434.2561179754724
>> 460.72651599795563 -2.0943950399999998 1.8849555359999999 9.44719185269843 17.771579692397584 442.9549363055581
>> 466.682727030195 -2.0943950399999998 1.675516032 10.080319487832117 17.351250233320773 449.33147679687414
>> 432.9383126224385 -2.0943950399999998 1.4660765279999999 14.638554630765348 24.710820947212877 408.2274916752258
>> 449.9525677014288 -2.0943950399999998 1.256637024 15.198373314359293 18.483097947822348 431.4694697536064
>> 481.15768295921384 -2.0943950399999998 1.04719752 14.967031120553877 36.114856841157085 445.04282611805684
>> 511.4418464802139 -2.0943950399999998 0.837758016 13.859666784944384 27.10207783803781 484.33976864217607
>> 568.7470413829851 -2.0943950399999998 0.6283185119999999 12.75684421186425 26.68617162797004 542.0608697550151
>> 580.9428482910855 -2.0943950399999998 0.4188790079999998 12.514540160671134 22.38823763315454 558.5546106579309
>> 621.1690774333953 -2.0943950399999998 0.2094395040000001 11.882743503230587 22.79335332958683 598.3757241038084
>> 654.2283366045644 -2.0943950399999998 0.0 11.588729651359978 20.450933421196112 633.7774031833683
>> 657.3052456278948 -2.0943950399999998 -0.2094395040000001 13.61184781544259 65.5285339183904 591.7767117095043
>> 655.0440309018106 -2.0943950399999998 -0.4188790079999998 15.027853535999018 63.422924408965976 591.6211064928445
>> 631.5292196875746 -2.0943950399999998 -0.6283185119999999 17.556614959100692 28.453805853307525 603.075413834267
>> 653.7323181877375 -2.0943950399999998 -0.837758016 18.78208558379533 54.495217523214905 599.2371006645225
>> 485.4966887273867 -2.0943950399999998 -1.0471975199999997 11.807228752344983 29.544354942066086 455.95233378532043
>> 465.2370469933777 -2.0943950399999998 -1.2566370240000002 12.433750235797257 23.178786595804404 442.0582603975731
>> 464.18739343266816 -2.0943950399999998 -1.4660765279999999 12.67409361965319 29.92352999575798 434.26386343691007
>> 440.8902626135957 -2.0943950399999998 -1.6755160319999995 12.720016370603163 19.669675637279695 421.22058697631593
>> 424.46724001450195 -2.0943950399999998 -1.884955536 14.330697888455173 17.82229340587002 406.644946608632
>> 436.3312439046041 -2.0943950399999998 -2.0943950399999998 16.168577539990178 18.966873375204763 417.36437052939925
>> 459.88499931641365 -2.0943950399999998 -2.3038345440000003 17.8622321399105 24.60377973918092 435.28121957723266
>> 494.56242725957975 -2.0943950399999998 -2.513274048 19.36666054184002 33.6169596331036 460.9454676264762
>> 522.2820171661133 -2.0943950399999998 -2.7227135519999996 20.62429703072229 37.482488834924396 484.7995283311888
>> 562.7924328024844 -2.0943950399999998 -2.9321530559999993 22.35196192498143 58.66846679219786 504.12396601028644
>> 35458.51272049209 -2.3038345440000003 3.14159256 17.96963182349086 -0.21364342553689977 35458.726363917616
>> 197.46661403302573 -2.3038345440000003 2.9321530559999998 12.82995538526214 2.1296959482433744 195.3369180847823
>> 193.90364157958868 -2.3038345440000003 2.722713552 13.391785527330379 -0.6243868122037016 194.5280283917924
>> 152.75986055546727 -2.3038345440000003 2.513274048 11.318357502359628 -1.306329354575456 154.06618991004274
>> 136.86803342274175 -2.3038345440000003 2.303834544 12.20421841489014 -1.8451609339602462 138.71319435670196
>> 117.93286649459264 -2.3038345440000003 2.09439504 13.048481766431998 -2.089547374947332 120.02241386954
>> 106.11609252889306 -2.3038345440000003 1.8849555359999999 15.265212691379956 -2.286024924842387 108.40211745373543
>> 92.2040221096106 -2.3038345440000003 1.675516032 16.49488077600927 -2.143774443555029 94.34779655316567
>> 76.97915637901333 -2.3038345440000003 1.4660765279999999 14.266709329563248 0.1276664829753326 76.851489896038
>> 69.31072487721362 -2.3038345440000003 1.256637024 13.05470501006025 0.9878168296976304 68.32290804751598
>> 68.76977541111611 -2.3038345440000003 1.04719752 12.598668756505504 1.3937343715488852 67.37604103956723
>> 69.62757849140041 -2.3038345440000003 0.837758016 12.165821914941173 1.934732982812679 67.69284550858777
>> 71.66702461328977 -2.3038345440000003 0.6283185119999999 11.68908834098353 2.375943908996255 69.29108070429352
>> 69.75896644924725 -2.3038345440000003 0.4188790079999998 10.28696951477066 4.03862888206044 65.72033756718682
>> 71.41223729346672 -2.3038345440000003 0.2094395040000001 10.611192494139672 4.924363927801555 66.48787336566517
>> 72.16235081092543 -2.3038345440000003 0.0 10.876443196027466 5.572461484452678 66.58988932647274
>> 71.74228680227795 -2.3038345440000003 -0.2094395040000001 11.077640389108314 5.635171303001117 66.10711549927684
>> 70.1183067082455 -2.3038345440000003 -0.4188790079999998 11.190605218768825 5.064842498242639 65.05346421000286
>> 67.61397420817342 -2.3038345440000003 -0.6283185119999999 11.20536795806047 4.052009681954995 63.56196452621842
>> 64.87079559555005 -2.3038345440000003 -0.837758016 11.129970318045151 2.8203535968931583 62.05044199865688
>> 62.65996645685484 -2.3038345440000003 -1.0471975199999997 10.981636574303886 1.660911344190545 60.999055112664294
>> 61.43993993751587 -2.3038345440000003 -1.2566370240000002 10.78079856907394 0.9358132761732386 60.50412666134264
>> 61.02078869500529 -2.3038345440000003 -1.4660765279999999 10.52368740022954 0.7634736071660407 60.25731508783925
>> 60.867724819792194 -2.3038345440000003 -1.6755160319999995 10.203516810825224 0.8179639859894267 60.049760833802765
>> 60.61287215737551 -2.3038345440000003 -1.884955536 9.83895879098953 0.8264158373550397 59.78645632002046
>> 60.15790098947129 -2.3038345440000003 -2.0943950399999998 9.449785143904318 0.7387300643624987 59.41917092510879
>> 59.59169075735771 -2.3038345440000003 -2.3038345440000003 9.066246991934529 0.6331311559602336 58.95855960139748
>> 59.31259232234318 -2.3038345440000003 -2.513274048 8.73604782839948 0.7988703485753956 58.513721973767794
>> 60.336419393361425 -2.3038345440000003 -2.7227135519999996 8.53541002876931 1.618960642869635 58.71745875049177
>> 63.62332511818561 -2.3038345440000003 -2.9321530559999993 8.403144609257776 2.822124760972616 60.80120035721301
>> 2271.5634149976245 -2.513274048 3.14159256 15.94743790302079 453.98787626776925 1817.5755387298555
>> 587.0085776631289 -2.513274048 2.9321530559999998 13.996722191250818 39.58768534660963 547.4208923165193
>> 605.6691745631792 -2.513274048 2.722713552 14.992401126462461 61.47729844106232 544.191876122117
>> 616.7014195350471 -2.513274048 2.513274048 15.341604948350279 71.26816513148269 545.4332544035644
>> 595.4562085744923 -2.513274048 2.303834544 15.60440410378313 46.17461939327633 549.2815891812161
>> 590.8285628727529 -2.513274048 2.09439504 15.80716327460904 35.64506164224593 555.1835012305066
>> 583.8810328574632 -2.513274048 1.8849555359999999 15.831918478898967 31.061469239880527 552.8195636175826
>> 570.84725409714 -2.513274048 1.675516032 15.773408245471586 31.549675381507058 539.2975787156329
>> 566.9598830537705 -2.513274048 1.4660765279999999 15.56487004629789 34.25997405291344 532.6999090008569
>> 448.65664229612014 -2.513274048 1.256637024 17.357035451962997 10.34273928288308 438.31390301323705
>> 431.15846446724646 -2.513274048 1.04719752 17.409092332852374 7.966456220108264 423.1920082471381
>> 407.66758147121374 -2.513274048 0.837758016 17.25503661924951 5.946733822832358 401.7208476483814
>> 336.96496871644825 -2.513274048 0.6283185119999999 22.18985724309346 4.359368132284749 332.60560058416354
>> 273.0542450865807 -2.513274048 0.4188790079999998 27.247063336477034 0.4245632442521427 272.6296818423285
>> 207.28433369068338 -2.513274048 0.2094395040000001 29.224201611166944 4.37663598717157 202.90769770351173
>> 149.41584071143518 -2.513274048 0.0 26.088196833078275 10.970256314913346 138.4455843965218
>> 116.94825985224803 -2.513274048 -0.2094395040000001 21.324857427972965 6.980048224518638 109.96821162772942
>> 92.89161926319453 -2.513274048 -0.4188790079999998 17.53341570134416 6.297071477678167 86.59454778551638
>> 70.68453963767718 -2.513274048 -0.6283185119999999 12.785052423385766 3.430832702581218 67.25370693509598
>> 64.32184533446377 -2.513274048 -0.837758016 11.087848322625979 2.825556193151837 61.496289141311934
>> 61.99798614183771 -2.513274048 -1.0471975199999997 10.934160124783663 1.5486397905737799 60.449346351263905
>> 60.699851523598724 -2.513274048 -1.2566370240000002 10.729768084551264 0.7382001098825676 59.96165141371615
>> 60.237302528668145 -2.513274048 -1.4660765279999999 10.47477539700783 0.5139836561765756 59.72331887249155
>> 60.077467726001224 -2.513274048 -1.6755160319999995 10.157850795600675 0.5578320023377693 59.51963572366346
>> 59.837083053744124 -2.513274048 -1.884955536 9.79575944060669 0.5684768083668735 59.268606245377235
>> 59.40214435666935 -2.513274048 -2.0943950399999998 9.411699884148673 0.4875212979036872 58.914623058765656
>> 58.84382144557311 -2.513274048 -2.3038345440000003 9.031611800191284 0.3764259471044614 58.46739549846865
>> 58.512916890788844 -2.513274048 -2.513274048 8.699258059385672 0.48754312353654145 58.02537376725229
>> 59.36359312540219 -2.513274048 -2.7227135519999996 8.494369568572404 1.2100144886688202 58.15357863673337
>> 62.46591282110134 -2.513274048 -2.9321530559999993 8.414597955159138 2.3787340661347876 60.08717875496655
>> 1156.0818760066686 -2.7227135519999996 3.14159256 6.704841825645113 3.3368467679162896 1152.745029238752
>> 601.6005111585978 -2.7227135519999996 2.9321530559999998 8.336477285525199 37.65384804599082 563.9466631126069
>> 604.108243615425 -2.7227135519999996 2.722713552 9.805674148544702 46.72390770457215 557.3843359108531
>> 627.4698272018024 -2.7227135519999996 2.513274048 11.28705664774434 67.03756441875284 560.4322627830496
>> 663.7856864689664 -2.7227135519999996 2.303834544 12.70818889285122 94.08133423955692 569.704352229409
>> 666.0722143700382 -2.7227135519999996 2.09439504 13.970204972391254 87.26697892956135 578.8052354404767
>> 677.146724309867 -2.7227135519999996 1.8849555359999999 15.067041976828342 86.43415184839046 590.7125724614765
>> 699.9434504717775 -2.7227135519999996 1.675516032 16.010039530499583 93.43417729107999 606.5092731806974
>> 690.6516404251313 -2.7227135519999996 1.4660765279999999 16.77909656140922 71.9037402986616 618.7479001264694
>> 708.51153824543 -2.7227135519999996 1.256637024 17.361780972817492 76.7699777137117 631.7415605317182
>> 702.4958295049954 -2.7227135519999996 1.04719752 17.749533360716903 63.64898059612532 638.8468489088702
>> 696.5448713993349 -2.7227135519999996 0.837758016 17.857680505023637 61.91277533093199 634.6320960684028
>> 676.1669806914176 -2.7227135519999996 0.6283185119999999 17.664498315322277 56.386918532572224 619.7800621588452
>> 652.4002039666201 -2.7227135519999996 0.4188790079999998 17.242684935244196 49.458526692812335 602.9416772738074
>> 631.7576881673464 -2.7227135519999996 0.2094395040000001 16.721698137148035 44.56562367520309 587.1920644921435
>> 617.8543914584951 -2.7227135519999996 0.0 16.24284544653346 41.18948084513633 576.6649106133586
>> 603.3897834262687 -2.7227135519999996 -0.2094395040000001 15.90657128947414 35.60090721033827 567.7888762159306
>> 584.5281980213917 -2.7227135519999996 -0.4188790079999998 15.739147154399381 27.2868267942389 557.2413712271527
>> 563.7906544225439 -2.7227135519999996 -0.6283185119999999 15.793885943212764 21.67300460655368 542.11764981599
>> 537.4823257523742 -2.7227135519999996 -0.837758016 16.463743661473828 16.22172135389226 521.260604398482
>> 67.34220222533234 -2.7227135519999996 -1.0471975199999997 12.449059120619632 1.901439892343761 65.44076233298857
>> 59.59512712566311 -2.7227135519999996 -1.2566370240000002 10.57427553446611 0.39894789638710515 59.19617922927602
>> 59.106840165163476 -2.7227135519999996 -1.4660765279999999 10.3190406876905 0.14626244547987644 58.96057771968359
>> 58.94261198599175 -2.7227135519999996 -1.6755160319999995 10.005086947305205 0.18599936989270985 58.756612616099055
>> 58.71410292182617 -2.7227135519999996 -1.884955536 9.645802332039713 0.20359445655999553 58.51050846526617
>> 58.2965433426914 -2.7227135519999996 -2.0943950399999998 9.266741167889352 0.12799924166358986 58.168544101027805
>> 57.746459216825116 -2.7227135519999996 -2.3038345440000003 8.888394585290259 0.013670993837511693 57.7327882229876
>> 57.37016461863618 -2.7227135519999996 -2.513274048 8.553071298191302 0.07299221333781065 57.29717240529838
>> 58.04503061398379 -2.7227135519999996 -2.7227135519999996 8.336057360525261 0.6937812550171422 57.35124935896665
>> 60.88929640592747 -2.7227135519999996 -2.9321530559999993 8.275981975195503 1.8029190504432075 59.08637735548424
>> 357869.5496185727 -2.9321530559999993 3.14159256 8.743282222118777 -0.06376607311952244 357869.613384646
>> 13117.597699218763 -2.9321530559999993 2.9321530559999998 11.683892965482853 -0.06537357693479161 13117.663072795704
>> 292.60808960920747 -2.9321530559999993 2.722713552 28.62966608579845 23.530963469266972 269.0771261399405
>> 207.4301754981273 -2.9321530559999993 2.513274048 27.07667629302213 15.30241839131973 192.12775710680756
>> 177.89842195364997 -2.9321530559999993 2.303834544 25.653915870793526 9.749637400890645 168.14878455275942
>> 140.68531228246408 -2.9321530559999993 2.09439504 21.64044204233865 10.235043641762248 130.4502686407019
>> 91.14728078589147 -2.9321530559999993 1.8849555359999999 17.261479186873764 0.6374213732040199 90.50985941268745
>> 55.50123183276182 -2.9321530559999993 1.675516032 9.031978091549812 -0.8236904224327686 56.32492225519458
>> 55.73847150770019 -2.9321530559999993 1.4660765279999999 9.32591624665001 -0.8419964680776304 56.58046797577782
>> 56.53283508830947 -2.9321530559999993 1.256637024 9.573137954890807 -0.40330158032257934 56.93613666863204
>> 58.35707522916984 -2.9321530559999993 1.04719752 9.779779542467777 0.589806689971091 57.767268539198746
>> 60.98791597478876 -2.9321530559999993 0.837758016 9.92420908952137 1.703394661703716 59.28452131308503
>> 63.56985607803581 -2.9321530559999993 0.6283185119999999 9.977434985199737 2.5855280230875315 60.984328054948286
>> 65.24175080350257 -2.9321530559999993 0.4188790079999998 9.913341193203308 3.004934160290804 62.23681664321176
>> 65.6422165588029 -2.9321530559999993 0.2094395040000001 9.73025984143907 2.908176024711012 62.73404053409188
>> 64.95591568087931 -2.9321530559999993 0.0 9.463767371983192 2.5035097405720212 62.4524059403073
>> 63.49509843165807 -2.9321530559999993 -0.2094395040000001 9.152506270354992 1.9799098451565693 61.5151885865015
>> 61.47694684793306 -2.9321530559999993 -0.4188790079999998 8.81735508571103 1.456371617957085 60.02057522997596
>> 59.284651169386755 -2.9321530559999993 -0.6283185119999999 8.51179437361928 0.9983760508357713 58.28627511855099
>> 57.87166613400437 -2.9321530559999993 -0.837758016 8.329275092164966 0.7187299472497034 57.15293618675468
>> 58.44112207194339 -2.9321530559999993 -1.0471975199999997 8.277395911447897 0.6274794945247354 57.813642577418655
>> 61.14352130970922 -2.9321530559999993 -1.2566370240000002 8.196869632339249 0.9036938897411548 60.23982741996806
>> 64.24159928969775 -2.9321530559999993 -1.4660765279999999 7.735711021633212 1.6381482400506033 62.60345104964714
>> 65.33759335530908 -2.9321530559999993 -1.6755160319999995 7.292657926177344 2.395567805953025 62.94202554935606
>> 65.4250510419224 -2.9321530559999993 -1.884955536 7.002748360986385 2.8548257126090424 62.57022532931335
>> 65.09736890825955 -2.9321530559999993 -2.0943950399999998 6.819973169360905 2.9598378835669057 62.137531024692635
>> 64.18237891872927 -2.9321530559999993 -2.3038345440000003 6.753821542292697 2.733466851213517 61.44891206751575
>> 62.53974291405729 -2.9321530559999993 -2.513274048 6.757945814768933 2.3235495316737453 60.216193382383544
>> 60.52131640202097 -2.9321530559999993 -2.7227135519999996 6.779359891880577 1.78140628428484 58.73991011773612
>> 58.43140646803964 -2.9321530559999993 -2.9321530559999993 6.835466375851938 1.1071454673802061 57.32426100065945
