 2.445 10.457  9.182 10.963
 2.396 13.826  7.425  7.173
  -1.2 15.052  7.311  9.206
-2.797 17.128  4.559 10.689
-3.979 20.606  5.546 23.289
-7.588 19.557  4.979 18.403
-7.298 15.981  6.233 19.233
-6.065 17.161  9.628  6.241
-8.681 19.915  9.821  9.037
-11.227 17.143  9.311  9.037
 -9.71 14.962  12.03  9.037
-9.312 17.616 14.723 16.539
-12.968 18.474 14.148 10.963
-14.069 14.856 14.511 23.289
-12.027 14.963 17.717 21.235
-14.018 17.896 19.087 10.689
-11.404  20.64 18.766  6.241
-13.365 23.109 16.641 20.165
-14.08 25.848 19.183 19.938
-12.724 23.927 22.172 14.156
-12.261 26.661 24.776 23.289
-13.14 29.194 22.079 10.689
-10.435 28.571 19.482 14.156
-11.779 28.107 15.961 13.987
-10.673 24.992 14.084  6.241
-8.312 27.181 12.063 10.689
 -6.43 28.273 15.179 19.938
-5.505 24.609 15.559 14.945
-4.492 23.682 12.017  7.173
-2.402 26.857 12.026 18.403
-0.578 26.085 15.269  9.037
  0.12 22.587 13.962  9.037
 1.476 23.709 10.595 10.963
  4.12 25.982 12.108  9.206
  4.71 23.725 15.105 19.233
 5.349 20.531  13.15 13.987
  4.54 20.923  9.459 19.938
   1.7 18.438  9.899  9.206
 4.274 15.746 10.644 19.938
 3.383 13.702 13.723 13.055
 6.824 12.104 13.957 19.006
 8.427 15.463  14.73  9.037
10.622 16.061 17.776 13.055
 12.81  18.94 18.949 19.938
15.147 19.257 21.932 23.289
15.139 22.458 23.991 19.938
18.089 23.781 25.985 13.055
16.589 22.875 29.352 20.165
16.855 19.284  28.17 10.689
13.145 18.685 27.636 13.987
11.971 17.581 24.194 13.055
 8.885 18.518 22.183 20.165
 6.636 15.841   20.7 14.156
 4.046 15.335 17.966 10.689
 1.911 17.349 15.555  6.241
 1.284 19.842 18.359  6.241
 4.742 19.591 19.921 19.006
 3.805 18.812 23.524  6.241
 6.598 19.187 26.079 19.938
 8.135 16.486  28.27 13.987
 8.935 18.674 31.277 23.289
 5.215 18.747 32.059 14.945
 2.811 16.826 29.828 14.945
 4.418 13.486 28.994 18.403
 7.171 11.074 30.027 19.938
 10.02 10.221 27.666 20.165
12.121  9.074  30.62 10.689
 15.05 11.459 30.212 23.289
13.568 14.735 31.414 13.055
    14 15.011 35.179  8.613
11.889 17.797  36.66 10.689
 9.195 15.862  34.82 13.987
  5.53 16.009 35.808 23.289
 3.595 13.783 33.416 19.938
 0.284  15.63 33.645  6.241
-1.035 13.954 30.501 18.403
-0.117 10.529 31.844 19.938
 1.253  9.486 28.457  6.241
 4.713   8.33 27.412  8.613
 5.808 10.997 24.936 18.403
 6.261  8.425 22.176 13.987
 2.489  7.969 22.134  9.037
 2.138 11.547 20.933  6.241
 3.978 10.584 17.749  6.241
 1.743  7.858 16.338 13.987
-0.493  8.474 13.328 13.987
-3.703   8.58 15.349 20.165
-3.676 12.058 16.882  6.241
-6.137 11.073 19.601 13.055
-3.609 11.188 22.439  9.037
-2.271 14.538 21.243 13.987
-5.696 16.168 21.065  7.173
-6.649 14.687 24.429 19.938
-3.491 16.132 25.968 18.403
-3.642 19.372 23.984  9.037
-7.077  19.93 25.515 10.963
-5.564 19.899 29.003 10.963
-2.695 22.188 28.043  6.241
-5.126 24.777 26.684  7.173
-7.754  24.64 29.429 13.987
-5.195 25.028 32.101 20.165
-4.564 28.766  31.85 10.689
-2.659 30.551 29.085 19.938
-4.933 29.247 26.332 10.689
-2.996 28.667 23.113 16.539
-0.252 31.077 24.179 19.938
 1.231  27.86 25.559  9.037
 2.358 27.366 21.961 14.945
 5.094 29.887 21.171  7.173
 4.474 29.226 17.483  9.037
 0.732 29.873  17.67 14.945
 1.321 33.104 19.591 23.289
 3.974 34.485 17.242 19.938
 2.707 33.315 13.854 23.289
-0.977 32.469 14.254 18.403
-2.486 34.814 16.838 10.963
-4.378 37.635 15.138 10.689
-4.023 36.614 11.496 13.055
-7.293 35.432  9.966 20.165
 -6.73 31.751 10.726  7.173
-9.825 30.681  8.823 19.006
-7.629 30.645  5.725  9.037
-6.268 27.322  6.975 14.945
-9.607 25.561  6.574  6.241
-10.68 27.053  3.257 23.289
-11.354 24.358  0.661 10.689
-12.328 21.822  3.316 18.403
-15.407   19.6  3.434 23.289
-15.93 20.242  7.145  6.241
