 0.867679E-02  0.486103E+03  0.808290E+02
 0.960718E-02  0.505939E+03  0.560103E+02
 0.105376E-01  0.493774E+03  0.372452E+02
 0.114680E-01  0.452476E+03  0.231877E+02
 0.123983E-01  0.444446E+03  0.374366E+02
 0.133287E-01  0.436578E+03  0.145656E+02
 0.142591E-01  0.421864E+03  0.108035E+02
 0.151895E-01  0.415312E+03  0.922130E+01
 0.161199E-01  0.397499E+03  0.834402E+01
 0.170503E-01  0.389748E+03  0.737134E+01
 0.179807E-01  0.370563E+03  0.689904E+01
 0.189111E-01  0.346983E+03  0.660763E+01
 0.198415E-01  0.337727E+03  0.640486E+01
 0.207718E-01  0.324980E+03  0.634252E+01
 0.217022E-01  0.312119E+03  0.605355E+01
 0.226326E-01  0.290978E+03  0.589498E+01
 0.235630E-01  0.280854E+03  0.570885E+01
 0.244934E-01  0.270861E+03  0.559225E+01
 0.254238E-01  0.255149E+03  0.537470E+01
 0.263542E-01  0.242944E+03  0.529229E+01
 0.272846E-01  0.235102E+03  0.401357E+01
 0.282149E-01  0.224242E+03  0.393661E+01
 0.291453E-01  0.211707E+03  0.378093E+01
 0.300757E-01  0.206132E+03  0.367405E+01
 0.310061E-01  0.203800E+03  0.358162E+01
 0.319365E-01  0.194718E+03  0.354543E+01
 0.328669E-01  0.183372E+03  0.348050E+01
 0.337973E-01  0.172091E+03  0.338768E+01
 0.347277E-01  0.170774E+03  0.341645E+01
 0.356581E-01  0.166736E+03  0.341359E+01
 0.365884E-01  0.158066E+03  0.335347E+01
 0.375188E-01  0.154363E+03  0.324267E+01
 0.384492E-01  0.149262E+03  0.323804E+01
 0.393796E-01  0.141384E+03  0.319150E+01
 0.403100E-01  0.134370E+03  0.314822E+01
 0.412404E-01  0.131152E+03  0.303195E+01
 0.421708E-01  0.128291E+03  0.294797E+01
 0.431012E-01  0.123596E+03  0.300282E+01
 0.440315E-01  0.121106E+03  0.293036E+01
 0.449619E-01  0.117166E+03  0.285084E+01
 0.458923E-01  0.114687E+03  0.279225E+01
 0.468227E-01  0.113645E+03  0.277548E+01
 0.477531E-01  0.110656E+03  0.273868E+01
 0.486835E-01  0.104408E+03  0.266440E+01
 0.496139E-01  0.985551E+02  0.267931E+01
 0.505443E-01  0.982725E+02  0.269217E+01
 0.514746E-01  0.975818E+02  0.266093E+01
 0.524050E-01  0.911851E+02  0.256305E+01
 0.533354E-01  0.893954E+02  0.250364E+01
 0.542658E-01  0.872833E+02  0.252696E+01
 0.551962E-01  0.869365E+02  0.255020E+01
 0.561266E-01  0.834076E+02  0.256788E+01
 0.570570E-01  0.817806E+02  0.250705E+01
 0.579874E-01  0.775009E+02  0.261903E+01
 0.589178E-01  0.760100E+02  0.149571E+01
 0.598481E-01  0.759755E+02  0.144398E+01
 0.607785E-01  0.744160E+02  0.145967E+01
 0.617089E-01  0.724251E+02  0.147969E+01
 0.626393E-01  0.693884E+02  0.144347E+01
 0.635697E-01  0.677956E+02  0.141139E+01
 0.645001E-01  0.661623E+02  0.138787E+01
 0.654305E-01  0.634496E+02  0.138411E+01
 0.663609E-01  0.650480E+02  0.137882E+01
 0.672912E-01  0.650668E+02  0.135968E+01
 0.682216E-01  0.626845E+02  0.135668E+01
 0.691520E-01  0.609460E+02  0.133844E+01
 0.700824E-01  0.570427E+02  0.134245E+01
 0.710128E-01  0.569175E+02  0.132627E+01
 0.719432E-01  0.555580E+02  0.131808E+01
 0.728736E-01  0.536633E+02  0.127131E+01
 0.738040E-01  0.531482E+02  0.127846E+01
 0.747344E-01  0.555453E+02  0.125782E+01
 0.756647E-01  0.537910E+02  0.124608E+01
 0.765951E-01  0.522050E+02  0.123030E+01
 0.775255E-01  0.504849E+02  0.121087E+01
 0.784559E-01  0.484006E+02  0.121774E+01
 0.793863E-01  0.480052E+02  0.122856E+01
 0.803167E-01  0.484633E+02  0.122235E+01
 0.812471E-01  0.475380E+02  0.121720E+01
 0.821775E-01  0.467742E+02  0.121278E+01
 0.831078E-01  0.479293E+02  0.120850E+01
 0.840382E-01  0.495911E+02  0.123348E+01
 0.849686E-01  0.468479E+02  0.119835E+01
 0.858990E-01  0.437941E+02  0.118450E+01
 0.868294E-01  0.443491E+02  0.116100E+01
 0.877598E-01  0.457783E+02  0.114575E+01
 0.886902E-01  0.439967E+02  0.113861E+01
 0.896206E-01  0.435023E+02  0.113713E+01
 0.905510E-01  0.423699E+02  0.113823E+01
 0.914813E-01  0.426637E+02  0.113523E+01
 0.924117E-01  0.431108E+02  0.112113E+01
 0.933421E-01  0.430548E+02  0.113732E+01
 0.942725E-01  0.423446E+02  0.111871E+01
 0.952029E-01  0.392304E+02  0.111522E+01
 0.961333E-01  0.386781E+02  0.110700E+01
 0.970637E-01  0.385262E+02  0.109949E+01
 0.979941E-01  0.399201E+02  0.110329E+01
 0.989244E-01  0.384812E+02  0.110221E+01
 0.998548E-01  0.361857E+02  0.108725E+01
 0.100785E+00  0.370036E+02  0.106855E+01
 0.101716E+00  0.357864E+02  0.105816E+01
 0.102646E+00  0.355162E+02  0.103790E+01
 0.103576E+00  0.343692E+02  0.102915E+01
 0.104507E+00  0.338754E+02  0.102520E+01
 0.105437E+00  0.346687E+02  0.102337E+01
 0.106368E+00  0.354551E+02  0.101964E+01
 0.107298E+00  0.368502E+02  0.102214E+01
 0.108228E+00  0.356158E+02  0.101739E+01
 0.109159E+00  0.350413E+02  0.102593E+01
 0.110089E+00  0.341805E+02  0.102642E+01
 0.111019E+00  0.351315E+02  0.102620E+01
 0.111950E+00  0.353381E+02  0.102131E+01
 0.112880E+00  0.336521E+02  0.100536E+01
 0.113811E+00  0.321470E+02  0.997996E+00
 0.114741E+00  0.316839E+02  0.982500E+00
 0.115671E+00  0.301948E+02  0.974743E+00
 0.116602E+00  0.305240E+02  0.964152E+00
 0.117532E+00  0.311417E+02  0.968613E+00
 0.118463E+00  0.306332E+02  0.958082E+00
 0.119393E+00  0.317552E+02  0.955121E+00
 0.120323E+00  0.306019E+02  0.954055E+00
 0.121254E+00  0.311291E+02  0.956278E+00
 0.122184E+00  0.308545E+02  0.960877E+00
 0.123115E+00  0.274298E+02  0.954208E+00
 0.124045E+00  0.271543E+02  0.935148E+00
 0.124975E+00  0.281068E+02  0.933786E+00
 0.125906E+00  0.283639E+02  0.928602E+00
 0.126836E+00  0.285776E+02  0.935489E+00
 0.127766E+00  0.282573E+02  0.928501E+00
 0.128697E+00  0.272895E+02  0.927960E+00
 0.129627E+00  0.281783E+02  0.925747E+00
 0.130558E+00  0.286496E+02  0.923939E+00
 0.131488E+00  0.277037E+02  0.921452E+00
 0.132418E+00  0.266909E+02  0.916446E+00
 0.133349E+00  0.275677E+02  0.923829E+00
 0.134279E+00  0.251887E+02  0.921562E+00
 0.135210E+00  0.242362E+02  0.910930E+00
 0.136140E+00  0.256309E+02  0.903165E+00
 0.137070E+00  0.261585E+02  0.910302E+00
 0.138001E+00  0.249089E+02  0.906355E+00
 0.138931E+00  0.242366E+02  0.901431E+00
 0.139862E+00  0.236985E+02  0.886909E+00
 0.140792E+00  0.257912E+02  0.887992E+00
 0.141722E+00  0.257138E+02  0.890137E+00
 0.142653E+00  0.235647E+02  0.891074E+00
 0.143583E+00  0.226964E+02  0.884702E+00
 0.144513E+00  0.233324E+02  0.887938E+00
 0.145444E+00  0.244472E+02  0.959109E+00
 0.146374E+00  0.236959E+02  0.864663E+00
 0.147305E+00  0.239751E+02  0.633147E+00
 0.148235E+00  0.242138E+02  0.624592E+00
 0.149165E+00  0.236385E+02  0.622945E+00
 0.150096E+00  0.228574E+02  0.624677E+00
 0.151026E+00  0.228121E+02  0.625753E+00
 0.151957E+00  0.215742E+02  0.622791E+00
 0.152887E+00  0.219585E+02  0.618507E+00
 0.153817E+00  0.229667E+02  0.620000E+00
 0.154748E+00  0.231499E+02  0.622831E+00
 0.155678E+00  0.229467E+02  0.615323E+00
 0.156609E+00  0.230549E+02  0.613699E+00
 0.157539E+00  0.220409E+02  0.609136E+00
 0.158469E+00  0.221739E+02  0.603141E+00
 0.159400E+00  0.230290E+02  0.593065E+00
 0.160330E+00  0.219184E+02  0.592069E+00
 0.161260E+00  0.213432E+02  0.593606E+00
 0.162191E+00  0.211290E+02  0.588884E+00
 0.163121E+00  0.204747E+02  0.583271E+00
 0.164052E+00  0.210713E+02  0.584265E+00
 0.164982E+00  0.219715E+02  0.590756E+00
 0.165912E+00  0.222443E+02  0.588977E+00
 0.166843E+00  0.217194E+02  0.588969E+00
 0.167773E+00  0.208582E+02  0.590550E+00
 0.168704E+00  0.213840E+02  0.598338E+00
 0.169634E+00  0.212474E+02  0.600273E+00
 0.170564E+00  0.215669E+02  0.593864E+00
 0.171495E+00  0.212144E+02  0.593237E+00
 0.172425E+00  0.205748E+02  0.592794E+00
 0.173356E+00  0.206157E+02  0.589692E+00
 0.174286E+00  0.203705E+02  0.582541E+00
 0.175216E+00  0.204753E+02  0.577714E+00
 0.176147E+00  0.208303E+02  0.573298E+00
 0.177077E+00  0.205405E+02  0.571080E+00
 0.178007E+00  0.205046E+02  0.564790E+00
 0.178938E+00  0.202648E+02  0.563727E+00
 0.179868E+00  0.199043E+02  0.563094E+00
 0.180799E+00  0.200435E+02  0.568037E+00
 0.181729E+00  0.196357E+02  0.569316E+00
 0.182659E+00  0.188975E+02  0.562776E+00
 0.183590E+00  0.190251E+02  0.558706E+00
 0.184520E+00  0.196467E+02  0.567324E+00
 0.185451E+00  0.198605E+02  0.565331E+00
 0.186381E+00  0.183506E+02  0.554816E+00
 0.187311E+00  0.182763E+02  0.551797E+00
 0.188242E+00  0.198592E+02  0.550689E+00
 0.189172E+00  0.192339E+02  0.550482E+00
 0.190102E+00  0.188011E+02  0.549373E+00
 0.191033E+00  0.183075E+02  0.547139E+00
 0.191963E+00  0.173280E+02  0.549921E+00
 0.192894E+00  0.176866E+02  0.546515E+00
 0.193824E+00  0.188054E+02  0.543977E+00
 0.194754E+00  0.187683E+02  0.548603E+00
 0.195685E+00  0.178708E+02  0.547100E+00
 0.196615E+00  0.175372E+02  0.549610E+00
 0.197546E+00  0.169806E+02  0.550740E+00
 0.198476E+00  0.176466E+02  0.550646E+00
 0.199406E+00  0.184693E+02  0.547214E+00
 0.200337E+00  0.186820E+02  0.544584E+00
 0.201267E+00  0.169073E+02  0.543661E+00
 0.202198E+00  0.157552E+02  0.547391E+00
 0.203128E+00  0.157052E+02  0.536085E+00
 0.204058E+00  0.175922E+02  0.533718E+00
 0.204989E+00  0.185994E+02  0.529332E+00
 0.205919E+00  0.178374E+02  0.531392E+00
 0.206849E+00  0.176581E+02  0.530397E+00
 0.207780E+00  0.181467E+02  0.534363E+00
 0.208710E+00  0.176253E+02  0.532719E+00
 0.209641E+00  0.171309E+02  0.529653E+00
 0.210571E+00  0.181241E+02  0.526094E+00
 0.211501E+00  0.183563E+02  0.525088E+00
 0.212432E+00  0.180724E+02  0.521547E+00
 0.213362E+00  0.176252E+02  0.518025E+00
 0.214293E+00  0.158010E+02  0.511856E+00
 0.215223E+00  0.169572E+02  0.509385E+00
 0.216153E+00  0.175491E+02  0.510875E+00
 0.217084E+00  0.167349E+02  0.507767E+00
 0.218014E+00  0.171993E+02  0.504668E+00
 0.218945E+00  0.175359E+02  0.503384E+00
 0.219875E+00  0.167109E+02  0.504474E+00
 0.220805E+00  0.160579E+02  0.500135E+00
 0.221736E+00  0.168213E+02  0.502534E+00
 0.222666E+00  0.172696E+02  0.497013E+00
 0.223596E+00  0.184794E+02  0.499107E+00
 0.224527E+00  0.175347E+02  0.497638E+00
 0.225457E+00  0.162465E+02  0.494289E+00
 0.226388E+00  0.169547E+02  0.493521E+00
 0.227318E+00  0.165097E+02  0.499789E+00
 0.228248E+00  0.155473E+02  0.508222E+00
 0.229179E+00  0.159434E+02  0.512199E+00
 0.230109E+00  0.156027E+02  0.511955E+00
 0.231040E+00  0.150830E+02  0.512099E+00
 0.231970E+00  0.149850E+02  0.516467E+00
 0.232900E+00  0.149270E+02  0.518428E+00
 0.233831E+00  0.149461E+02  0.520182E+00
 0.234761E+00  0.154547E+02  0.513207E+00
 0.235692E+00  0.155969E+02  0.507860E+00
 0.236622E+00  0.144826E+02  0.509526E+00
 0.237552E+00  0.147462E+02  0.509598E+00
 0.238483E+00  0.154356E+02  0.527765E+00
 0.239413E+00  0.150806E+02  0.466579E+00
 0.240343E+00  0.148892E+02  0.472012E+00
 0.241274E+00  0.156928E+02  0.476522E+00
 0.242204E+00  0.161297E+02  0.473873E+00
 0.243135E+00  0.168583E+02  0.477259E+00
 0.244065E+00  0.161353E+02  0.481368E+00
 0.244995E+00  0.162842E+02  0.480850E+00
 0.245926E+00  0.159401E+02  0.477246E+00
 0.246856E+00  0.152000E+02  0.473049E+00
 0.247787E+00  0.153433E+02  0.471917E+00
 0.248717E+00  0.157108E+02  0.471499E+00
 0.249647E+00  0.152669E+02  0.468973E+00
 0.250578E+00  0.162612E+02  0.468339E+00
 0.251508E+00  0.157167E+02  0.470852E+00
 0.252438E+00  0.150549E+02  0.470615E+00
 0.253369E+00  0.150101E+02  0.466731E+00
 0.254299E+00  0.152153E+02  0.470491E+00
 0.255230E+00  0.152394E+02  0.475023E+00
 0.256160E+00  0.154435E+02  0.475855E+00
 0.257090E+00  0.149769E+02  0.473743E+00
 0.258021E+00  0.153475E+02  0.471004E+00
 0.258951E+00  0.151272E+02  0.465616E+00
 0.259882E+00  0.147104E+02  0.468202E+00
 0.260812E+00  0.147350E+02  0.469302E+00
 0.261742E+00  0.138350E+02  0.463060E+00
 0.262673E+00  0.139602E+02  0.461204E+00
 0.263603E+00  0.146862E+02  0.461399E+00
 0.264534E+00  0.153208E+02  0.463624E+00
 0.265464E+00  0.146352E+02  0.463941E+00
 0.266394E+00  0.141710E+02  0.467252E+00
 0.267325E+00  0.139983E+02  0.462796E+00
 0.268255E+00  0.133540E+02  0.462856E+00
 0.269185E+00  0.135299E+02  0.461760E+00
 0.270116E+00  0.137143E+02  0.461757E+00
 0.271046E+00  0.142654E+02  0.461549E+00
 0.271977E+00  0.138577E+02  0.468788E+00
 0.272907E+00  0.133447E+02  0.470275E+00
 0.273837E+00  0.135113E+02  0.467519E+00
 0.274768E+00  0.138240E+02  0.468105E+00
 0.275698E+00  0.137575E+02  0.467048E+00
 0.276629E+00  0.142360E+02  0.467742E+00
 0.277559E+00  0.149495E+02  0.466524E+00
 0.278489E+00  0.143166E+02  0.468247E+00
 0.279420E+00  0.136392E+02  0.469037E+00
 0.280350E+00  0.142991E+02  0.471589E+00
 0.281281E+00  0.146778E+02  0.473161E+00
 0.282211E+00  0.132960E+02  0.474722E+00
 0.283141E+00  0.128658E+02  0.478394E+00
 0.284072E+00  0.132907E+02  0.480231E+00
 0.285002E+00  0.135912E+02  0.481325E+00
 0.285932E+00  0.130786E+02  0.487412E+00
 0.286863E+00  0.127112E+02  0.492245E+00
 0.287793E+00  0.130766E+02  0.494671E+00
 0.288724E+00  0.138358E+02  0.498576E+00
 0.289654E+00  0.139625E+02  0.501156E+00
 0.290584E+00  0.136461E+02  0.506654E+00
 0.291515E+00  0.125849E+02  0.506605E+00
 0.292445E+00  0.115178E+02  0.508130E+00
 0.293376E+00  0.117320E+02  0.512305E+00
 0.294306E+00  0.123360E+02  0.519137E+00
 0.295236E+00  0.124946E+02  0.522669E+00
 0.296167E+00  0.125794E+02  0.527480E+00
 0.297097E+00  0.129876E+02  0.529134E+00
 0.298028E+00  0.129792E+02  0.533183E+00
 0.298958E+00  0.133663E+02  0.541797E+00
 0.299888E+00  0.138123E+02  0.547411E+00
 0.300819E+00  0.134840E+02  0.544969E+00
 0.301749E+00  0.131407E+02  0.542464E+00
 0.302679E+00  0.129870E+02  0.545606E+00
 0.303610E+00  0.135590E+02  0.548119E+00
 0.304540E+00  0.135310E+02  0.551051E+00
 0.305471E+00  0.133961E+02  0.548017E+00
 0.306401E+00  0.120657E+02  0.542289E+00
 0.307331E+00  0.121292E+02  0.547192E+00
 0.308262E+00  0.122934E+02  0.550921E+00
 0.309192E+00  0.124874E+02  0.553002E+00
 0.310123E+00  0.124374E+02  0.568325E+00
 0.311053E+00  0.116880E+02  0.569786E+00
 0.311983E+00  0.126113E+02  0.575052E+00
 0.312914E+00  0.128566E+02  0.578921E+00
 0.313844E+00  0.127632E+02  0.582057E+00
 0.314775E+00  0.124934E+02  0.580818E+00
 0.315705E+00  0.118555E+02  0.585173E+00
 0.316635E+00  0.114473E+02  0.586499E+00
 0.317566E+00  0.115921E+02  0.587366E+00
 0.318496E+00  0.124515E+02  0.585726E+00
 0.319426E+00  0.123634E+02  0.584294E+00
 0.320357E+00  0.122612E+02  0.591108E+00
 0.321287E+00  0.117187E+02  0.592465E+00
 0.322218E+00  0.116115E+02  0.596211E+00
 0.323148E+00  0.116432E+02  0.604281E+00
 0.324078E+00  0.126682E+02  0.600788E+00
 0.325009E+00  0.124085E+02  0.599896E+00
 0.325939E+00  0.124529E+02  0.598900E+00
 0.326870E+00  0.122630E+02  0.603294E+00
 0.327800E+00  0.115847E+02  0.609820E+00
 0.328730E+00  0.112087E+02  0.614036E+00
 0.329661E+00  0.124862E+02  0.624005E+00
 0.330591E+00  0.131821E+02  0.630419E+00
 0.331521E+00  0.140861E+02  0.630386E+00
 0.332452E+00  0.138775E+02  0.629501E+00
 0.333382E+00  0.132802E+02  0.624961E+00
 0.334313E+00  0.124050E+02  0.622860E+00
 0.335243E+00  0.120181E+02  0.629851E+00
 0.336173E+00  0.131472E+02  0.629170E+00
 0.337104E+00  0.125051E+02  0.627097E+00
 0.338034E+00  0.121615E+02  0.622727E+00
 0.338965E+00  0.124302E+02  0.630630E+00
 0.339895E+00  0.117428E+02  0.645179E+00
 0.340825E+00  0.115347E+02  0.641512E+00
 0.341756E+00  0.111759E+02  0.651982E+00
 0.342686E+00  0.111415E+02  0.660558E+00
 0.343617E+00  0.105700E+02  0.676976E+00
 0.344547E+00  0.112057E+02  0.670111E+00
 0.345477E+00  0.122529E+02  0.670687E+00
 0.346408E+00  0.131747E+02  0.672365E+00
 0.347338E+00  0.128064E+02  0.676080E+00
 0.348268E+00  0.120454E+02  0.673131E+00
 0.349199E+00  0.112288E+02  0.672246E+00
 0.350129E+00  0.105651E+02  0.669235E+00
 0.351060E+00  0.106081E+02  0.671675E+00
 0.351990E+00  0.107231E+02  0.670302E+00
 0.352920E+00  0.110655E+02  0.680789E+00
 0.353851E+00  0.992766E+01  0.712025E+00
 0.354781E+00  0.109040E+02  0.707309E+00
 0.355712E+00  0.106631E+02  0.693558E+00
 0.356642E+00  0.113455E+02  0.693166E+00
 0.357572E+00  0.122101E+02  0.696924E+00
 0.358503E+00  0.118857E+02  0.708016E+00
 0.359433E+00  0.118055E+02  0.714630E+00
 0.360364E+00  0.106295E+02  0.706200E+00
 0.361294E+00  0.929143E+01  0.706238E+00
 0.362224E+00  0.874307E+01  0.707439E+00
 0.363155E+00  0.101426E+02  0.710246E+00
 0.364085E+00  0.115475E+02  0.707290E+00
 0.365015E+00  0.112739E+02  0.697821E+00
 0.365946E+00  0.121126E+02  0.696442E+00
 0.366876E+00  0.111573E+02  0.698098E+00
 0.367807E+00  0.104168E+02  0.703552E+00
 0.368737E+00  0.104957E+02  0.713293E+00
 0.369667E+00  0.100246E+02  0.699603E+00
 0.370598E+00  0.106650E+02  0.712620E+00
 0.371528E+00  0.972250E+01  0.707856E+00
 0.372459E+00  0.853503E+01  0.719892E+00
 0.373389E+00  0.876052E+01  0.719583E+00
 0.374319E+00  0.930646E+01  0.723504E+00
 0.375250E+00  0.106596E+02  0.733168E+00
 0.376180E+00  0.109867E+02  0.730888E+00
 0.377111E+00  0.111091E+02  0.724540E+00
 0.378041E+00  0.107344E+02  0.721338E+00
 0.378971E+00  0.921831E+01  0.714514E+00
 0.379902E+00  0.941403E+01  0.711937E+00
 0.380832E+00  0.105175E+02  0.709446E+00
 0.381762E+00  0.962073E+01  0.700980E+00
 0.382693E+00  0.108441E+02  0.709512E+00
 0.383623E+00  0.109291E+02  0.705328E+00
 0.384554E+00  0.926177E+01  0.722912E+00
 0.385484E+00  0.886614E+01  0.717200E+00
 0.386414E+00  0.938036E+01  0.728484E+00
 0.387345E+00  0.897648E+01  0.723960E+00
 0.388275E+00  0.994147E+01  0.743355E+00
 0.389206E+00  0.104952E+02  0.736290E+00
 0.390136E+00  0.106500E+02  0.730007E+00
 0.391066E+00  0.120358E+02  0.732484E+00
 0.391997E+00  0.111592E+02  0.735593E+00
 0.392927E+00  0.105716E+02  0.717936E+00
 0.393858E+00  0.988561E+01  0.711026E+00
 0.394788E+00  0.991791E+01  0.707881E+00
 0.395718E+00  0.101671E+02  0.702501E+00
 0.396649E+00  0.106317E+02  0.710956E+00
 0.397579E+00  0.107215E+02  0.713316E+00
 0.398509E+00  0.909916E+01  0.718235E+00
 0.399440E+00  0.887273E+01  0.729502E+00
 0.400370E+00  0.999165E+01  0.748355E+00
 0.401301E+00  0.101903E+02  0.748494E+00
 0.402231E+00  0.988387E+01  0.743304E+00
 0.403161E+00  0.856604E+01  0.731470E+00
 0.404092E+00  0.916126E+01  0.724138E+00
 0.405022E+00  0.946415E+01  0.721063E+00
 0.405953E+00  0.950046E+01  0.719998E+00
 0.406883E+00  0.943289E+01  0.717908E+00
 0.407813E+00  0.905284E+01  0.711614E+00
 0.408744E+00  0.911798E+01  0.717249E+00
 0.409674E+00  0.966647E+01  0.718095E+00
 0.410604E+00  0.896063E+01  0.727320E+00
 0.411535E+00  0.926872E+01  0.733956E+00
 0.412465E+00  0.102587E+02  0.743079E+00
 0.413396E+00  0.975695E+01  0.747678E+00
 0.414326E+00  0.930450E+01  0.745543E+00
 0.415256E+00  0.923360E+01  0.729009E+00
 0.416187E+00  0.871492E+01  0.724607E+00
 0.417117E+00  0.990806E+01  0.729705E+00
 0.418048E+00  0.103997E+02  0.725258E+00
 0.418978E+00  0.108729E+02  0.735275E+00
 0.419908E+00  0.927006E+01  0.733830E+00
 0.420839E+00  0.868701E+01  0.733992E+00
 0.421769E+00  0.102994E+02  0.742086E+00
 0.422700E+00  0.952011E+01  0.746747E+00
 0.423630E+00  0.908079E+01  0.748967E+00
 0.424560E+00  0.852069E+01  0.744385E+00
 0.425491E+00  0.953319E+01  0.734590E+00
 0.426421E+00  0.968563E+01  0.738994E+00
 0.427351E+00  0.971427E+01  0.734146E+00
 0.428282E+00  0.108624E+02  0.724791E+00
 0.429212E+00  0.116537E+02  0.731789E+00
 0.430143E+00  0.105775E+02  0.726281E+00
 0.431073E+00  0.980341E+01  0.733437E+00
 0.432003E+00  0.104125E+02  0.740738E+00
 0.432934E+00  0.110898E+02  0.734560E+00
 0.433864E+00  0.984991E+01  0.738845E+00
 0.434795E+00  0.873080E+01  0.730585E+00
 0.435725E+00  0.845685E+01  0.738846E+00
 0.436655E+00  0.852760E+01  0.748221E+00
 0.437586E+00  0.839877E+01  0.742619E+00
 0.438516E+00  0.863245E+01  0.742093E+00
 0.439447E+00  0.933696E+01  0.736704E+00
 0.440377E+00  0.887246E+01  0.735058E+00
 0.441307E+00  0.747933E+01  0.724532E+00
 0.442238E+00  0.766880E+01  0.730541E+00
 0.443168E+00  0.758858E+01  0.736420E+00
 0.444098E+00  0.808846E+01  0.736432E+00
 0.445029E+00  0.812708E+01  0.740758E+00
 0.445959E+00  0.806123E+01  0.737045E+00
 0.446890E+00  0.850089E+01  0.736793E+00
 0.447820E+00  0.760670E+01  0.737775E+00
 0.448750E+00  0.826903E+01  0.733624E+00
 0.449681E+00  0.863113E+01  0.740865E+00
 0.450611E+00  0.100583E+02  0.741271E+00
 0.451542E+00  0.105902E+02  0.732516E+00
 0.452472E+00  0.926265E+01  0.740328E+00
 0.453402E+00  0.929024E+01  0.734084E+00
 0.454333E+00  0.803642E+01  0.723740E+00
 0.455263E+00  0.816646E+01  0.734966E+00
 0.456194E+00  0.864820E+01  0.731688E+00
 0.457124E+00  0.918364E+01  0.732392E+00
 0.458054E+00  0.100715E+02  0.742599E+00
 0.458985E+00  0.103098E+02  0.739282E+00
 0.459915E+00  0.105946E+02  0.742351E+00
 0.460845E+00  0.104413E+02  0.739259E+00
 0.461776E+00  0.733890E+01  0.750403E+00
 0.462706E+00  0.752232E+01  0.749453E+00
 0.463637E+00  0.929189E+01  0.734094E+00
 0.464567E+00  0.987981E+01  0.729245E+00
 0.465497E+00  0.967726E+01  0.722958E+00
