  0.741270E-01  0.164333E+03  0.520074E+02
  0.764101E-01  0.282182E+03  0.421716E+02
  0.786932E-01  0.855948E+02  0.327327E+02
  0.809763E-01  0.181866E+03  0.295185E+02
  0.832594E-01  0.224754E+03  0.270069E+02
  0.855425E-01  0.193574E+03  0.241078E+02
  0.878256E-01  0.194356E+03  0.207587E+02
  0.901087E-01  0.155571E+03  0.192038E+02
  0.923918E-01  0.182384E+03  0.177331E+02
  0.946750E-01  0.187408E+03  0.160644E+02
  0.969581E-01  0.115235E+03  0.148174E+02
  0.992412E-01  0.157782E+03  0.136711E+02
  0.101524E+00  0.188478E+03  0.126608E+02
  0.103807E+00  0.190549E+03  0.121146E+02
  0.106090E+00  0.147600E+03  0.112405E+02
  0.108374E+00  0.142617E+03  0.996707E+01
  0.110657E+00  0.158622E+03  0.986914E+01
  0.112940E+00  0.180262E+03  0.884995E+01
  0.115223E+00  0.159948E+03  0.886748E+01
  0.117506E+00  0.179870E+03  0.796383E+01
  0.119789E+00  0.191620E+03  0.749543E+01
  0.122072E+00  0.190901E+03  0.732545E+01
  0.124355E+00  0.177429E+03  0.675597E+01
  0.126638E+00  0.171397E+03  0.653616E+01
  0.128922E+00  0.174160E+03  0.601422E+01
  0.131205E+00  0.170568E+03  0.579778E+01
  0.133488E+00  0.173213E+03  0.575054E+01
  0.135771E+00  0.169433E+03  0.498405E+01
  0.138054E+00  0.163305E+03  0.507691E+01
  0.140337E+00  0.170643E+03  0.480120E+01
  0.142620E+00  0.166096E+03  0.458413E+01
  0.144903E+00  0.159688E+03  0.444052E+01
  0.147186E+00  0.156154E+03  0.411826E+01
  0.149469E+00  0.160139E+03  0.407958E+01
  0.151753E+00  0.156560E+03  0.376714E+01
  0.154036E+00  0.166722E+03  0.377677E+01
  0.156319E+00  0.165520E+03  0.347931E+01
  0.158602E+00  0.154702E+03  0.342579E+01
  0.160885E+00  0.149336E+03  0.337831E+01
  0.163168E+00  0.152524E+03  0.313073E+01
  0.165451E+00  0.155788E+03  0.305606E+01
  0.167734E+00  0.149244E+03  0.291182E+01
  0.170017E+00  0.156810E+03  0.284031E+01
  0.172300E+00  0.153598E+03  0.282790E+01
  0.174584E+00  0.153004E+03  0.259228E+01
  0.176867E+00  0.150826E+03  0.254959E+01
  0.179150E+00  0.148682E+03  0.249204E+01
  0.181433E+00  0.146364E+03  0.243904E+01
  0.183716E+00  0.150067E+03  0.234657E+01
  0.185999E+00  0.154477E+03  0.220300E+01
  0.188282E+00  0.152486E+03  0.224171E+01
  0.190565E+00  0.154682E+03  0.212053E+01
  0.192848E+00  0.149981E+03  0.209205E+01
  0.195132E+00  0.143338E+03  0.196631E+01
  0.197415E+00  0.143833E+03  0.196031E+01
  0.199698E+00  0.143069E+03  0.194526E+01
  0.201981E+00  0.141538E+03  0.183381E+01
  0.204264E+00  0.135686E+03  0.178894E+01
  0.206547E+00  0.138292E+03  0.172126E+01
  0.208830E+00  0.142055E+03  0.171002E+01
  0.211113E+00  0.138395E+03  0.169447E+01
  0.213396E+00  0.140252E+03  0.159789E+01
  0.215679E+00  0.141657E+03  0.160985E+01
  0.217963E+00  0.140547E+03  0.150770E+01
  0.220246E+00  0.137831E+03  0.152447E+01
  0.222529E+00  0.136506E+03  0.145907E+01
  0.224812E+00  0.136171E+03  0.140194E+01
  0.227095E+00  0.134409E+03  0.144698E+01
  0.229378E+00  0.133725E+03  0.135197E+01
  0.231661E+00  0.131924E+03  0.136427E+01
  0.233944E+00  0.132538E+03  0.127832E+01
  0.236227E+00  0.131688E+03  0.127348E+01
  0.238511E+00  0.133005E+03  0.128258E+01
  0.240794E+00  0.130672E+03  0.121516E+01
  0.243077E+00  0.128954E+03  0.118323E+01
  0.245360E+00  0.127690E+03  0.117956E+01
  0.247643E+00  0.126755E+03  0.114501E+01
  0.249926E+00  0.126737E+03  0.112632E+01
  0.252209E+00  0.127290E+03  0.109594E+01
  0.254492E+00  0.124840E+03  0.109120E+01
  0.256775E+00  0.126048E+03  0.107211E+01
  0.259058E+00  0.122866E+03  0.105708E+01
  0.261342E+00  0.122715E+03  0.102504E+01
  0.263625E+00  0.123699E+03  0.999999E+00
  0.265908E+00  0.123009E+03  0.100148E+01
  0.268191E+00  0.121272E+03  0.978523E+00
  0.270474E+00  0.121323E+03  0.974408E+00
  0.272757E+00  0.118042E+03  0.937494E+00
  0.275040E+00  0.115637E+03  0.940137E+00
  0.277323E+00  0.117970E+03  0.918487E+00
  0.279606E+00  0.117661E+03  0.917219E+00
  0.281890E+00  0.116909E+03  0.888229E+00
  0.284173E+00  0.115296E+03  0.880256E+00
  0.286456E+00  0.115702E+03  0.883609E+00
  0.288739E+00  0.115357E+03  0.861150E+00
  0.291022E+00  0.112536E+03  0.846119E+00
  0.293305E+00  0.113342E+03  0.842416E+00
  0.295588E+00  0.113698E+03  0.821553E+00
  0.297871E+00  0.112752E+03  0.835709E+00
  0.300154E+00  0.112634E+03  0.803132E+00
  0.302437E+00  0.110838E+03  0.798415E+00
  0.304721E+00  0.111378E+03  0.800161E+00
  0.307004E+00  0.110805E+03  0.784584E+00
  0.309287E+00  0.109618E+03  0.785273E+00
  0.311570E+00  0.108006E+03  0.757377E+00
  0.313853E+00  0.107375E+03  0.777839E+00
  0.316136E+00  0.106386E+03  0.750459E+00
  0.318419E+00  0.106511E+03  0.746003E+00
  0.320702E+00  0.105800E+03  0.739183E+00
  0.322985E+00  0.104755E+03  0.719320E+00
  0.325268E+00  0.103903E+03  0.747110E+00
  0.327552E+00  0.105091E+03  0.723080E+00
  0.329835E+00  0.103944E+03  0.710561E+00
  0.332118E+00  0.101862E+03  0.714053E+00
  0.334401E+00  0.102035E+03  0.695200E+00
  0.336684E+00  0.101112E+03  0.714182E+00
  0.338967E+00  0.101436E+03  0.682133E+00
  0.341250E+00  0.101671E+03  0.686095E+00
  0.343533E+00  0.990118E+02  0.686744E+00
  0.345816E+00  0.976529E+02  0.673147E+00
  0.348100E+00  0.990025E+02  0.680986E+00
  0.350383E+00  0.991560E+02  0.653301E+00
  0.352666E+00  0.996975E+02  0.669223E+00
  0.354949E+00  0.976305E+02  0.659391E+00
  0.357232E+00  0.979023E+02  0.656189E+00
  0.359515E+00  0.950293E+02  0.646101E+00
  0.361798E+00  0.949830E+02  0.628386E+00
  0.364081E+00  0.937201E+02  0.647493E+00
  0.366364E+00  0.941579E+02  0.637937E+00
  0.368647E+00  0.937445E+02  0.629482E+00
  0.370931E+00  0.937742E+02  0.628802E+00
  0.373214E+00  0.933883E+02  0.616968E+00
  0.375497E+00  0.912974E+02  0.625845E+00
  0.377780E+00  0.900594E+02  0.606366E+00
  0.380063E+00  0.913469E+02  0.607536E+00
  0.382346E+00  0.905185E+02  0.608213E+00
  0.384629E+00  0.896404E+02  0.606936E+00
  0.386912E+00  0.887381E+02  0.605996E+00
  0.389195E+00  0.891503E+02  0.581886E+00
  0.391479E+00  0.880087E+02  0.594735E+00
  0.393762E+00  0.884980E+02  0.589104E+00
  0.396045E+00  0.865232E+02  0.592302E+00
  0.398328E+00  0.869865E+02  0.583034E+00
  0.400611E+00  0.854036E+02  0.574602E+00
  0.402894E+00  0.846976E+02  0.581949E+00
  0.405177E+00  0.845922E+02  0.572696E+00
  0.407460E+00  0.832155E+02  0.566636E+00
  0.409743E+00  0.834360E+02  0.564273E+00
  0.412026E+00  0.839767E+02  0.568314E+00
  0.414310E+00  0.829156E+02  0.568295E+00
  0.416593E+00  0.836117E+02  0.545180E+00
  0.418876E+00  0.828735E+02  0.558996E+00
  0.421159E+00  0.825423E+02  0.549617E+00
  0.423442E+00  0.814544E+02  0.553158E+00
  0.425725E+00  0.818703E+02  0.551515E+00
  0.428008E+00  0.804007E+02  0.530353E+00
  0.430291E+00  0.796214E+02  0.547393E+00
  0.432574E+00  0.794954E+02  0.534409E+00
  0.434857E+00  0.780836E+02  0.538955E+00
  0.437141E+00  0.794423E+02  0.530637E+00
  0.439424E+00  0.774919E+02  0.527436E+00
  0.441707E+00  0.766888E+02  0.541064E+00
  0.443990E+00  0.752251E+02  0.521592E+00
  0.446273E+00  0.757515E+02  0.521466E+00
  0.448556E+00  0.770880E+02  0.518286E+00
  0.450839E+00  0.758386E+02  0.516152E+00
  0.453122E+00  0.745030E+02  0.528984E+00
  0.455405E+00  0.758941E+02  0.505508E+00
  0.457689E+00  0.741760E+02  0.511798E+00
  0.459972E+00  0.729556E+02  0.508309E+00
  0.462255E+00  0.732276E+02  0.509710E+00
  0.464538E+00  0.735695E+02  0.509229E+00
  0.466821E+00  0.737685E+02  0.496057E+00
  0.469104E+00  0.721611E+02  0.502161E+00
  0.471387E+00  0.712884E+02  0.497142E+00
  0.473670E+00  0.709661E+02  0.499173E+00
  0.475953E+00  0.707291E+02  0.492910E+00
  0.478236E+00  0.697194E+02  0.488972E+00
  0.480520E+00  0.712111E+02  0.495789E+00
  0.482803E+00  0.690167E+02  0.486122E+00
  0.485086E+00  0.685517E+02  0.482832E+00
  0.487369E+00  0.692215E+02  0.484229E+00
  0.489652E+00  0.686398E+02  0.481863E+00
  0.491935E+00  0.673926E+02  0.489445E+00
  0.494218E+00  0.678612E+02  0.470549E+00
  0.496501E+00  0.670806E+02  0.476764E+00
  0.498784E+00  0.661283E+02  0.479139E+00
  0.501068E+00  0.668486E+02  0.475699E+00
  0.503351E+00  0.659445E+02  0.467807E+00
  0.505634E+00  0.655520E+02  0.470081E+00
  0.507917E+00  0.643561E+02  0.467509E+00
  0.510200E+00  0.650232E+02  0.466800E+00
  0.512483E+00  0.653086E+02  0.469527E+00
  0.514766E+00  0.629209E+02  0.456919E+00
  0.517049E+00  0.626140E+02  0.462302E+00
  0.519332E+00  0.634357E+02  0.459909E+00
  0.521615E+00  0.622510E+02  0.458582E+00
  0.523899E+00  0.626319E+02  0.453468E+00
  0.526182E+00  0.618975E+02  0.448884E+00
  0.528465E+00  0.628150E+02  0.459675E+00
  0.530748E+00  0.623159E+02  0.452273E+00
  0.533031E+00  0.613489E+02  0.444747E+00
  0.535314E+00  0.617499E+02  0.451499E+00
  0.537597E+00  0.607574E+02  0.443020E+00
  0.539880E+00  0.606759E+02  0.451820E+00
  0.542163E+00  0.605780E+02  0.441970E+00
  0.544446E+00  0.586012E+02  0.437234E+00
  0.546730E+00  0.585116E+02  0.446574E+00
  0.549013E+00  0.583942E+02  0.434391E+00
  0.551296E+00  0.588816E+02  0.443142E+00
  0.553579E+00  0.575221E+02  0.429702E+00
  0.555862E+00  0.575409E+02  0.436359E+00
  0.558145E+00  0.569577E+02  0.436417E+00
  0.560428E+00  0.565049E+02  0.424702E+00
  0.562711E+00  0.570850E+02  0.433646E+00
  0.564994E+00  0.561492E+02  0.422486E+00
  0.567278E+00  0.553138E+02  0.431430E+00
  0.569561E+00  0.558212E+02  0.428810E+00
  0.571844E+00  0.554833E+02  0.419463E+00
  0.574127E+00  0.552716E+02  0.424923E+00
  0.576410E+00  0.547295E+02  0.418326E+00
  0.578693E+00  0.549778E+02  0.424929E+00
  0.580976E+00  0.543280E+02  0.416623E+00
  0.583259E+00  0.537162E+02  0.416678E+00
  0.585542E+00  0.533734E+02  0.422205E+00
  0.587825E+00  0.525778E+02  0.407673E+00
  0.590109E+00  0.517010E+02  0.415392E+00
  0.592392E+00  0.523293E+02  0.408623E+00
  0.594675E+00  0.520088E+02  0.413389E+00
  0.596958E+00  0.511682E+02  0.414646E+00
  0.599241E+00  0.500471E+02  0.405973E+00
  0.601524E+00  0.505123E+02  0.405661E+00
  0.603807E+00  0.503781E+02  0.406701E+00
  0.606090E+00  0.512483E+02  0.411135E+00
  0.608373E+00  0.506665E+02  0.414022E+00
  0.610657E+00  0.494964E+02  0.404880E+00
  0.612940E+00  0.483877E+02  0.410251E+00
  0.615223E+00  0.484238E+02  0.405779E+00
  0.617506E+00  0.489564E+02  0.407957E+00
  0.619789E+00  0.482882E+02  0.406218E+00
  0.622072E+00  0.475562E+02  0.408986E+00
  0.624355E+00  0.476833E+02  0.412833E+00
  0.626638E+00  0.474891E+02  0.406487E+00
  0.628921E+00  0.470266E+02  0.408792E+00
  0.631204E+00  0.468732E+02  0.402695E+00
  0.633488E+00  0.465992E+02  0.412983E+00
  0.635771E+00  0.466985E+02  0.415458E+00
  0.638054E+00  0.465063E+02  0.417482E+00
  0.640337E+00  0.469915E+02  0.413050E+00
  0.642620E+00  0.457374E+02  0.411751E+00
  0.644903E+00  0.455864E+02  0.419136E+00
  0.647186E+00  0.448859E+02  0.418301E+00
  0.649469E+00  0.451251E+02  0.415462E+00
  0.651752E+00  0.443680E+02  0.418462E+00
  0.654035E+00  0.442434E+02  0.415717E+00
  0.656319E+00  0.436191E+02  0.422123E+00
  0.658602E+00  0.433454E+02  0.413929E+00
  0.660885E+00  0.437662E+02  0.421482E+00
  0.663168E+00  0.433220E+02  0.421110E+00
  0.665451E+00  0.426272E+02  0.422556E+00
  0.667734E+00  0.430757E+02  0.427442E+00
  0.670017E+00  0.420344E+02  0.413414E+00
  0.672300E+00  0.419272E+02  0.425448E+00
  0.674583E+00  0.415710E+02  0.420660E+00
  0.676867E+00  0.424106E+02  0.424980E+00
  0.679150E+00  0.410777E+02  0.428908E+00
  0.681433E+00  0.413869E+02  0.414837E+00
  0.683716E+00  0.419903E+02  0.432138E+00
  0.685999E+00  0.412683E+02  0.418399E+00
  0.688282E+00  0.401473E+02  0.421910E+00
  0.690565E+00  0.405557E+02  0.430275E+00
  0.692848E+00  0.382993E+02  0.421184E+00
  0.695131E+00  0.380361E+02  0.433363E+00
  0.697414E+00  0.393519E+02  0.415770E+00
  0.699698E+00  0.391278E+02  0.426260E+00
  0.701981E+00  0.390596E+02  0.429837E+00
  0.704264E+00  0.390226E+02  0.423667E+00
  0.706547E+00  0.380937E+02  0.429046E+00
  0.708830E+00  0.374761E+02  0.423798E+00
  0.711113E+00  0.390312E+02  0.426469E+00
  0.713396E+00  0.380431E+02  0.428101E+00
  0.715679E+00  0.380025E+02  0.424936E+00
  0.717962E+00  0.371493E+02  0.430165E+00
  0.720246E+00  0.368112E+02  0.424945E+00
  0.722529E+00  0.366771E+02  0.429555E+00
  0.724812E+00  0.369187E+02  0.423887E+00
  0.727095E+00  0.365048E+02  0.426873E+00
  0.729378E+00  0.356740E+02  0.429141E+00
  0.731661E+00  0.356259E+02  0.428921E+00
  0.733944E+00  0.361772E+02  0.434253E+00
  0.736227E+00  0.355906E+02  0.425087E+00
  0.738510E+00  0.353265E+02  0.428081E+00
  0.740793E+00  0.354327E+02  0.424796E+00
  0.743077E+00  0.359106E+02  0.431724E+00
  0.745360E+00  0.357187E+02  0.430162E+00
  0.747643E+00  0.343819E+02  0.421271E+00
  0.749926E+00  0.349609E+02  0.432634E+00
  0.752209E+00  0.336093E+02  0.425139E+00
  0.754492E+00  0.337084E+02  0.428360E+00
  0.756775E+00  0.335239E+02  0.427506E+00
  0.759058E+00  0.340123E+02  0.427646E+00
  0.761341E+00  0.335960E+02  0.433858E+00
  0.763625E+00  0.330413E+02  0.421697E+00
  0.765908E+00  0.331830E+02  0.433740E+00
  0.768191E+00  0.315059E+02  0.424371E+00
  0.770474E+00  0.313429E+02  0.427101E+00
  0.772757E+00  0.325966E+02  0.438215E+00
  0.775040E+00  0.314362E+02  0.417887E+00
  0.777323E+00  0.314601E+02  0.434311E+00
  0.779606E+00  0.318912E+02  0.424063E+00
  0.781889E+00  0.312424E+02  0.428624E+00
  0.784172E+00  0.311820E+02  0.429760E+00
  0.786456E+00  0.307701E+02  0.420215E+00
  0.788739E+00  0.299407E+02  0.436130E+00
  0.791022E+00  0.291004E+02  0.423943E+00
  0.793305E+00  0.299835E+02  0.428615E+00
  0.795588E+00  0.302297E+02  0.424508E+00
  0.797871E+00  0.300006E+02  0.423621E+00
  0.800154E+00  0.296747E+02  0.433616E+00
  0.802437E+00  0.292974E+02  0.421731E+00
  0.804720E+00  0.292470E+02  0.427967E+00
  0.807003E+00  0.286462E+02  0.426799E+00
  0.809287E+00  0.303262E+02  0.429113E+00
  0.811570E+00  0.290126E+02  0.434930E+00
  0.813853E+00  0.290313E+02  0.421118E+00
  0.816136E+00  0.293309E+02  0.432032E+00
  0.818419E+00  0.285444E+02  0.425044E+00
  0.820702E+00  0.270911E+02  0.430767E+00
  0.822985E+00  0.276218E+02  0.427287E+00
  0.825268E+00  0.286624E+02  0.423252E+00
  0.827551E+00  0.281111E+02  0.433240E+00
  0.829835E+00  0.274885E+02  0.423644E+00
  0.832118E+00  0.268848E+02  0.427636E+00
  0.834401E+00  0.272087E+02  0.425209E+00
  0.836684E+00  0.272673E+02  0.425397E+00
  0.838967E+00  0.262684E+02  0.430640E+00
  0.841250E+00  0.271006E+02  0.420512E+00
  0.843533E+00  0.259121E+02  0.427938E+00
  0.845816E+00  0.255691E+02  0.424678E+00
  0.848099E+00  0.258349E+02  0.428399E+00
  0.850382E+00  0.257566E+02  0.432830E+00
  0.852666E+00  0.261953E+02  0.417401E+00
  0.854949E+00  0.246389E+02  0.429436E+00
  0.857232E+00  0.242991E+02  0.423149E+00
  0.859515E+00  0.249502E+02  0.430951E+00
  0.861798E+00  0.235231E+02  0.420579E+00
  0.864081E+00  0.246057E+02  0.426707E+00
  0.866364E+00  0.243156E+02  0.427989E+00
  0.868647E+00  0.235656E+02  0.425330E+00
  0.870930E+00  0.250356E+02  0.422200E+00
  0.873214E+00  0.247832E+02  0.426058E+00
  0.875497E+00  0.245511E+02  0.427999E+00
  0.877780E+00  0.241291E+02  0.425272E+00
  0.880063E+00  0.241700E+02  0.421380E+00
  0.882346E+00  0.238340E+02  0.425285E+00
  0.884629E+00  0.234957E+02  0.425797E+00
  0.886912E+00  0.232327E+02  0.426004E+00
  0.889195E+00  0.236216E+02  0.427499E+00
  0.891478E+00  0.242639E+02  0.422066E+00
  0.893761E+00  0.239884E+02  0.426784E+00
  0.896045E+00  0.234805E+02  0.425936E+00
  0.898328E+00  0.235203E+02  0.427235E+00
  0.900611E+00  0.233032E+02  0.421910E+00
  0.902894E+00  0.216270E+02  0.423751E+00
  0.905177E+00  0.221212E+02  0.426210E+00
  0.907460E+00  0.219557E+02  0.422823E+00
  0.909743E+00  0.221263E+02  0.418752E+00
  0.912026E+00  0.220234E+02  0.421687E+00
  0.914309E+00  0.223880E+02  0.425635E+00
  0.916592E+00  0.214122E+02  0.425957E+00
  0.918876E+00  0.212176E+02  0.422965E+00
  0.921159E+00  0.211403E+02  0.424726E+00
  0.923442E+00  0.220633E+02  0.424782E+00
  0.925725E+00  0.219948E+02  0.425812E+00
  0.928008E+00  0.205453E+02  0.424141E+00
  0.930291E+00  0.209145E+02  0.423223E+00
  0.932574E+00  0.205238E+02  0.422698E+00
  0.934857E+00  0.204492E+02  0.425977E+00
  0.937140E+00  0.211170E+02  0.425250E+00
  0.939424E+00  0.208835E+02  0.422259E+00
  0.941707E+00  0.206290E+02  0.422105E+00
  0.943990E+00  0.206264E+02  0.423420E+00
  0.946273E+00  0.193354E+02  0.425941E+00
  0.948556E+00  0.192506E+02  0.420504E+00
  0.950839E+00  0.197327E+02  0.420742E+00
  0.953122E+00  0.199635E+02  0.421577E+00
  0.955405E+00  0.200828E+02  0.422380E+00
  0.957688E+00  0.192172E+02  0.422593E+00
  0.959971E+00  0.194363E+02  0.421738E+00
  0.962255E+00  0.192990E+02  0.424871E+00
  0.964538E+00  0.189331E+02  0.418041E+00
  0.966821E+00  0.184443E+02  0.419704E+00
  0.969104E+00  0.192245E+02  0.422451E+00
  0.971387E+00  0.185899E+02  0.420768E+00
  0.973670E+00  0.182229E+02  0.426149E+00
  0.975953E+00  0.181223E+02  0.423316E+00
  0.978236E+00  0.183660E+02  0.415814E+00
  0.980519E+00  0.185811E+02  0.421516E+00
  0.982803E+00  0.179330E+02  0.418963E+00
  0.985086E+00  0.175655E+02  0.425108E+00
  0.987369E+00  0.184137E+02  0.416204E+00
  0.989652E+00  0.175993E+02  0.422125E+00
  0.991935E+00  0.173222E+02  0.418150E+00
  0.994218E+00  0.171257E+02  0.419594E+00
  0.996501E+00  0.171671E+02  0.417779E+00
  0.998784E+00  0.170720E+02  0.422940E+00
  0.100107E+01  0.174172E+02  0.418274E+00
  0.100335E+01  0.168863E+02  0.420389E+00
  0.100563E+01  0.162021E+02  0.417195E+00
  0.100792E+01  0.160312E+02  0.414908E+00
  0.101020E+01  0.163537E+02  0.421256E+00
  0.101248E+01  0.170120E+02  0.417656E+00
  0.101477E+01  0.164245E+02  0.425364E+00
  0.101705E+01  0.153832E+02  0.414215E+00
  0.101933E+01  0.166265E+02  0.419365E+00
  0.102162E+01  0.162529E+02  0.418854E+00
  0.102390E+01  0.162482E+02  0.418558E+00
  0.102846E+01  0.167412E+02  0.418614E+00
  0.103075E+01  0.155188E+02  0.419813E+00
  0.103303E+01  0.158093E+02  0.421523E+00
  0.103531E+01  0.161189E+02  0.420908E+00
  0.103760E+01  0.160766E+02  0.415327E+00
  0.103988E+01  0.157415E+02  0.419106E+00
  0.104216E+01  0.149130E+02  0.416593E+00
  0.104445E+01  0.144520E+02  0.420555E+00
  0.104673E+01  0.144574E+02  0.419361E+00
  0.104901E+01  0.162188E+02  0.418892E+00
  0.105130E+01  0.157398E+02  0.416534E+00
  0.105358E+01  0.149078E+02  0.419478E+00
  0.105586E+01  0.137937E+02  0.419354E+00
  0.105814E+01  0.125727E+02  0.414031E+00
  0.106043E+01  0.141985E+02  0.417183E+00
  0.106271E+01  0.143201E+02  0.420859E+00
  0.106499E+01  0.134243E+02  0.418385E+00
  0.106728E+01  0.147688E+02  0.410233E+00
  0.106956E+01  0.152669E+02  0.418780E+00
  0.107184E+01  0.142437E+02  0.416440E+00
  0.107413E+01  0.143242E+02  0.419967E+00
  0.107641E+01  0.141600E+02  0.414882E+00
  0.107869E+01  0.140787E+02  0.412751E+00
  0.108098E+01  0.134239E+02  0.416759E+00
  0.108326E+01  0.129225E+02  0.415637E+00
  0.108554E+01  0.130843E+02  0.414549E+00
  0.108783E+01  0.128047E+02  0.416111E+00
  0.109011E+01  0.131322E+02  0.415637E+00
  0.109239E+01  0.128044E+02  0.419224E+00
  0.109467E+01  0.121416E+02  0.414362E+00
  0.109696E+01  0.125906E+02  0.410426E+00
  0.109924E+01  0.123070E+02  0.417103E+00
  0.110152E+01  0.122345E+02  0.413821E+00
  0.110381E+01  0.126353E+02  0.420875E+00
  0.110609E+01  0.125115E+02  0.410825E+00
  0.110837E+01  0.126020E+02  0.411442E+00
  0.111066E+01  0.121037E+02  0.417642E+00
  0.111294E+01  0.123913E+02  0.418686E+00
  0.111522E+01  0.125446E+02  0.408847E+00
  0.111751E+01  0.128581E+02  0.416761E+00
  0.111979E+01  0.126111E+02  0.416529E+00
  0.112207E+01  0.117637E+02  0.414214E+00
  0.112435E+01  0.121912E+02  0.411265E+00
  0.112664E+01  0.130653E+02  0.417899E+00
  0.112892E+01  0.123079E+02  0.413343E+00
  0.113120E+01  0.108255E+02  0.418081E+00
  0.113349E+01  0.121351E+02  0.413593E+00
  0.113577E+01  0.118061E+02  0.409254E+00
  0.113805E+01  0.111551E+02  0.415891E+00
  0.114034E+01  0.116570E+02  0.416360E+00
  0.114262E+01  0.114362E+02  0.415913E+00
  0.114490E+01  0.112059E+02  0.410751E+00
  0.114719E+01  0.112489E+02  0.417186E+00
  0.114947E+01  0.118448E+02  0.414114E+00
  0.115175E+01  0.109455E+02  0.412787E+00
  0.115404E+01  0.115939E+02  0.414024E+00
  0.115632E+01  0.106260E+02  0.413972E+00
  0.115860E+01  0.967238E+01  0.413221E+00
  0.116088E+01  0.101777E+02  0.416103E+00
  0.116317E+01  0.101779E+02  0.413105E+00
  0.116545E+01  0.100556E+02  0.409531E+00
  0.116773E+01  0.109518E+02  0.414673E+00
  0.117002E+01  0.112198E+02  0.412940E+00
  0.117230E+01  0.101250E+02  0.413706E+00
  0.117458E+01  0.106253E+02  0.409757E+00
  0.117687E+01  0.917809E+01  0.413341E+00
  0.117915E+01  0.960863E+01  0.413260E+00
  0.118143E+01  0.104814E+02  0.415495E+00
  0.118372E+01  0.116333E+02  0.412799E+00
  0.118600E+01  0.108289E+02  0.413139E+00
  0.118828E+01  0.110934E+02  0.414249E+00
  0.119057E+01  0.107409E+02  0.412944E+00
  0.119285E+01  0.101429E+02  0.407576E+00
  0.119513E+01  0.991859E+01  0.414264E+00
  0.119741E+01  0.925021E+01  0.413410E+00
  0.119970E+01  0.968727E+01  0.415149E+00
  0.120198E+01  0.112712E+02  0.413251E+00
  0.120426E+01  0.982625E+01  0.410678E+00
  0.120655E+01  0.100448E+02  0.412116E+00
  0.120883E+01  0.104106E+02  0.412613E+00
  0.121111E+01  0.960115E+01  0.410378E+00
  0.121340E+01  0.971452E+01  0.410246E+00
  0.121568E+01  0.925951E+01  0.410443E+00
  0.121796E+01  0.101134E+02  0.416690E+00
  0.122025E+01  0.900942E+01  0.412403E+00
  0.122253E+01  0.893842E+01  0.406079E+00
  0.122481E+01  0.102056E+02  0.414947E+00
  0.122709E+01  0.940237E+01  0.413413E+00
  0.122938E+01  0.883159E+01  0.412510E+00
  0.123166E+01  0.865843E+01  0.409112E+00
  0.123394E+01  0.725178E+01  0.408309E+00
  0.123623E+01  0.842581E+01  0.411384E+00
  0.123851E+01  0.876284E+01  0.410012E+00
  0.124079E+01  0.851053E+01  0.411585E+00
  0.124308E+01  0.741403E+01  0.410548E+00
  0.124536E+01  0.900487E+01  0.407531E+00
  0.124764E+01  0.875344E+01  0.410139E+00
  0.124993E+01  0.907401E+01  0.408515E+00
  0.125221E+01  0.836140E+01  0.409889E+00
  0.125449E+01  0.798316E+01  0.409251E+00
  0.125678E+01  0.799649E+01  0.413943E+00
  0.125906E+01  0.909796E+01  0.411494E+00
  0.126134E+01  0.882497E+01  0.406801E+00
  0.126362E+01  0.890551E+01  0.407391E+00
  0.126591E+01  0.873599E+01  0.410793E+00
  0.126819E+01  0.885224E+01  0.410925E+00
  0.127047E+01  0.843515E+01  0.406365E+00
  0.127276E+01  0.842530E+01  0.411463E+00
  0.127504E+01  0.808289E+01  0.412038E+00
  0.127732E+01  0.856180E+01  0.412113E+00
  0.127961E+01  0.896993E+01  0.406310E+00
  0.128189E+01  0.844842E+01  0.408623E+00
  0.128417E+01  0.762898E+01  0.408378E+00
  0.128646E+01  0.733803E+01  0.411172E+00
  0.128874E+01  0.772250E+01  0.407253E+00
  0.129102E+01  0.706312E+01  0.405780E+00
  0.129330E+01  0.738735E+01  0.410497E+00
  0.129559E+01  0.788622E+01  0.408433E+00
  0.129787E+01  0.769399E+01  0.411443E+00
  0.130015E+01  0.784086E+01  0.406612E+00
  0.130244E+01  0.845238E+01  0.408340E+00
  0.130472E+01  0.755913E+01  0.408700E+00
  0.130700E+01  0.723487E+01  0.408327E+00
  0.130929E+01  0.721657E+01  0.403991E+00
  0.131157E+01  0.692843E+01  0.410357E+00
  0.131385E+01  0.677639E+01  0.411775E+00
  0.131614E+01  0.723525E+01  0.411660E+00
  0.131842E+01  0.706271E+01  0.402510E+00
  0.132070E+01  0.722958E+01  0.405264E+00
  0.132299E+01  0.738279E+01  0.406599E+00
  0.132527E+01  0.793226E+01  0.410134E+00
  0.132755E+01  0.920354E+01  0.405515E+00
  0.132983E+01  0.777939E+01  0.407529E+00
  0.133212E+01  0.651697E+01  0.410192E+00
  0.133440E+01  0.641257E+01  0.407655E+00
  0.133668E+01  0.659966E+01  0.403089E+00
  0.133897E+01  0.690668E+01  0.404965E+00
  0.134125E+01  0.691479E+01  0.408663E+00
  0.134353E+01  0.684497E+01  0.410330E+00
  0.134582E+01  0.735459E+01  0.405617E+00
  0.134810E+01  0.609219E+01  0.400740E+00
  0.135038E+01  0.657478E+01  0.407509E+00
  0.135267E+01  0.662193E+01  0.406465E+00
  0.135495E+01  0.633979E+01  0.407536E+00
  0.135723E+01  0.648053E+01  0.403496E+00
  0.135951E+01  0.596402E+01  0.403571E+00
  0.136180E+01  0.646459E+01  0.405203E+00
  0.136408E+01  0.593409E+01  0.406993E+00
  0.136636E+01  0.618213E+01  0.404667E+00
  0.136865E+01  0.568247E+01  0.405660E+00
  0.137093E+01  0.549959E+01  0.407486E+00
  0.137321E+01  0.725005E+01  0.409082E+00
  0.137550E+01  0.719704E+01  0.401325E+00
  0.137778E+01  0.664191E+01  0.405280E+00
  0.138006E+01  0.588966E+01  0.405789E+00
  0.138235E+01  0.651148E+01  0.407125E+00
  0.138463E+01  0.677858E+01  0.407869E+00
  0.138691E+01  0.649401E+01  0.404164E+00
  0.138920E+01  0.658869E+01  0.404027E+00
  0.139148E+01  0.562767E+01  0.405874E+00
  0.139376E+01  0.619149E+01  0.403898E+00
  0.139604E+01  0.701651E+01  0.404334E+00
  0.139833E+01  0.634187E+01  0.404924E+00
  0.140061E+01  0.600442E+01  0.406784E+00
  0.140289E+01  0.531936E+01  0.405112E+00
  0.140518E+01  0.484143E+01  0.401280E+00
  0.140746E+01  0.552491E+01  0.407283E+00
  0.140974E+01  0.641555E+01  0.405425E+00
  0.141203E+01  0.625697E+01  0.405921E+00
  0.141431E+01  0.612251E+01  0.406491E+00
  0.141659E+01  0.496374E+01  0.401744E+00
  0.141888E+01  0.444802E+01  0.403767E+00
  0.142116E+01  0.486617E+01  0.405947E+00
  0.142344E+01  0.561793E+01  0.405652E+00
  0.142572E+01  0.563430E+01  0.405378E+00
  0.142801E+01  0.512507E+01  0.404610E+00
  0.143029E+01  0.485046E+01  0.401543E+00
  0.143257E+01  0.604508E+01  0.404035E+00
  0.143486E+01  0.694072E+01  0.404567E+00
  0.143714E+01  0.561802E+01  0.403657E+00
  0.143942E+01  0.517612E+01  0.404535E+00
  0.144171E+01  0.548499E+01  0.403615E+00
  0.144399E+01  0.516828E+01  0.403511E+00
  0.144627E+01  0.462556E+01  0.403005E+00
  0.144856E+01  0.463209E+01  0.402171E+00
  0.145084E+01  0.502773E+01  0.402977E+00
  0.145312E+01  0.559519E+01  0.405075E+00
  0.145541E+01  0.530855E+01  0.402047E+00
  0.145769E+01  0.582031E+01  0.405434E+00
  0.145997E+01  0.562600E+01  0.399624E+00
  0.146225E+01  0.478613E+01  0.401853E+00
  0.146454E+01  0.484043E+01  0.403642E+00
  0.146682E+01  0.446980E+01  0.399893E+00
  0.146910E+01  0.577997E+01  0.404415E+00
  0.147139E+01  0.618623E+01  0.404765E+00
  0.147367E+01  0.551248E+01  0.401642E+00
  0.147595E+01  0.578479E+01  0.401885E+00
  0.147824E+01  0.593420E+01  0.405241E+00
  0.148052E+01  0.513941E+01  0.404527E+00
  0.148280E+01  0.519277E+01  0.401421E+00
  0.148509E+01  0.500658E+01  0.404393E+00
  0.148737E+01  0.472860E+01  0.399984E+00
  0.148965E+01  0.477382E+01  0.399050E+00
  0.149193E+01  0.449505E+01  0.403053E+00
  0.149422E+01  0.385643E+01  0.402413E+00
  0.149650E+01  0.411370E+01  0.403972E+00
  0.149878E+01  0.437174E+01  0.404172E+00
  0.150107E+01  0.519919E+01  0.403654E+00
  0.150335E+01  0.587087E+01  0.404146E+00
  0.150563E+01  0.593068E+01  0.401942E+00
  0.150792E+01  0.500174E+01  0.403359E+00
  0.151020E+01  0.463795E+01  0.405161E+00
  0.151248E+01  0.444484E+01  0.404553E+00
  0.151477E+01  0.504562E+01  0.399510E+00
  0.151705E+01  0.572599E+01  0.400489E+00
  0.151933E+01  0.512656E+01  0.403355E+00
  0.152162E+01  0.362777E+01  0.403514E+00
  0.152390E+01  0.418402E+01  0.399386E+00
  0.152618E+01  0.449196E+01  0.403128E+00
  0.152846E+01  0.467430E+01  0.402710E+00
  0.153075E+01  0.480008E+01  0.402962E+00
  0.153303E+01  0.467940E+01  0.402358E+00
  0.153531E+01  0.519335E+01  0.399605E+00
  0.153760E+01  0.496513E+01  0.404133E+00
  0.153988E+01  0.448322E+01  0.403248E+00
  0.154216E+01  0.496925E+01  0.401584E+00
  0.154445E+01  0.570767E+01  0.398846E+00
  0.154673E+01  0.466783E+01  0.399213E+00
  0.154901E+01  0.489656E+01  0.402619E+00
  0.155130E+01  0.466012E+01  0.402551E+00
  0.155358E+01  0.483488E+01  0.404102E+00
  0.155586E+01  0.465891E+01  0.402629E+00
  0.155814E+01  0.637122E+01  0.401314E+00
  0.156043E+01  0.444662E+01  0.399586E+00
  0.156271E+01  0.390512E+01  0.400668E+00
  0.156499E+01  0.363729E+01  0.401255E+00
  0.156728E+01  0.456367E+01  0.402286E+00
  0.156956E+01  0.411904E+01  0.403632E+00
  0.157184E+01  0.362656E+01  0.399036E+00
  0.157413E+01  0.467574E+01  0.400752E+00
  0.157641E+01  0.522119E+01  0.401210E+00
  0.157869E+01  0.393799E+01  0.401070E+00
  0.158098E+01  0.432742E+01  0.401174E+00
  0.158326E+01  0.388034E+01  0.401018E+00
  0.158554E+01  0.459660E+01  0.400227E+00
  0.158783E+01  0.484398E+01  0.398023E+00
  0.159011E+01  0.440803E+01  0.401864E+00
  0.159239E+01  0.485598E+01  0.404522E+00
  0.159467E+01  0.540468E+01  0.403806E+00
  0.159696E+01  0.439463E+01  0.401837E+00
  0.159924E+01  0.411470E+01  0.401181E+00
  0.160152E+01  0.424444E+01  0.398126E+00
  0.160381E+01  0.453677E+01  0.401305E+00
  0.160609E+01  0.531518E+01  0.400630E+00
  0.160837E+01  0.385869E+01  0.401322E+00
  0.161066E+01  0.325368E+01  0.400064E+00
  0.161294E+01  0.386621E+01  0.398812E+00
  0.161522E+01  0.465523E+01  0.400385E+00
  0.161751E+01  0.392599E+01  0.399674E+00
  0.161979E+01  0.377264E+01  0.400711E+00
  0.162207E+01  0.310688E+01  0.400420E+00
  0.162435E+01  0.417225E+01  0.401174E+00
  0.162664E+01  0.506197E+01  0.400590E+00
  0.162892E+01  0.479469E+01  0.399268E+00
  0.163120E+01  0.403994E+01  0.396613E+00
  0.163349E+01  0.420303E+01  0.401541E+00
  0.163577E+01  0.423992E+01  0.400666E+00
  0.163805E+01  0.534812E+01  0.400254E+00
  0.164034E+01  0.447119E+01  0.401490E+00
  0.164262E+01  0.443367E+01  0.398345E+00
  0.164490E+01  0.378721E+01  0.401749E+00
  0.164719E+01  0.400005E+01  0.401037E+00
  0.164947E+01  0.451191E+01  0.401444E+00
  0.165175E+01  0.377189E+01  0.401208E+00
  0.165404E+01  0.456116E+01  0.396939E+00
  0.165632E+01  0.354934E+01  0.397482E+00
  0.165860E+01  0.340323E+01  0.401017E+00
  0.166088E+01  0.392625E+01  0.397291E+00
  0.166317E+01  0.360729E+01  0.400460E+00
  0.166545E+01  0.375878E+01  0.402199E+00
  0.166773E+01  0.286504E+01  0.403379E+00
  0.167002E+01  0.319128E+01  0.396062E+00
  0.167230E+01  0.339950E+01  0.396712E+00
  0.167458E+01  0.312575E+01  0.399932E+00
  0.167687E+01  0.396649E+01  0.398807E+00
  0.167915E+01  0.345934E+01  0.400227E+00
  0.168143E+01  0.374375E+01  0.398987E+00
  0.168372E+01  0.411959E+01  0.399728E+00
  0.168600E+01  0.417043E+01  0.398997E+00
  0.168828E+01  0.449034E+01  0.400324E+00
  0.169056E+01  0.401522E+01  0.396270E+00
  0.169285E+01  0.358043E+01  0.400893E+00
  0.169513E+01  0.257081E+01  0.395109E+00
  0.169741E+01  0.321861E+01  0.400594E+00
  0.169970E+01  0.330254E+01  0.397810E+00
  0.170198E+01  0.431863E+01  0.399374E+00
  0.170426E+01  0.397877E+01  0.400592E+00
  0.170655E+01  0.397011E+01  0.403940E+00
  0.170883E+01  0.354936E+01  0.398464E+00
  0.171111E+01  0.275913E+01  0.397012E+00
  0.171340E+01  0.361767E+01  0.398287E+00
  0.171568E+01  0.336576E+01  0.398029E+00
  0.171796E+01  0.398313E+01  0.398399E+00
  0.172025E+01  0.351290E+01  0.396500E+00
  0.172253E+01  0.334897E+01  0.400723E+00
  0.172481E+01  0.291477E+01  0.399218E+00
  0.172709E+01  0.268109E+01  0.394088E+00
  0.172938E+01  0.352873E+01  0.397384E+00
  0.173166E+01  0.326398E+01  0.400094E+00
  0.173394E+01  0.414799E+01  0.401762E+00
  0.173623E+01  0.313664E+01  0.399139E+00
  0.173851E+01  0.299486E+01  0.400088E+00
  0.174079E+01  0.347590E+01  0.396168E+00
  0.174308E+01  0.250029E+01  0.397880E+00
  0.174536E+01  0.211974E+01  0.395028E+00
  0.174764E+01  0.270655E+01  0.399044E+00
  0.174993E+01  0.298570E+01  0.397337E+00
  0.175221E+01  0.333409E+01  0.400004E+00
  0.175449E+01  0.328316E+01  0.394578E+00
  0.175677E+01  0.271702E+01  0.399397E+00
  0.175906E+01  0.291935E+01  0.400885E+00
  0.176134E+01  0.294764E+01  0.398568E+00
  0.176362E+01  0.360483E+01  0.396524E+00
  0.176591E+01  0.299557E+01  0.397485E+00
  0.176819E+01  0.222213E+01  0.395189E+00
  0.177047E+01  0.237466E+01  0.396174E+00
  0.177276E+01  0.252410E+01  0.399186E+00
  0.177504E+01  0.264472E+01  0.397048E+00
  0.177732E+01  0.183566E+01  0.394384E+00
  0.177961E+01  0.192764E+01  0.399238E+00
  0.178189E+01  0.238724E+01  0.396253E+00
  0.178417E+01  0.233426E+01  0.393862E+00
  0.178646E+01  0.334045E+01  0.396568E+00
  0.178874E+01  0.338989E+01  0.397799E+00
  0.179102E+01  0.304331E+01  0.397832E+00
  0.179330E+01  0.312258E+01  0.398597E+00
  0.179559E+01  0.311997E+01  0.397597E+00
  0.179787E+01  0.312592E+01  0.398801E+00
  0.180015E+01  0.258635E+01  0.396835E+00
  0.180244E+01  0.222661E+01  0.396830E+00
  0.180472E+01  0.230301E+01  0.398126E+00
  0.180700E+01  0.311774E+01  0.399514E+00
  0.180929E+01  0.293686E+01  0.397161E+00
  0.181157E+01  0.302400E+01  0.394076E+00
  0.181385E+01  0.409682E+01  0.399655E+00
  0.181614E+01  0.431333E+01  0.397957E+00
  0.181842E+01  0.313660E+01  0.395429E+00
  0.182070E+01  0.254297E+01  0.396988E+00
  0.182298E+01  0.312997E+01  0.399807E+00
  0.182527E+01  0.294580E+01  0.392610E+00
  0.182755E+01  0.255039E+01  0.395088E+00
  0.182983E+01  0.328620E+01  0.397154E+00
  0.183212E+01  0.330522E+01  0.400379E+00
  0.183440E+01  0.292558E+01  0.397796E+00
  0.183668E+01  0.338887E+01  0.400859E+00
  0.183897E+01  0.311460E+01  0.393986E+00
  0.184125E+01  0.203785E+01  0.395202E+00
  0.184353E+01  0.246505E+01  0.396603E+00
  0.184582E+01  0.238846E+01  0.396471E+00
  0.184810E+01  0.379032E+01  0.398668E+00
  0.185038E+01  0.254149E+01  0.398814E+00
  0.185267E+01  0.251457E+01  0.397491E+00
  0.185495E+01  0.292068E+01  0.396566E+00
  0.185723E+01  0.356797E+01  0.394436E+00
  0.185951E+01  0.364262E+01  0.397169E+00
  0.186180E+01  0.308818E+01  0.397714E+00
  0.186408E+01  0.240924E+01  0.397027E+00
  0.186636E+01  0.369518E+01  0.397058E+00
  0.186865E+01  0.369099E+01  0.396041E+00
  0.187093E+01  0.358229E+01  0.399626E+00
  0.187321E+01  0.310114E+01  0.397011E+00
  0.187550E+01  0.284297E+01  0.394580E+00
  0.187778E+01  0.224864E+01  0.398313E+00
  0.188006E+01  0.106041E+01  0.395782E+00
  0.188235E+01  0.193325E+01  0.394617E+00
  0.188463E+01  0.231041E+01  0.396430E+00
  0.188691E+01  0.167313E+01  0.396746E+00
  0.188919E+01  0.174673E+01  0.396107E+00
  0.189148E+01  0.117032E+01  0.395115E+00
  0.189376E+01  0.180031E+01  0.397114E+00
  0.189604E+01  0.328407E+01  0.395848E+00
  0.189833E+01  0.282823E+01  0.395905E+00
  0.190061E+01  0.390816E+01  0.399356E+00
  0.190289E+01  0.321241E+01  0.397129E+00
  0.190518E+01  0.245717E+01  0.395717E+00
  0.190746E+01  0.152898E+01  0.398187E+00
  0.190974E+01  0.294055E+01  0.394700E+00
  0.191203E+01  0.236311E+01  0.397012E+00
  0.191431E+01  0.201066E+01  0.395768E+00
  0.191659E+01  0.340766E+01  0.396642E+00
  0.191888E+01  0.417660E+01  0.398992E+00
  0.192116E+01  0.326922E+01  0.397305E+00
  0.192344E+01  0.196415E+01  0.396297E+00
  0.192572E+01  0.267727E+01  0.396212E+00
  0.192801E+01  0.240650E+01  0.397977E+00
  0.193029E+01  0.211692E+01  0.394718E+00
  0.193257E+01  0.291194E+01  0.392486E+00
  0.193486E+01  0.329480E+01  0.399316E+00
  0.193714E+01  0.290386E+01  0.395600E+00
  0.193942E+01  0.206341E+01  0.395537E+00
  0.194171E+01  0.274345E+01  0.396198E+00
  0.194399E+01  0.325062E+01  0.395883E+00
  0.194627E+01  0.292882E+01  0.399502E+00
  0.194856E+01  0.186123E+01  0.394598E+00
  0.195084E+01  0.175454E+01  0.393823E+00
  0.195312E+01  0.259182E+01  0.395408E+00
  0.195540E+01  0.162570E+01  0.393025E+00
  0.195769E+01  0.194170E+01  0.395537E+00
  0.195997E+01  0.205790E+01  0.397116E+00
  0.196225E+01  0.296617E+01  0.397370E+00
  0.196454E+01  0.288334E+01  0.396269E+00
  0.196682E+01  0.347524E+01  0.396929E+00
  0.196910E+01  0.283300E+01  0.395435E+00
  0.197139E+01  0.154608E+01  0.394570E+00
  0.197367E+01  0.196760E+01  0.396134E+00
  0.197595E+01  0.124245E+01  0.397657E+00
  0.197824E+01  0.171108E+01  0.396582E+00
  0.198052E+01  0.151691E+01  0.395335E+00
  0.198280E+01  0.185270E+01  0.394027E+00
  0.198509E+01  0.225238E+01  0.397329E+00
  0.198737E+01  0.282115E+01  0.395716E+00
  0.198965E+01  0.372987E+01  0.396696E+00
  0.199193E+01  0.197004E+01  0.395427E+00
  0.199422E+01  0.296464E+01  0.394459E+00
  0.199650E+01  0.310895E+01  0.397031E+00
  0.199878E+01  0.304242E+01  0.395997E+00
  0.200107E+01  0.280612E+01  0.398139E+00
  0.200335E+01  0.298215E+01  0.397571E+00
  0.200563E+01  0.318603E+01  0.392253E+00
  0.200792E+01  0.241382E+01  0.395814E+00
  0.201020E+01  0.242565E+01  0.396020E+00
  0.201248E+01  0.251420E+01  0.393013E+00
  0.201477E+01  0.251502E+01  0.396843E+00
  0.201705E+01  0.221183E+01  0.394540E+00
  0.201933E+01  0.358186E+01  0.396148E+00
  0.202161E+01  0.171396E+01  0.393872E+00
  0.202390E+01  0.213322E+01  0.394080E+00
  0.202618E+01  0.251024E+01  0.396660E+00
  0.202846E+01  0.205045E+01  0.396985E+00
  0.203075E+01  0.165468E+01  0.395621E+00
  0.203303E+01  0.210448E+01  0.398657E+00
  0.203531E+01  0.125605E+01  0.393912E+00
  0.203760E+01  0.133714E+01  0.397415E+00
  0.203988E+01  0.228448E+01  0.395406E+00
  0.204216E+01  0.252794E+01  0.395646E+00
  0.204445E+01  0.235548E+01  0.394173E+00
  0.204673E+01  0.202172E+01  0.394940E+00
  0.204901E+01  0.182735E+01  0.397278E+00
  0.205130E+01  0.200600E+01  0.396888E+00
  0.205358E+01  0.225735E+01  0.397031E+00
  0.205586E+01  0.236499E+01  0.395766E+00
  0.205814E+01  0.239285E+01  0.398758E+00
  0.206043E+01  0.257082E+01  0.405920E+00
  0.206271E+01  0.328872E+01  0.414429E+00
  0.206499E+01  0.405327E+01  0.416073E+00
  0.206728E+01  0.341368E+01  0.417734E+00
  0.206956E+01  0.252337E+01  0.417270E+00
  0.207184E+01  0.358903E+01  0.422565E+00
  0.207413E+01  0.325692E+01  0.423594E+00
  0.207641E+01  0.141290E+01  0.421240E+00
  0.207869E+01  0.165069E+01  0.420948E+00
  0.208098E+01  0.323861E+01  0.426614E+00
  0.208326E+01  0.226153E+01  0.425784E+00
  0.208554E+01  0.232688E+01  0.426405E+00
  0.208782E+01  0.198858E+01  0.430174E+00
  0.209011E+01  0.213992E+01  0.430665E+00
  0.209239E+01  0.286904E+01  0.433375E+00
  0.209467E+01  0.239297E+01  0.434169E+00
  0.209696E+01  0.265695E+01  0.432870E+00
  0.209924E+01  0.350918E+01  0.437623E+00
  0.210152E+01  0.182397E+01  0.438200E+00
  0.210381E+01  0.191112E+01  0.437472E+00
  0.210609E+01  0.162082E+01  0.441636E+00
  0.210837E+01  0.329537E+01  0.443558E+00
  0.211066E+01  0.162033E+01  0.439236E+00
  0.211294E+01  0.184862E+01  0.444013E+00
  0.211522E+01  0.129019E+01  0.445116E+00
  0.211751E+01  0.220712E+01  0.444275E+00
  0.211979E+01  0.227103E+01  0.445762E+00
  0.212207E+01  0.208922E+01  0.450788E+00
  0.212435E+01  0.171911E+01  0.448906E+00
  0.212664E+01  0.178487E+01  0.452372E+00
  0.212892E+01  0.235252E+01  0.453408E+00
  0.213120E+01  0.152334E+01  0.452976E+00
  0.213349E+01  0.242889E+01  0.453928E+00
  0.213577E+01  0.146100E+01  0.452864E+00
  0.213805E+01  0.287227E+01  0.457806E+00
  0.214034E+01  0.169268E+01  0.459843E+00
  0.214262E+01  0.537256E+00  0.457009E+00
  0.214490E+01  0.180398E+01  0.461850E+00
  0.214719E+01  0.124585E+01  0.462359E+00
  0.214947E+01  0.200891E+01  0.463076E+00
  0.215175E+01  0.292193E+01  0.466800E+00
  0.215404E+01  0.203846E+01  0.462404E+00
  0.215632E+01  0.125944E+01  0.466348E+00
  0.215860E+01  0.922648E+00  0.464597E+00
  0.216088E+01  0.208143E+01  0.467042E+00
  0.216317E+01  0.200410E+01  0.467704E+00
  0.216545E+01  0.229212E+01  0.471099E+00
  0.216773E+01  0.311286E+01  0.470696E+00
  0.217002E+01  0.272583E+01  0.470865E+00
  0.217230E+01  0.364879E+01  0.473513E+00
  0.217458E+01  0.213507E+01  0.472355E+00
  0.217687E+01  0.169014E+01  0.470094E+00
  0.217915E+01  0.225696E+01  0.476169E+00
  0.218143E+01  0.244270E+01  0.476016E+00
  0.218372E+01  0.369062E+01  0.476283E+00
  0.218600E+01  0.314160E+01  0.478932E+00
  0.218828E+01  0.215749E+01  0.477129E+00
  0.219056E+01  0.149144E+01  0.474346E+00
  0.219285E+01  0.151183E+01  0.474853E+00
  0.219513E+01  0.164596E+01  0.477355E+00
  0.219741E+01  0.238259E+01  0.480830E+00
  0.219970E+01  0.231571E+01  0.476583E+00
  0.220198E+01  0.150636E+01  0.477495E+00
  0.220426E+01  0.163955E+01  0.478196E+00
  0.220655E+01  0.178010E+01  0.479904E+00
  0.220883E+01  0.109986E+01  0.478541E+00
  0.221111E+01  0.110658E+01  0.477523E+00
  0.221340E+01  0.208933E+01  0.480277E+00
  0.221568E+01  0.202935E+01  0.482076E+00
  0.221796E+01  0.149316E+01  0.482241E+00
  0.222025E+01  0.280452E+01  0.484378E+00
  0.222253E+01  0.151945E+01  0.480282E+00
  0.222481E+01  0.214403E+01  0.482174E+00
  0.222709E+01  0.230578E+01  0.481500E+00
  0.222938E+01  0.212864E+01  0.482456E+00
  0.223166E+01  0.179385E+01  0.481761E+00
  0.223394E+01  0.218438E+01  0.482497E+00
  0.223623E+01  0.169973E+01  0.485349E+00
  0.223851E+01  0.101054E+01  0.485380E+00
  0.224079E+01  0.880448E+00  0.484929E+00
  0.224308E+01  0.285860E+01  0.484585E+00
  0.224536E+01  0.339029E+01  0.487560E+00
  0.224764E+01  0.241574E+01  0.487338E+00
  0.224993E+01  0.171582E+01  0.488623E+00
  0.225221E+01  0.148069E+01  0.485709E+00
  0.225449E+01  0.286805E+01  0.490649E+00
  0.225677E+01  0.165601E+01  0.485277E+00
  0.225906E+01  0.120985E+01  0.487338E+00
  0.226134E+01  0.175610E+01  0.487517E+00
  0.226362E+01  0.164242E+01  0.485383E+00
  0.226591E+01  0.227327E+01  0.485148E+00
  0.226819E+01  0.277372E+01  0.488689E+00
  0.227047E+01  0.134415E+01  0.487504E+00
  0.227276E+01  0.275969E+01  0.485857E+00
  0.227504E+01  0.164397E+01  0.486759E+00
  0.227732E+01  0.124819E+01  0.487887E+00
  0.227961E+01  0.237848E+01  0.490161E+00
  0.228189E+01  0.227560E+01  0.490704E+00
  0.228417E+01  0.326474E+01  0.486838E+00
  0.228646E+01  0.214648E+01  0.488051E+00
  0.228874E+01  0.335136E+01  0.489265E+00
  0.229102E+01  0.271524E+01  0.488563E+00
  0.229330E+01  0.305235E+01  0.492103E+00
  0.229559E+01  0.256554E+01  0.490882E+00
  0.229787E+01  0.166833E+01  0.490491E+00
  0.230015E+01  0.243202E+01  0.488672E+00
  0.230244E+01  0.176448E+01  0.486695E+00
  0.230472E+01  0.222368E+01  0.489121E+00
  0.230700E+01  0.278669E+01  0.489969E+00
  0.230929E+01  0.330394E+01  0.488108E+00
  0.231157E+01  0.167931E+01  0.489240E+00
  0.231385E+01  0.215823E+01  0.484302E+00
  0.231614E+01  0.156492E+01  0.482614E+00
  0.231842E+01  0.278038E+01  0.483128E+00
  0.232070E+01  0.366443E+01  0.484198E+00
  0.232298E+01  0.275300E+01  0.483532E+00
  0.232527E+01  0.172071E+01  0.483541E+00
  0.232755E+01  0.161894E+01  0.484575E+00
  0.232983E+01  0.236938E+01  0.482129E+00
  0.233212E+01  0.130360E+01  0.482904E+00
  0.233440E+01  0.172162E+01  0.481604E+00
  0.233668E+01  0.119377E+01  0.478500E+00
  0.233897E+01  0.121089E+01  0.479561E+00
  0.234125E+01  0.352857E+01  0.478576E+00
  0.234353E+01  0.177178E+01  0.478134E+00
  0.234582E+01  0.849894E+00  0.478040E+00
  0.234810E+01  0.352829E+00  0.475843E+00
  0.235038E+01  0.182629E+01  0.477820E+00
  0.235267E+01  0.236536E+01  0.479813E+00
  0.235495E+01  0.113600E+01  0.477631E+00
  0.235723E+01  0.995785E+00  0.475322E+00
  0.235951E+01  0.281964E+01  0.477654E+00
  0.236180E+01  0.185123E+01  0.474868E+00
  0.236408E+01  0.207392E+01  0.473395E+00
  0.236636E+01  0.119223E+01  0.473544E+00
  0.236865E+01  0.586007E-01  0.472415E+00
  0.237093E+01  0.751263E+00  0.470638E+00
  0.237321E+01  0.147493E+01  0.474969E+00
  0.237550E+01  0.301467E+01  0.471071E+00
  0.237778E+01  0.189714E+01  0.470697E+00
  0.238006E+01  0.142193E+01  0.472830E+00
  0.238235E+01  0.420861E+00  0.474576E+00
  0.238463E+01  0.163332E+01  0.473796E+00
  0.238691E+01  0.181089E+01  0.469393E+00
  0.238919E+01  0.108142E+01  0.472437E+00
  0.239148E+01  0.622409E+00  0.471584E+00
  0.239376E+01  0.139830E+01  0.470166E+00
  0.239604E+01  0.128159E+01  0.471859E+00
  0.239833E+01  0.275583E+01  0.467560E+00
  0.240061E+01  0.293061E+01  0.471219E+00
  0.240289E+01  0.177339E+01  0.469193E+00
  0.240518E+01  0.283839E+01  0.468026E+00
  0.240746E+01  0.213881E+01  0.465636E+00
  0.240974E+01  0.176902E+01  0.461787E+00
  0.241203E+01  0.203129E+01  0.458057E+00
  0.241431E+01  0.233285E+01  0.456330E+00
  0.241659E+01  0.165700E+01  0.458010E+00
  0.241888E+01  0.145829E+00  0.454230E+00
  0.242116E+01  0.182297E+01  0.455107E+00
  0.242344E+01  0.198695E+01  0.453192E+00
  0.242572E+01  0.222152E+01  0.451722E+00
  0.242801E+01  0.114298E+01  0.449969E+00
  0.243029E+01  0.190981E+01  0.448594E+00
  0.243257E+01  0.179202E+01  0.443547E+00
  0.243486E+01  0.121557E+01  0.444901E+00
  0.243714E+01  0.180271E+01  0.442478E+00
  0.243942E+01  0.254103E+01  0.443452E+00
  0.244171E+01  0.258403E+01  0.444371E+00
  0.244399E+01  0.181340E+01  0.439427E+00
  0.244627E+01  0.121597E+01  0.439880E+00
  0.244856E+01  0.117245E+01  0.437518E+00
  0.245084E+01  0.233974E+01  0.431987E+00
  0.245312E+01  0.261894E+01  0.435184E+00
  0.245540E+01  0.285376E+01  0.433869E+00
  0.245769E+01  0.243980E+01  0.433240E+00
  0.245997E+01  0.309606E+01  0.431280E+00
  0.246225E+01  0.225924E+01  0.431901E+00
  0.246454E+01  0.308383E+01  0.429955E+00
  0.246682E+01  0.255115E+01  0.429018E+00
  0.246910E+01  0.255322E+01  0.426448E+00
  0.247139E+01  0.179472E+01  0.424198E+00
  0.247367E+01  0.157764E+01  0.416753E+00
  0.247595E+01  0.219603E+01  0.404596E+00
  0.247824E+01  0.207868E+01  0.393516E+00
  0.248052E+01  0.245099E+01  0.394808E+00
  0.248280E+01  0.244494E+01  0.393401E+00
  0.248509E+01  0.161012E+01  0.395618E+00
  0.248737E+01  0.297980E+01  0.393677E+00
  0.248965E+01  0.260348E+01  0.395626E+00
  0.249193E+01  0.268925E+01  0.395698E+00
  0.249422E+01  0.155536E+01  0.394814E+00
  0.249650E+01  0.195307E+01  0.393862E+00
  0.249878E+01  0.144828E+01  0.395217E+00
  0.250107E+01  0.153415E+01  0.397145E+00
  0.250335E+01  0.222309E+01  0.394902E+00
  0.250563E+01  0.291803E+01  0.395083E+00
  0.250792E+01  0.194545E+01  0.394871E+00
  0.251020E+01  0.213390E+01  0.397941E+00
  0.251248E+01  0.148539E+01  0.392069E+00
  0.251477E+01  0.267405E+01  0.395634E+00
  0.251705E+01  0.115555E+01  0.394160E+00
  0.251933E+01  0.205443E+01  0.395795E+00
  0.252161E+01  0.127006E+01  0.397371E+00
  0.252390E+01  0.937148E+00  0.392013E+00
  0.252618E+01  0.152573E+01  0.393502E+00
  0.252846E+01  0.242436E+01  0.394001E+00
  0.253075E+01  0.226335E+01  0.395551E+00
  0.253303E+01  0.191346E+01  0.397318E+00
  0.253531E+01  0.192660E+01  0.396184E+00
  0.253760E+01  0.258558E+01  0.396173E+00
  0.253988E+01  0.296307E+01  0.396834E+00
  0.254216E+01  0.317613E+01  0.397415E+00
  0.254445E+01  0.209080E+01  0.393367E+00
  0.254673E+01  0.157982E+01  0.396015E+00
  0.254901E+01  0.162944E+01  0.392949E+00
  0.255130E+01  0.252369E+01  0.395986E+00
  0.255358E+01  0.253189E+01  0.395055E+00
  0.255586E+01  0.131599E+01  0.394581E+00
  0.255814E+01  0.157258E+01  0.394877E+00
  0.256043E+01  0.182028E+01  0.394592E+00
  0.256271E+01  0.151321E+01  0.391775E+00
  0.256499E+01  0.202237E+01  0.395145E+00
  0.256728E+01  0.134227E+01  0.394021E+00
  0.256956E+01  0.253042E+01  0.397212E+00
  0.257184E+01  0.246882E+01  0.394160E+00
  0.257413E+01  0.190259E+01  0.394320E+00
  0.257641E+01  0.173540E+01  0.393687E+00
  0.257869E+01  0.183225E+01  0.393412E+00
  0.258098E+01  0.200034E+01  0.395424E+00
  0.258326E+01  0.334664E+01  0.397814E+00
  0.258554E+01  0.178322E+01  0.394671E+00
  0.258782E+01  0.915742E+00  0.394178E+00
  0.259011E+01  0.182084E+01  0.395347E+00
  0.259239E+01  0.252017E+01  0.395630E+00
  0.259467E+01  0.156638E+01  0.393588E+00
  0.259696E+01  0.160062E+01  0.393851E+00
  0.259924E+01  0.175162E+01  0.395627E+00
  0.260152E+01  0.132425E+01  0.392122E+00
  0.260381E+01  0.179301E+01  0.395152E+00
  0.260609E+01  0.257212E+01  0.395263E+00
  0.260837E+01  0.248944E+01  0.395715E+00
  0.261066E+01  0.258394E+01  0.396043E+00
  0.261294E+01  0.129132E+01  0.393871E+00
  0.261522E+01  0.138090E+01  0.395957E+00
  0.261751E+01  0.151451E+01  0.391685E+00
  0.261979E+01  0.192006E+01  0.394477E+00
  0.262207E+01  0.128403E+01  0.396392E+00
  0.262435E+01  0.167955E+01  0.396803E+00
  0.262664E+01  0.210417E+01  0.395913E+00
  0.262892E+01  0.167713E+01  0.395887E+00
  0.263120E+01  0.219693E+01  0.396691E+00
  0.263349E+01  0.184414E+01  0.396059E+00
  0.263577E+01  0.243962E+01  0.397438E+00
  0.263805E+01  0.146226E+01  0.394826E+00
  0.264034E+01  0.140379E+01  0.393711E+00
  0.264262E+01  0.182965E+01  0.396171E+00
  0.264490E+01  0.284896E+01  0.391854E+00
  0.264719E+01  0.283622E+01  0.396355E+00
  0.264947E+01  0.224649E+01  0.396394E+00
  0.265175E+01  0.240520E+01  0.395948E+00
  0.265403E+01  0.147765E+01  0.395075E+00
  0.265632E+01  0.113954E+01  0.396270E+00
  0.265860E+01  0.111951E+01  0.396306E+00
  0.266088E+01  0.230558E+01  0.397166E+00
  0.266317E+01  0.172285E+01  0.394513E+00
  0.266545E+01  0.199497E+01  0.395791E+00
  0.266773E+01  0.242822E+01  0.393478E+00
  0.267002E+01  0.201359E+01  0.395844E+00
  0.267230E+01  0.323330E+01  0.396355E+00
  0.267458E+01  0.188381E+01  0.396094E+00
  0.267687E+01  0.133611E+01  0.394987E+00
  0.267915E+01  0.100382E+01  0.393627E+00
  0.268143E+01  0.108814E+01  0.396695E+00
  0.268372E+01  0.968800E+00  0.396257E+00
  0.268600E+01  0.131491E+01  0.395530E+00
  0.268828E+01  0.159733E+01  0.394280E+00
  0.269056E+01  0.168613E+01  0.394185E+00
  0.269285E+01  0.130511E+01  0.396289E+00
  0.269513E+01  0.145265E+01  0.395809E+00
  0.269741E+01  0.136567E+01  0.396673E+00
  0.269970E+01  0.215417E+01  0.396617E+00
  0.270198E+01  0.162328E+01  0.394566E+00
  0.270426E+01  0.924181E+00  0.394313E+00
  0.270655E+01  0.150770E+01  0.394793E+00
  0.270883E+01  0.175212E+01  0.394211E+00
  0.271111E+01  0.199229E+01  0.394533E+00
  0.271340E+01  0.226182E+01  0.397272E+00
  0.271568E+01  0.315831E+01  0.395822E+00
  0.271796E+01  0.342841E+01  0.396037E+00
  0.272024E+01  0.240878E+01  0.396101E+00
  0.272253E+01  0.258705E+01  0.397129E+00
  0.272481E+01  0.187149E+01  0.395343E+00
  0.272709E+01  0.146915E+01  0.396621E+00
  0.272938E+01  0.247442E+01  0.396912E+00
  0.273166E+01  0.181789E+01  0.393422E+00
  0.273394E+01  0.268046E+01  0.396723E+00
  0.273623E+01  0.188643E+01  0.396423E+00
  0.273851E+01  0.784652E+00  0.396060E+00
  0.274079E+01  0.209091E+01  0.393765E+00
  0.274308E+01  0.225450E+01  0.396418E+00
  0.274536E+01  0.244642E+01  0.396457E+00
  0.274764E+01  0.244198E+01  0.396836E+00
  0.274993E+01  0.218729E+01  0.395515E+00
  0.275221E+01  0.169797E+01  0.393928E+00
  0.275449E+01  0.141294E+01  0.395572E+00
  0.275677E+01  0.844567E+00  0.393595E+00
  0.275906E+01 -0.128136E-01  0.394267E+00
  0.276134E+01  0.645126E+00  0.395501E+00
  0.276362E+01  0.201890E+01  0.396766E+00
  0.276591E+01  0.181457E+01  0.394116E+00
  0.276819E+01  0.132117E+01  0.396177E+00
  0.277047E+01  0.155361E+01  0.397916E+00
  0.277276E+01  0.147504E+01  0.395099E+00
  0.277504E+01  0.114776E+01  0.395729E+00
  0.277732E+01  0.111037E+01  0.393162E+00
  0.277961E+01  0.188358E+01  0.395592E+00
  0.278189E+01  0.167141E+01  0.396666E+00
  0.278417E+01  0.997381E+00  0.395156E+00
  0.278645E+01  0.376195E+00  0.394444E+00
  0.278874E+01  0.152903E+01  0.396503E+00
  0.279102E+01  0.306731E+01  0.398398E+00
  0.279330E+01  0.221413E+01  0.396607E+00
  0.279559E+01  0.109624E+01  0.397300E+00
  0.279787E+01  0.195813E+01  0.398714E+00
  0.280015E+01  0.255231E+01  0.398572E+00
  0.280244E+01  0.155209E+01  0.395295E+00
  0.280472E+01  0.152271E+01  0.395081E+00
  0.280700E+01  0.127685E+01  0.395211E+00
  0.280929E+01  0.153807E+01  0.396731E+00
  0.281157E+01  0.151590E+01  0.395370E+00
  0.281385E+01  0.149156E+01  0.396378E+00
  0.281614E+01  0.257520E+01  0.396901E+00
  0.281842E+01  0.152579E+01  0.395145E+00
  0.282070E+01  0.104011E+01  0.392526E+00
  0.282298E+01  0.148794E+01  0.396179E+00
  0.282527E+01  0.210006E+01  0.393952E+00
  0.282755E+01  0.279411E+01  0.395520E+00
  0.282983E+01  0.286937E+01  0.398518E+00
  0.283212E+01  0.222727E+01  0.397442E+00
  0.283440E+01  0.129233E+01  0.397453E+00
  0.283668E+01  0.159726E+01  0.396754E+00
  0.283897E+01  0.121313E+01  0.395969E+00
  0.284125E+01  0.189354E+01  0.395445E+00
  0.284353E+01  0.994369E+00  0.396771E+00
  0.284582E+01  0.591555E+00  0.395691E+00
  0.284810E+01  0.126649E+01  0.395059E+00
  0.285038E+01  0.124007E+01  0.396565E+00
  0.285266E+01  0.135356E+01  0.397360E+00
  0.285495E+01  0.190211E+01  0.395353E+00
  0.285723E+01  0.106894E+01  0.397174E+00
  0.285951E+01  0.166999E+01  0.397157E+00
  0.286180E+01  0.165115E+01  0.399255E+00
  0.286408E+01  0.193246E+01  0.397429E+00
  0.286636E+01  0.932628E+00  0.395253E+00
  0.286865E+01  0.188680E+01  0.397010E+00
  0.287093E+01  0.249891E+01  0.395739E+00
  0.287321E+01  0.280603E+01  0.395812E+00
  0.287550E+01  0.215058E+01  0.398234E+00
  0.287778E+01  0.100864E+01  0.397625E+00
  0.288006E+01  0.814674E+00  0.397038E+00
  0.288235E+01  0.159724E+01  0.397244E+00
  0.288463E+01  0.205329E+01  0.397840E+00
  0.288691E+01  0.225424E+01  0.397487E+00
  0.288919E+01  0.194359E+01  0.396831E+00
  0.289148E+01  0.149781E+01  0.396627E+00
  0.289376E+01  0.204764E+01  0.395592E+00
  0.289604E+01  0.154719E+01  0.397829E+00
  0.289833E+01  0.993101E+00  0.394746E+00
  0.290061E+01  0.179036E+01  0.396901E+00
  0.290289E+01  0.241220E+01  0.397714E+00
  0.290518E+01  0.180030E+01  0.397026E+00
  0.290746E+01  0.291938E+01  0.397528E+00
  0.290974E+01  0.219292E+01  0.399007E+00
  0.291203E+01  0.186129E+01  0.398078E+00
  0.291431E+01  0.230454E+01  0.398268E+00
  0.291659E+01  0.168970E+01  0.395789E+00
  0.291887E+01  0.164799E+01  0.395096E+00
  0.292116E+01  0.231299E+01  0.396964E+00
  0.292344E+01  0.242857E+01  0.396652E+00
  0.292572E+01  0.244703E+01  0.397347E+00
  0.292801E+01  0.194777E+01  0.398139E+00
  0.293029E+01  0.751120E+00  0.396144E+00
  0.293257E+01  0.159578E+01  0.395070E+00
  0.293486E+01  0.207787E+01  0.397655E+00
  0.293714E+01  0.227068E+01  0.397709E+00
  0.293942E+01  0.248253E+01  0.396664E+00
  0.294171E+01  0.799126E+00  0.395202E+00
  0.294399E+01  0.133429E+01  0.397428E+00
  0.294627E+01  0.187344E+01  0.396575E+00
  0.294856E+01  0.204318E+01  0.396712E+00
  0.295084E+01  0.264496E+01  0.396713E+00
  0.295312E+01  0.260969E+01  0.398118E+00
  0.295540E+01  0.154096E+01  0.397311E+00
  0.295769E+01  0.211669E+01  0.396672E+00
  0.295997E+01  0.262133E+01  0.397039E+00
  0.296225E+01  0.221156E+01  0.396708E+00
  0.296454E+01  0.200841E+01  0.398190E+00
  0.296682E+01  0.204173E+01  0.394991E+00
  0.296910E+01  0.206055E+01  0.397629E+00
  0.297139E+01  0.229809E+01  0.399264E+00
  0.297367E+01  0.238752E+01  0.398060E+00
  0.297595E+01  0.265730E+01  0.398767E+00
  0.297824E+01  0.159678E+01  0.398904E+00
  0.298052E+01  0.100867E+01  0.396011E+00
  0.298280E+01  0.141806E+01  0.397545E+00
  0.298508E+01  0.148241E+01  0.397399E+00
  0.298737E+01  0.179205E+01  0.398317E+00
  0.298965E+01  0.174146E+01  0.398305E+00
  0.299193E+01  0.216907E+01  0.397569E+00
  0.299422E+01  0.161197E+01  0.397502E+00
  0.299650E+01  0.954493E+00  0.396587E+00
  0.299878E+01  0.671697E+00  0.394949E+00
  0.300107E+01  0.162197E+01  0.397982E+00
  0.300335E+01  0.225319E+01  0.398257E+00
  0.300563E+01  0.166652E+01  0.397441E+00
  0.300792E+01  0.193544E+01  0.398677E+00
  0.301020E+01  0.185863E+01  0.396069E+00
  0.301248E+01  0.217292E+01  0.397034E+00
  0.301477E+01  0.207429E+01  0.397303E+00
  0.301705E+01  0.208623E+01  0.397842E+00
  0.301933E+01  0.259775E+01  0.397038E+00
  0.302161E+01  0.186637E+01  0.397561E+00
  0.302390E+01  0.226780E+01  0.398124E+00
  0.302618E+01  0.249612E+01  0.398897E+00
  0.302846E+01  0.250678E+01  0.398127E+00
  0.303075E+01  0.243963E+01  0.395978E+00
  0.303303E+01  0.207540E+01  0.394949E+00
  0.303531E+01  0.104692E+01  0.395655E+00
  0.303760E+01  0.101531E+01  0.396579E+00
  0.303988E+01  0.192327E+01  0.398827E+00
  0.304216E+01  0.163497E+01  0.398466E+00
  0.304445E+01  0.129509E+01  0.395671E+00
  0.304673E+01  0.130803E+01  0.398004E+00
  0.304901E+01  0.128541E+01  0.397761E+00
  0.305129E+01  0.219841E+01  0.399386E+00
  0.305358E+01  0.229422E+01  0.397603E+00
  0.305586E+01  0.208116E+01  0.395962E+00
  0.305814E+01  0.113796E+01  0.396736E+00
  0.306043E+01  0.218109E+01  0.396420E+00
  0.306271E+01  0.219092E+01  0.394063E+00
  0.306499E+01  0.225089E+01  0.394860E+00
  0.306728E+01  0.150099E+01  0.397253E+00
  0.306956E+01  0.175668E+01  0.397081E+00
  0.307184E+01  0.137153E+01  0.397152E+00
  0.307413E+01  0.197164E+01  0.398416E+00
  0.307641E+01  0.194224E+01  0.398843E+00
  0.307869E+01  0.143384E+01  0.397539E+00
  0.308098E+01  0.236842E+01  0.397108E+00
  0.308326E+01  0.175328E+01  0.399406E+00
  0.308554E+01  0.885030E+00  0.398591E+00
  0.308782E+01  0.152752E+01  0.397379E+00
  0.309011E+01  0.164503E+01  0.395948E+00
  0.309239E+01  0.252180E+01  0.399866E+00
  0.309467E+01  0.194726E+01  0.397306E+00
  0.309696E+01  0.147751E+01  0.396105E+00
  0.309924E+01  0.134271E+01  0.397443E+00
  0.310152E+01  0.202769E+01  0.397734E+00
  0.310381E+01  0.141884E+01  0.398088E+00
  0.310609E+01  0.268402E+01  0.398193E+00
  0.310837E+01  0.216751E+01  0.399033E+00
  0.311066E+01  0.167911E+01  0.399371E+00
  0.311294E+01  0.174586E+01  0.398021E+00
  0.311522E+01  0.148049E+01  0.398075E+00
  0.311751E+01  0.168519E+01  0.396905E+00
  0.311979E+01  0.260108E+01  0.398560E+00
  0.312207E+01  0.271802E+01  0.398087E+00
  0.312435E+01  0.209657E+01  0.397983E+00
  0.312664E+01  0.117620E+01  0.398392E+00
  0.312892E+01  0.204449E+01  0.397973E+00
  0.313120E+01  0.127332E+01  0.398512E+00
  0.313349E+01  0.105446E+01  0.398009E+00
  0.313577E+01  0.136490E+01  0.399064E+00
  0.313805E+01  0.197365E+01  0.397628E+00
  0.314034E+01  0.109286E+01  0.399944E+00
  0.314262E+01  0.199006E+01  0.397405E+00
  0.314490E+01  0.270134E+01  0.397868E+00
  0.314719E+01  0.218800E+01  0.399251E+00
  0.314947E+01  0.188965E+01  0.397795E+00
  0.315175E+01  0.102114E+01  0.398728E+00
  0.315403E+01  0.105112E+01  0.398399E+00
  0.315632E+01  0.228251E+01  0.399542E+00
  0.315860E+01  0.163815E+01  0.398697E+00
  0.316088E+01  0.254146E+01  0.397775E+00
  0.316317E+01  0.166644E+01  0.399506E+00
  0.316545E+01  0.210185E+01  0.398380E+00
  0.316773E+01  0.109622E+01  0.398361E+00
  0.317002E+01  0.171205E+01  0.396714E+00
  0.317230E+01  0.226426E+01  0.398771E+00
  0.317458E+01  0.256844E+01  0.398526E+00
  0.317687E+01  0.199121E+01  0.398858E+00
  0.317915E+01  0.195976E+01  0.399230E+00
  0.318143E+01  0.793643E+00  0.399461E+00
  0.318372E+01  0.106075E+01  0.396488E+00
  0.318600E+01  0.704837E+00  0.400063E+00
  0.318828E+01  0.211708E+01  0.400798E+00
  0.319056E+01  0.257712E+01  0.398542E+00
  0.319285E+01  0.257482E+01  0.399986E+00
  0.319513E+01  0.314048E+01  0.400502E+00
  0.319741E+01  0.286569E+01  0.399054E+00
  0.319970E+01  0.189995E+01  0.398852E+00
  0.320198E+01  0.162958E+01  0.397432E+00
  0.320426E+01  0.104317E+01  0.400140E+00
  0.320655E+01  0.104010E+01  0.399915E+00
  0.320883E+01  0.182230E+01  0.398668E+00
  0.321111E+01  0.194590E+01  0.399665E+00
  0.321340E+01  0.167957E+01  0.398986E+00
  0.321568E+01  0.299862E+01  0.400643E+00
  0.321796E+01  0.299955E+01  0.400404E+00
  0.322024E+01  0.206280E+01  0.398647E+00
  0.322253E+01  0.224321E+01  0.398675E+00
  0.322481E+01  0.889353E+00  0.399244E+00
  0.322709E+01  0.744361E+00  0.400382E+00
  0.322938E+01  0.220575E+01  0.397917E+00
  0.323166E+01  0.202169E+01  0.400288E+00
  0.323394E+01  0.138411E+01  0.400883E+00
  0.323623E+01  0.116274E+01  0.400359E+00
  0.323851E+01  0.124099E+01  0.399694E+00
  0.324079E+01  0.121632E+01  0.399918E+00
  0.324308E+01  0.114470E+01  0.398640E+00
  0.324536E+01  0.238673E+01  0.401229E+00
  0.324764E+01  0.251060E+01  0.401344E+00
  0.324993E+01  0.166985E+01  0.400880E+00
  0.325221E+01  0.158108E+01  0.399252E+00
  0.325449E+01  0.210796E+01  0.397266E+00
  0.325677E+01  0.265939E+01  0.400872E+00
  0.325906E+01  0.130456E+01  0.399341E+00
  0.326134E+01  0.848781E+00  0.398377E+00
  0.326362E+01  0.120011E+01  0.400001E+00
  0.326591E+01  0.116400E+01  0.401005E+00
  0.326819E+01  0.159369E+01  0.397976E+00
  0.327047E+01  0.150613E+01  0.400820E+00
  0.327276E+01  0.109661E+01  0.400406E+00
  0.327504E+01  0.144826E+01  0.401931E+00
  0.327732E+01  0.189104E+01  0.400272E+00
  0.327961E+01  0.895106E+00  0.400764E+00
  0.328189E+01  0.190825E+01  0.400520E+00
  0.328417E+01  0.200450E+01  0.401515E+00
  0.328645E+01  0.155468E+01  0.399871E+00
  0.328874E+01  0.282309E+01  0.398687E+00
  0.329102E+01  0.168848E+01  0.398856E+00
  0.329330E+01  0.184706E+01  0.401024E+00
  0.329559E+01  0.195672E+01  0.402161E+00
  0.329787E+01  0.237117E+01  0.401968E+00
  0.330015E+01  0.232889E+01  0.401919E+00
  0.330244E+01  0.271863E+01  0.400349E+00
  0.330472E+01  0.190955E+01  0.401068E+00
  0.330700E+01  0.196024E+01  0.400161E+00
  0.330929E+01  0.114655E+01  0.398979E+00
  0.331157E+01  0.118677E+01  0.401541E+00
  0.331385E+01  0.129703E+01  0.402633E+00
  0.331614E+01  0.127167E+01  0.402887E+00
  0.331842E+01  0.896650E+00  0.402257E+00
  0.332070E+01  0.178828E+01  0.402009E+00
  0.332298E+01  0.165413E+01  0.400791E+00
  0.332527E+01  0.256229E+01  0.402670E+00
  0.332755E+01  0.180616E+01  0.401793E+00
  0.332983E+01  0.132476E+01  0.400762E+00
  0.333212E+01  0.105074E+01  0.401637E+00
  0.333440E+01  0.112692E+01  0.402640E+00
  0.333668E+01  0.143537E+01  0.401879E+00
  0.333897E+01  0.192426E+01  0.403575E+00
  0.334125E+01  0.246691E+01  0.403317E+00
  0.334353E+01  0.211716E+01  0.401395E+00
  0.334582E+01  0.143277E+01  0.403165E+00
  0.334810E+01  0.136225E+01  0.401244E+00
  0.335038E+01  0.198800E+01  0.401848E+00
  0.335266E+01  0.247980E+01  0.402502E+00
  0.335495E+01  0.235461E+01  0.402577E+00
  0.335723E+01  0.181191E+01  0.402396E+00
  0.335951E+01  0.227347E+01  0.403140E+00
  0.336180E+01  0.183503E+01  0.403004E+00
  0.336408E+01  0.151562E+01  0.399452E+00
  0.336636E+01  0.172101E+01  0.400453E+00
  0.336865E+01  0.146512E+01  0.403003E+00
  0.337093E+01  0.152143E+01  0.402133E+00
  0.337321E+01  0.219816E+01  0.401000E+00
  0.337550E+01  0.243439E+01  0.404414E+00
  0.337778E+01  0.236457E+01  0.401853E+00
  0.338006E+01  0.190352E+01  0.403647E+00
  0.338235E+01  0.140783E+01  0.402980E+00
  0.338463E+01  0.177390E+01  0.402722E+00
  0.338691E+01  0.318265E+01  0.403321E+00
  0.338919E+01  0.217692E+01  0.403987E+00
  0.339148E+01  0.130247E+01  0.402533E+00
  0.339376E+01  0.111755E+01  0.402519E+00
  0.339604E+01  0.112110E+01  0.403303E+00
  0.339833E+01  0.266815E+01  0.404339E+00
  0.340061E+01  0.211876E+01  0.402119E+00
  0.340289E+01  0.202603E+01  0.403363E+00
  0.340518E+01  0.138169E+01  0.403247E+00
  0.340746E+01  0.311976E+01  0.403817E+00
  0.340974E+01  0.168023E+01  0.404685E+00
  0.341203E+01  0.240242E+01  0.404178E+00
  0.341431E+01  0.199950E+01  0.404981E+00
  0.341659E+01  0.166545E+01  0.403470E+00
  0.341887E+01  0.834494E+00  0.403228E+00
  0.342116E+01  0.160297E+01  0.402735E+00
  0.342344E+01  0.810171E+00  0.401920E+00
  0.342572E+01  0.906873E+00  0.402244E+00
  0.342801E+01  0.193734E+01  0.402558E+00
  0.343029E+01  0.190280E+01  0.404008E+00
  0.343257E+01  0.207245E+01  0.405635E+00
  0.343486E+01  0.255310E+01  0.405323E+00
  0.343714E+01  0.208519E+01  0.402947E+00
  0.343942E+01  0.232822E+01  0.404811E+00
  0.344171E+01  0.213344E+01  0.403671E+00
  0.344399E+01  0.183058E+01  0.403836E+00
  0.344627E+01  0.184654E+01  0.403683E+00
  0.344856E+01  0.174091E+01  0.401970E+00
  0.345084E+01  0.194430E+01  0.405266E+00
  0.345312E+01  0.192437E+01  0.403558E+00
  0.345540E+01  0.140271E+01  0.403656E+00
  0.345769E+01  0.161098E+01  0.403788E+00
  0.345997E+01  0.137008E+01  0.405288E+00
  0.346225E+01  0.891470E+00  0.404804E+00
  0.346454E+01  0.168321E+01  0.406560E+00
  0.346682E+01  0.182548E+01  0.404502E+00
  0.346910E+01  0.157093E+01  0.405788E+00
  0.347139E+01  0.237486E+01  0.404566E+00
  0.347367E+01  0.205566E+01  0.403714E+00
  0.347595E+01  0.177957E+01  0.403851E+00
  0.347824E+01  0.145957E+01  0.404771E+00
  0.348052E+01  0.167421E+01  0.403921E+00
  0.348280E+01  0.146161E+01  0.404424E+00
  0.348508E+01  0.244421E+01  0.405980E+00
  0.348737E+01  0.211654E+01  0.406853E+00
  0.348965E+01  0.209173E+01  0.407250E+00
  0.349193E+01  0.790058E+00  0.406097E+00
  0.349422E+01  0.719355E+00  0.405886E+00
  0.349650E+01  0.129322E+01  0.405691E+00
  0.349878E+01  0.144942E+01  0.406442E+00
  0.350107E+01  0.312152E+01  0.406464E+00
  0.350335E+01  0.265324E+01  0.406783E+00
  0.350563E+01  0.258144E+01  0.407376E+00
  0.350792E+01  0.259346E+01  0.405990E+00
  0.351020E+01  0.231976E+01  0.407091E+00
  0.351248E+01  0.196813E+01  0.406215E+00
  0.351477E+01  0.178791E+01  0.405628E+00
  0.351705E+01  0.152562E+01  0.407023E+00
  0.351933E+01  0.152627E+01  0.404545E+00
  0.352161E+01  0.211072E+01  0.406090E+00
  0.352390E+01  0.213142E+01  0.407266E+00
  0.352618E+01  0.147716E+01  0.406807E+00
  0.352846E+01  0.126383E+01  0.406496E+00
  0.353075E+01  0.143607E+01  0.407068E+00
  0.353303E+01  0.164439E+01  0.405672E+00
  0.353531E+01  0.186239E+01  0.406734E+00
  0.353760E+01  0.163065E+01  0.405988E+00
  0.353988E+01  0.214106E+01  0.406163E+00
  0.354216E+01  0.197096E+01  0.406810E+00
  0.354445E+01  0.255395E+01  0.408619E+00
  0.354673E+01  0.325031E+01  0.406235E+00
  0.354901E+01  0.307070E+01  0.405110E+00
  0.355129E+01  0.398798E+01  0.408987E+00
  0.355358E+01  0.300043E+01  0.408058E+00
  0.355586E+01  0.222054E+01  0.406513E+00
  0.355814E+01  0.329691E+00  0.406037E+00
  0.356043E+01  0.103589E+01  0.404561E+00
  0.356271E+01  0.113464E+01  0.407559E+00
  0.356499E+01  0.592503E+00  0.408157E+00
  0.356728E+01  0.127503E+01  0.407833E+00
  0.356956E+01  0.123145E+01  0.407352E+00
  0.357184E+01  0.132626E+01  0.407971E+00
  0.357413E+01  0.104403E+01  0.409066E+00
  0.357641E+01  0.229113E+01  0.408016E+00
  0.357869E+01  0.265436E+01  0.410660E+00
  0.358098E+01  0.162317E+01  0.409459E+00
  0.358326E+01  0.214280E+01  0.408116E+00
  0.358554E+01  0.265186E+01  0.407779E+00
  0.358782E+01  0.666173E+00  0.407721E+00
  0.359011E+01  0.160437E+01  0.407688E+00
  0.359239E+01  0.149643E+01  0.408532E+00
  0.359467E+01  0.165855E+01  0.407413E+00
  0.359696E+01  0.137946E+01  0.409935E+00
  0.359924E+01  0.893723E+00  0.408060E+00
  0.360152E+01  0.144349E+01  0.405391E+00
  0.360381E+01  0.194246E+01  0.409109E+00
  0.360609E+01  0.224883E+01  0.408968E+00
  0.360837E+01  0.287127E+01  0.407888E+00
  0.361066E+01  0.221929E+01  0.409915E+00
  0.361294E+01  0.275992E+01  0.408819E+00
  0.361522E+01  0.251248E+01  0.410068E+00
  0.361750E+01  0.199582E+01  0.409869E+00
  0.361979E+01  0.331067E+01  0.408878E+00
  0.362207E+01  0.299742E+01  0.410289E+00
  0.362435E+01  0.301696E+01  0.409941E+00
  0.362664E+01  0.288885E+01  0.409771E+00
  0.362892E+01  0.202475E+01  0.409489E+00
  0.363120E+01  0.158428E+01  0.408474E+00
  0.363349E+01  0.108424E+01  0.408391E+00
  0.363577E+01  0.143086E+01  0.409359E+00
  0.363805E+01  0.171474E+01  0.409440E+00
  0.364034E+01  0.252216E+01  0.406706E+00
  0.364262E+01  0.165499E+01  0.409257E+00
  0.364490E+01  0.148819E+01  0.409053E+00
  0.364719E+01  0.115379E+01  0.408015E+00
  0.364947E+01  0.681357E+00  0.409235E+00
  0.365175E+01  0.121129E+01  0.410629E+00
  0.365403E+01  0.237324E+01  0.411016E+00
  0.365632E+01  0.226881E+01  0.410440E+00
  0.365860E+01  0.162006E+01  0.410819E+00
  0.366088E+01  0.118563E+01  0.409550E+00
  0.366317E+01  0.154201E+01  0.411476E+00
  0.366545E+01  0.267238E+01  0.411223E+00
  0.366773E+01  0.782499E+00  0.408209E+00
  0.367002E+01  0.474391E+00  0.409176E+00
  0.367230E+01  0.117772E+01  0.409203E+00
  0.367458E+01  0.202276E+01  0.411312E+00
  0.367687E+01  0.257050E+01  0.409984E+00
  0.367915E+01  0.278326E+01  0.409746E+00
  0.368143E+01  0.252229E+01  0.411810E+00
  0.368371E+01  0.282551E+01  0.413055E+00
  0.368600E+01  0.131575E+01  0.412825E+00
  0.368828E+01  0.175809E+01  0.410920E+00
  0.369056E+01  0.206385E+01  0.411834E+00
  0.369285E+01  0.297114E+01  0.412261E+00
  0.369513E+01  0.282222E+01  0.412258E+00
  0.369741E+01  0.821835E+00  0.409983E+00
  0.369970E+01  0.964528E+00  0.410612E+00
  0.370198E+01  0.113829E+01  0.411391E+00
  0.370426E+01  0.170273E+01  0.410553E+00
  0.370655E+01  0.203453E+01  0.410580E+00
  0.370883E+01  0.186067E+01  0.412174E+00
  0.371111E+01  0.150128E+01  0.412634E+00
  0.371340E+01  0.138799E+01  0.413211E+00
  0.371568E+01  0.124731E+01  0.411671E+00
  0.371796E+01  0.154067E+01  0.411599E+00
  0.372024E+01  0.236666E+00  0.411336E+00
  0.372253E+01  0.585374E+00  0.411006E+00
  0.372481E+01  0.129845E+01  0.411243E+00
  0.372709E+01  0.220465E+01  0.410817E+00
  0.372938E+01  0.241103E+01  0.411523E+00
  0.373166E+01  0.159253E+01  0.412778E+00
  0.373394E+01  0.142587E+01  0.410899E+00
  0.373623E+01  0.162746E+01  0.409888E+00
  0.373851E+01  0.192275E+01  0.412597E+00
  0.374079E+01  0.163595E+01  0.411571E+00
  0.374308E+01  0.879490E+00  0.413421E+00
  0.374536E+01  0.121248E+01  0.413876E+00
  0.374764E+01  0.443967E+00  0.412753E+00
  0.374992E+01  0.466094E+00  0.410479E+00
  0.375221E+01  0.110465E+01  0.411509E+00
  0.375449E+01  0.175847E+01  0.412725E+00
  0.375677E+01  0.918132E+00  0.411249E+00
  0.375906E+01  0.746841E+00  0.411692E+00
  0.376134E+01  0.129514E+01  0.413759E+00
  0.376362E+01  0.176042E+01  0.414258E+00
  0.376591E+01  0.163063E+01  0.412998E+00
  0.376819E+01  0.150569E+01  0.412217E+00
  0.377047E+01  0.148098E+01  0.410516E+00
  0.377276E+01  0.200957E+01  0.413046E+00
  0.377504E+01  0.173086E+01  0.413034E+00
  0.377732E+01  0.794763E+00  0.412562E+00
  0.377961E+01  0.108941E+01  0.412867E+00
  0.378189E+01  0.140075E+01  0.413834E+00
  0.378417E+01  0.585842E+00  0.412132E+00
  0.378645E+01  0.688528E+00  0.413780E+00
  0.378874E+01  0.130715E+01  0.412196E+00
  0.379102E+01  0.190580E+01  0.411929E+00
  0.379330E+01  0.214651E+01  0.412999E+00
  0.379559E+01  0.217297E+01  0.414008E+00
  0.379787E+01  0.158715E+01  0.413447E+00
  0.380015E+01  0.167354E+01  0.412504E+00
  0.380244E+01  0.153982E+01  0.412729E+00
  0.380472E+01  0.187650E+01  0.411294E+00
  0.380700E+01  0.940113E+00  0.412427E+00
  0.380929E+01  0.170966E+01  0.415572E+00
  0.381157E+01  0.181924E+01  0.414994E+00
  0.381385E+01  0.187155E+01  0.413612E+00
  0.381613E+01  0.110484E+01  0.414505E+00
  0.381842E+01  0.145514E+01  0.413721E+00
  0.382070E+01  0.229135E+01  0.414215E+00
  0.382298E+01  0.169012E+01  0.412817E+00
  0.382527E+01  0.128291E+01  0.414792E+00
  0.382755E+01  0.138196E+01  0.414314E+00
  0.382983E+01  0.167831E+01  0.413256E+00
  0.383212E+01  0.165700E+01  0.413100E+00
  0.383440E+01  0.152944E+01  0.413728E+00
  0.383668E+01  0.187742E+01  0.413988E+00
  0.383897E+01  0.843193E+00  0.412147E+00
  0.384125E+01  0.155857E+01  0.411027E+00
  0.384353E+01  0.115777E+01  0.414532E+00
  0.384582E+01  0.976506E+00  0.413951E+00
  0.384810E+01  0.161918E+01  0.414113E+00
  0.385038E+01  0.180295E+01  0.414141E+00
  0.385266E+01  0.148582E+01  0.411917E+00
  0.385495E+01  0.130185E+01  0.413653E+00
  0.385723E+01  0.901427E+00  0.414112E+00
  0.385951E+01  0.151219E+01  0.412727E+00
  0.386180E+01  0.168919E+01  0.414690E+00
  0.386408E+01  0.193966E+01  0.414510E+00
  0.386636E+01  0.144249E+01  0.414596E+00
  0.386865E+01  0.141649E+01  0.414602E+00
  0.387093E+01  0.998448E+00  0.413790E+00
  0.387321E+01  0.131878E+01  0.414754E+00
  0.387550E+01  0.180540E+01  0.414484E+00
  0.387778E+01  0.211090E+01  0.412458E+00
  0.388006E+01  0.989909E+00  0.413393E+00
  0.388234E+01  0.111887E+01  0.414384E+00
  0.388463E+01  0.778526E+00  0.414740E+00
  0.388691E+01  0.140500E+01  0.413661E+00
  0.388919E+01  0.130804E+01  0.415166E+00
  0.389148E+01  0.133249E+01  0.414818E+00
  0.389376E+01  0.103951E+01  0.415482E+00
  0.389604E+01  0.109417E+01  0.415195E+00
  0.389833E+01  0.142242E+01  0.414827E+00
  0.390061E+01  0.158229E+01  0.416084E+00
  0.390289E+01  0.226624E+01  0.416488E+00
  0.390518E+01  0.110626E+01  0.414861E+00
  0.390746E+01  0.522611E+00  0.414544E+00
  0.390974E+01  0.105325E+01  0.416219E+00
  0.391203E+01  0.706074E+00  0.417212E+00
  0.391431E+01  0.543780E+00  0.411890E+00
  0.391659E+01  0.124018E+01  0.415049E+00
  0.391887E+01  0.257543E+01  0.416280E+00
  0.392116E+01  0.236443E+01  0.414115E+00
  0.392344E+01  0.179323E+01  0.414462E+00
  0.392572E+01  0.741638E+00  0.414171E+00
  0.392801E+01  0.122429E+01  0.414726E+00
  0.393029E+01  0.128129E+01  0.413277E+00
  0.393257E+01  0.158924E+01  0.416069E+00
  0.393486E+01  0.197286E+01  0.416054E+00
  0.393714E+01  0.148223E+01  0.416279E+00
  0.393942E+01  0.163543E+01  0.415665E+00
  0.394171E+01  0.126847E+01  0.415588E+00
  0.394399E+01  0.692100E+00  0.414119E+00
  0.394627E+01  0.815685E+00  0.414413E+00
  0.394855E+01  0.160918E+01  0.415804E+00
  0.395084E+01  0.609177E+00  0.414269E+00
  0.395312E+01  0.377394E-01  0.414819E+00
  0.395540E+01  0.869425E+00  0.416217E+00
  0.395769E+01  0.181643E+01  0.415547E+00
  0.395997E+01  0.164874E+01  0.415184E+00
  0.396225E+01  0.193533E+01  0.414967E+00
  0.396454E+01  0.817124E+00  0.415834E+00
  0.396682E+01  0.914616E+00  0.416991E+00
  0.396910E+01  0.948070E+00  0.416189E+00
  0.397139E+01  0.297412E+00  0.415950E+00
  0.397367E+01  0.205391E+01  0.416351E+00
  0.397595E+01  0.105331E+01  0.416167E+00
  0.397824E+01  0.654850E+00  0.416445E+00
  0.398052E+01  0.181089E+01  0.418116E+00
  0.398280E+01  0.156216E+01  0.417275E+00
  0.398508E+01  0.172760E+01  0.418115E+00
  0.398737E+01  0.138850E+01  0.416700E+00
  0.398965E+01  0.258895E+00  0.416487E+00
  0.399193E+01  0.126524E+01  0.416642E+00
  0.399422E+01  0.164652E+01  0.418483E+00
  0.399650E+01  0.116680E+01  0.416874E+00
  0.399878E+01  0.126546E+01  0.417420E+00
  0.400107E+01  0.168070E+01  0.416649E+00
  0.400335E+01  0.138909E+01  0.416776E+00
  0.400563E+01  0.167462E+00  0.417326E+00
  0.400792E+01  0.161849E+01  0.415332E+00
  0.401020E+01  0.130350E+01  0.417944E+00
  0.401248E+01  0.170257E+01  0.417525E+00
  0.401477E+01  0.173642E+01  0.417331E+00
  0.401705E+01  0.170632E+01  0.416971E+00
  0.401933E+01  0.126434E+01  0.417592E+00
  0.402161E+01  0.733639E+00  0.417215E+00
  0.402390E+01  0.880703E+00  0.415946E+00
  0.402618E+01  0.104094E+01  0.418199E+00
  0.402846E+01  0.187816E+01  0.415372E+00
  0.403075E+01  0.101267E+01  0.416002E+00
  0.403303E+01  0.123294E+01  0.418275E+00
  0.403531E+01  0.166172E+01  0.417996E+00
  0.403760E+01  0.226141E+01  0.419466E+00
  0.403988E+01  0.154241E+01  0.419167E+00
  0.404216E+01  0.136340E+01  0.418366E+00
  0.404445E+01  0.149432E+01  0.417970E+00
  0.404673E+01  0.186280E+01  0.419086E+00
  0.404901E+01  0.199106E+01  0.417992E+00
  0.405129E+01  0.155039E+01  0.417726E+00
  0.405358E+01  0.309844E+00  0.418499E+00
  0.405586E+01  0.279248E+00  0.417051E+00
  0.405814E+01  0.153036E+01  0.417583E+00
  0.406043E+01  0.136470E+01  0.417611E+00
  0.406271E+01  0.219813E+01  0.418866E+00
  0.406499E+01  0.227395E+01  0.418122E+00
  0.406728E+01  0.230783E+01  0.417979E+00
  0.406956E+01  0.242333E+01  0.418990E+00
  0.407184E+01  0.269855E+01  0.420882E+00
  0.407413E+01  0.322188E+01  0.419370E+00
  0.407641E+01  0.226194E+01  0.419169E+00
  0.407869E+01  0.271862E+01  0.420338E+00
  0.408098E+01  0.237577E+01  0.418953E+00
  0.408326E+01  0.256424E+01  0.418042E+00
  0.408554E+01  0.237063E+01  0.418771E+00
  0.408782E+01  0.126896E+01  0.417735E+00
  0.409011E+01  0.138017E+01  0.417778E+00
  0.409239E+01  0.213615E+01  0.418538E+00
  0.409467E+01  0.170419E+01  0.420002E+00
  0.409696E+01  0.126065E+01  0.418237E+00
  0.409924E+01  0.162578E+01  0.418447E+00
  0.410152E+01  0.176848E+01  0.421406E+00
  0.410381E+01  0.164970E+01  0.420278E+00
  0.410609E+01  0.117700E+01  0.421301E+00
  0.410837E+01  0.106418E+01  0.420242E+00
  0.411066E+01  0.211440E+01  0.419774E+00
  0.411294E+01  0.215008E+01  0.420837E+00
  0.411522E+01  0.112753E+01  0.418334E+00
  0.411750E+01  0.241599E+01  0.420141E+00
  0.411979E+01  0.157387E+01  0.419640E+00
  0.412207E+01  0.120698E+01  0.419261E+00
  0.412435E+01  0.863498E+00  0.420297E+00
  0.412664E+01  0.110916E+01  0.420740E+00
  0.412892E+01  0.112121E+01  0.418115E+00
  0.413120E+01  0.136337E+01  0.422100E+00
  0.413349E+01  0.927454E+00  0.420154E+00
  0.413577E+01  0.185733E+01  0.419682E+00
  0.413805E+01  0.165513E+01  0.419718E+00
  0.414034E+01  0.123915E+01  0.420630E+00
  0.414262E+01  0.243534E+01  0.421002E+00
  0.414490E+01  0.292224E+01  0.418268E+00
  0.414719E+01  0.160987E+01  0.420216E+00
  0.414947E+01  0.144097E+01  0.421451E+00
  0.415175E+01  0.245307E+01  0.420884E+00
  0.415403E+01  0.172942E+01  0.420651E+00
  0.415632E+01  0.170231E+01  0.420262E+00
  0.415860E+01  0.185036E+01  0.421893E+00
  0.416088E+01  0.173837E+01  0.421819E+00
  0.416317E+01  0.186885E+01  0.421900E+00
  0.416545E+01  0.253411E+01  0.423010E+00
  0.416773E+01  0.200772E+01  0.421239E+00
  0.417002E+01  0.656449E+00  0.418944E+00
  0.417230E+01  0.868592E+00  0.420540E+00
  0.417458E+01  0.223554E+01  0.422212E+00
  0.417687E+01  0.264825E+01  0.422043E+00
  0.417915E+01  0.271651E+01  0.422769E+00
  0.418143E+01  0.181554E+01  0.423450E+00
  0.418371E+01  0.186664E+01  0.423030E+00
  0.418600E+01  0.149173E+01  0.421870E+00
  0.418828E+01  0.277975E+01  0.422511E+00
  0.419056E+01  0.177224E+01  0.420284E+00
  0.419285E+01  0.625744E+00  0.422121E+00
  0.419513E+01  0.124067E+01  0.424540E+00
  0.419741E+01  0.157234E+01  0.422259E+00
  0.419970E+01  0.194823E+01  0.422495E+00
  0.420198E+01  0.176924E+01  0.424462E+00
  0.420426E+01  0.168289E+01  0.422598E+00
  0.420655E+01  0.169240E+01  0.421680E+00
  0.420883E+01  0.123428E+01  0.420201E+00
  0.421111E+01  0.165631E+01  0.421763E+00
  0.421340E+01  0.133002E+01  0.421425E+00
  0.421568E+01  0.125239E+01  0.423435E+00
  0.421796E+01  0.131132E+01  0.422946E+00
  0.422024E+01  0.162788E+01  0.423275E+00
  0.422253E+01  0.180853E+01  0.421169E+00
  0.422481E+01  0.215408E+01  0.424136E+00
  0.422709E+01  0.237994E+01  0.424704E+00
  0.422938E+01  0.162038E+01  0.423108E+00
  0.423166E+01  0.167065E+01  0.422304E+00
  0.423394E+01  0.154045E+01  0.423560E+00
  0.423623E+01  0.133549E+01  0.423993E+00
  0.423851E+01  0.114215E+01  0.424060E+00
  0.424079E+01  0.173437E+01  0.424411E+00
  0.424308E+01  0.133209E+01  0.421986E+00
  0.424536E+01  0.219659E+01  0.423162E+00
  0.424764E+01  0.221056E+01  0.426353E+00
  0.424992E+01  0.265609E+01  0.422918E+00
  0.425221E+01  0.139366E+01  0.423811E+00
  0.425449E+01  0.156880E+01  0.424966E+00
  0.425677E+01  0.230374E+01  0.426034E+00
  0.425906E+01  0.213115E+01  0.425826E+00
  0.426134E+01  0.160198E+01  0.424974E+00
  0.426362E+01  0.160523E+01  0.423599E+00
  0.426591E+01  0.122544E+01  0.424343E+00
  0.426819E+01  0.135482E+01  0.424799E+00
  0.427047E+01  0.239516E+01  0.425286E+00
  0.427276E+01  0.161829E+01  0.424214E+00
  0.427504E+01  0.801369E+00  0.424917E+00
  0.427732E+01  0.769665E+00  0.425577E+00
  0.427961E+01  0.132528E+01  0.424768E+00
  0.428189E+01  0.939560E+00  0.425760E+00
  0.428417E+01  0.217941E+01  0.426579E+00
  0.428645E+01  0.255183E+01  0.426073E+00
  0.428874E+01  0.198405E+01  0.426481E+00
  0.429102E+01  0.102145E+01  0.424320E+00
  0.429330E+01 -0.450826E-01  0.424695E+00
  0.429559E+01  0.936731E+00  0.426491E+00
  0.429787E+01  0.148268E+01  0.425518E+00
  0.430015E+01  0.442708E+00  0.424789E+00
  0.430244E+01  0.200936E+01  0.423855E+00
  0.430472E+01  0.217440E+01  0.424857E+00
  0.430700E+01  0.247234E+01  0.426452E+00
  0.430929E+01  0.186602E+01  0.428283E+00
  0.431157E+01  0.197120E+01  0.426867E+00
  0.431385E+01  0.249523E+01  0.427392E+00
  0.431613E+01  0.172380E+01  0.426263E+00
  0.431842E+01  0.177375E+01  0.426679E+00
  0.432070E+01  0.155755E+01  0.424607E+00
  0.432298E+01  0.119463E+01  0.425264E+00
  0.432527E+01  0.166700E+01  0.426096E+00
  0.432755E+01  0.761850E+00  0.427750E+00
  0.432983E+01 -0.493213E+00  0.424952E+00
  0.433212E+01  0.140432E+00  0.426472E+00
  0.433440E+01  0.201905E+01  0.426400E+00
  0.433668E+01  0.122362E+01  0.428422E+00
  0.433897E+01  0.105420E+01  0.428078E+00
  0.434125E+01  0.134806E+01  0.427255E+00
  0.434353E+01  0.842522E+00  0.427965E+00
  0.434582E+01  0.159214E+01  0.428553E+00
  0.434810E+01  0.123684E+01  0.426780E+00
  0.435038E+01  0.178230E+01  0.427768E+00
  0.435266E+01  0.237755E+01  0.427361E+00
  0.435495E+01  0.246460E+01  0.428914E+00
  0.435723E+01  0.182968E+01  0.426895E+00
  0.435951E+01  0.179163E+01  0.426173E+00
  0.436180E+01  0.139074E+01  0.426521E+00
  0.436408E+01  0.832705E+00  0.428900E+00
  0.436636E+01  0.242321E+00  0.428964E+00
  0.436865E+01  0.125398E+01  0.429791E+00
  0.437093E+01  0.741914E+00  0.428958E+00
  0.437321E+01  0.133447E+01  0.429712E+00
  0.437550E+01  0.171169E+01  0.430172E+00
  0.437778E+01  0.178846E+01  0.430947E+00
  0.438006E+01  0.198733E+01  0.427569E+00
  0.438234E+01  0.203805E+01  0.427307E+00
  0.438463E+01  0.195626E+01  0.429493E+00
  0.438691E+01  0.226765E+01  0.430491E+00
  0.438919E+01  0.306385E+01  0.430058E+00
  0.439148E+01  0.274631E+01  0.429884E+00
  0.439376E+01  0.161865E+01  0.429529E+00
  0.439604E+01  0.201975E+01  0.431241E+00
  0.439833E+01  0.181371E+01  0.427691E+00
  0.440061E+01  0.185904E+01  0.430470E+00
  0.440289E+01  0.162480E+01  0.429547E+00
  0.440518E+01  0.179100E+01  0.429610E+00
  0.440746E+01  0.141138E+01  0.428247E+00
  0.440974E+01  0.166585E+01  0.429578E+00
  0.441203E+01  0.106419E+01  0.428846E+00
  0.441431E+01  0.159034E+01  0.428957E+00
  0.441659E+01  0.180703E+01  0.428377E+00
  0.441887E+01  0.138322E+01  0.429083E+00
  0.442116E+01  0.110395E+01  0.429612E+00
  0.442344E+01  0.212253E+01  0.429077E+00
  0.442572E+01  0.121625E+01  0.429234E+00
  0.442801E+01  0.129986E+01  0.426811E+00
  0.443029E+01  0.224735E+01  0.430080E+00
  0.443257E+01  0.182903E+01  0.430784E+00
  0.443486E+01  0.512901E+00  0.431145E+00
  0.443714E+01  0.839515E+00  0.428283E+00
  0.443942E+01  0.109732E+01  0.431151E+00
  0.444171E+01  0.857489E+00  0.428971E+00
  0.444399E+01  0.830682E+00  0.430075E+00
  0.444627E+01  0.108206E+01  0.430737E+00
  0.444855E+01  0.221984E+01  0.430987E+00
  0.445084E+01  0.209420E+01  0.431708E+00
  0.445312E+01  0.180631E+01  0.429806E+00
  0.445540E+01  0.115897E+01  0.428634E+00
  0.445769E+01  0.201283E+01  0.427858E+00
  0.445997E+01  0.898663E+00  0.429239E+00
  0.446225E+01  0.148451E+01  0.429233E+00
  0.446454E+01  0.483910E+00  0.430945E+00
  0.446682E+01  0.731971E+00  0.430967E+00
  0.446910E+01  0.141844E+01  0.431151E+00
  0.447139E+01  0.199622E+01  0.430649E+00
  0.447367E+01  0.180531E+01  0.431988E+00
  0.447595E+01  0.169131E+01  0.430694E+00
  0.447824E+01  0.243664E+01  0.430245E+00
  0.448052E+01  0.250342E+01  0.432458E+00
  0.448280E+01  0.172585E+01  0.431822E+00
  0.448508E+01  0.157786E+01  0.432827E+00
  0.448737E+01  0.189950E+01  0.433609E+00
  0.448965E+01  0.175405E+01  0.433279E+00
  0.449193E+01  0.252970E+01  0.434616E+00
  0.449422E+01  0.144736E+01  0.432308E+00
  0.449650E+01  0.969201E+00  0.432209E+00
  0.449878E+01  0.124567E+01  0.430474E+00
  0.450107E+01  0.119977E+01  0.430878E+00
  0.450335E+01  0.160683E+01  0.433620E+00
  0.450563E+01  0.218652E+01  0.433889E+00
  0.450792E+01  0.182325E+01  0.432059E+00
  0.451020E+01  0.130623E+01  0.432477E+00
  0.451248E+01  0.838055E+00  0.432916E+00
  0.451476E+01 -0.142890E+00  0.431670E+00
  0.451705E+01  0.590368E+00  0.432834E+00
  0.451933E+01  0.183763E+01  0.431677E+00
  0.452161E+01  0.134698E+01  0.431415E+00
  0.452390E+01  0.103072E+01  0.433261E+00
  0.452618E+01  0.970227E+00  0.433270E+00
  0.452846E+01  0.133663E+01  0.433753E+00
  0.453075E+01  0.925739E+00  0.434488E+00
  0.453303E+01  0.219441E+01  0.433890E+00
  0.453531E+01  0.302460E+01  0.434952E+00
  0.453760E+01  0.190497E+01  0.433856E+00
  0.453988E+01  0.110160E+01  0.432314E+00
  0.454216E+01  0.872335E+00  0.433189E+00
  0.454445E+01  0.782456E+00  0.435660E+00
  0.454673E+01  0.127429E+01  0.436127E+00
  0.454901E+01  0.106617E+01  0.436495E+00
  0.455129E+01  0.218292E+01  0.435984E+00
  0.455358E+01  0.275367E+01  0.435599E+00
  0.455586E+01  0.163011E+01  0.435535E+00
  0.455814E+01  0.236792E+01  0.435849E+00
  0.456043E+01  0.138462E+01  0.435087E+00
  0.456271E+01  0.774975E+00  0.435885E+00
  0.456499E+01  0.795900E+00  0.435283E+00
  0.456728E+01  0.126273E+01  0.436691E+00
  0.456956E+01  0.126948E+01  0.436912E+00
  0.457184E+01  0.137696E+01  0.435398E+00
  0.457413E+01  0.192944E+01  0.435297E+00
  0.457641E+01  0.261982E+01  0.433275E+00
  0.457869E+01  0.147327E+01  0.435074E+00
  0.458097E+01  0.131448E+01  0.436232E+00
  0.458326E+01  0.186927E+01  0.434981E+00
  0.458554E+01  0.227202E+01  0.436850E+00
  0.458782E+01  0.127393E+01  0.435535E+00
  0.459011E+01  0.715616E+00  0.436143E+00
  0.459239E+01  0.660251E+00  0.433662E+00
  0.459467E+01  0.197600E+01  0.435404E+00
  0.459696E+01  0.191760E+01  0.437414E+00
  0.459924E+01  0.244516E+01  0.437292E+00
  0.460152E+01  0.953741E+00  0.436566E+00
  0.460381E+01  0.889098E+00  0.435442E+00
  0.460609E+01  0.113039E+01  0.437103E+00
  0.460837E+01  0.194736E+01  0.435635E+00
  0.461066E+01  0.271425E+01  0.436511E+00
  0.461294E+01  0.164751E+01  0.435601E+00
  0.461522E+01  0.884409E+00  0.434207E+00
  0.461750E+01  0.156629E+01  0.436013E+00
  0.461979E+01  0.100975E+01  0.436376E+00
  0.462207E+01  0.685040E+00  0.435446E+00
  0.462435E+01  0.195659E+01  0.434419E+00
  0.462664E+01  0.231935E+01  0.433591E+00
  0.462892E+01  0.830390E+00  0.435816E+00
  0.463120E+01  0.134788E+01  0.435862E+00
  0.463349E+01  0.174857E+01  0.437864E+00
  0.463577E+01  0.177115E+01  0.437116E+00
  0.463805E+01  0.139745E+01  0.435795E+00
  0.464034E+01  0.193207E+01  0.436822E+00
  0.464262E+01  0.169389E+01  0.437409E+00
  0.464490E+01  0.164938E+01  0.436850E+00
  0.464718E+01  0.191320E+01  0.435474E+00
  0.464947E+01  0.130648E+01  0.434527E+00
  0.465175E+01  0.875206E+00  0.436243E+00
  0.465403E+01  0.159558E+01  0.438011E+00
  0.465632E+01  0.220767E+01  0.436946E+00
  0.465860E+01  0.160767E+01  0.435558E+00
  0.466088E+01  0.198271E+01  0.434934E+00
  0.466317E+01  0.772037E+00  0.434465E+00
  0.466545E+01  0.296929E+00  0.436947E+00
  0.466773E+01  0.545519E+00  0.435326E+00
  0.467002E+01 -0.140846E+00  0.433119E+00
  0.467230E+01  0.890674E+00  0.436378E+00
  0.467458E+01  0.222917E+01  0.436473E+00
  0.467687E+01  0.198704E+01  0.433906E+00
  0.467915E+01  0.135746E+01  0.432858E+00
  0.468143E+01  0.140659E+01  0.434140E+00
  0.468371E+01  0.175605E+01  0.433257E+00
  0.468600E+01  0.195397E+01  0.432020E+00
  0.468828E+01  0.185999E+01  0.432236E+00
  0.469056E+01  0.297800E+01  0.432887E+00
  0.469285E+01  0.192482E+01  0.433168E+00
  0.469513E+01  0.186661E+01  0.436815E+00
  0.469741E+01  0.147963E+01  0.437511E+00
  0.469970E+01  0.149153E+01  0.442268E+00
  0.470198E+01  0.661320E+00  0.443019E+00
  0.470426E+01  0.130096E+01  0.443119E+00
  0.470655E+01  0.152243E+01  0.443333E+00
  0.470883E+01  0.300383E+01  0.445576E+00
  0.471111E+01  0.311130E+01  0.446056E+00
  0.471339E+01  0.267517E+01  0.450677E+00
  0.471568E+01  0.239504E+01  0.453190E+00
  0.471796E+01  0.195050E+01  0.455993E+00
  0.472024E+01  0.106066E+01  0.455450E+00
  0.472253E+01  0.109197E+01  0.457034E+00
  0.472481E+01  0.126339E+01  0.462468E+00
  0.472709E+01  0.104766E+01  0.464230E+00
  0.472938E+01  0.206927E+01  0.468993E+00
  0.473166E+01  0.198300E+01  0.473466E+00
  0.473394E+01  0.642940E+00  0.477959E+00
  0.473623E+01 -0.679570E+00  0.481964E+00
  0.473851E+01 -0.706126E+00  0.486260E+00
  0.474079E+01  0.727802E+00  0.489363E+00
  0.474308E+01  0.107088E+01  0.494033E+00
  0.474536E+01  0.317797E+00  0.498910E+00
  0.474764E+01  0.394668E+00  0.503458E+00
  0.474992E+01  0.120869E+01  0.510041E+00
  0.475221E+01  0.117483E+01  0.513118E+00
  0.475449E+01  0.793947E+00  0.516804E+00
  0.475677E+01  0.715601E+00  0.524563E+00
  0.475906E+01  0.743086E+00  0.526924E+00
  0.476134E+01  0.916715E+00  0.533149E+00
  0.476362E+01  0.264862E+01  0.535704E+00
  0.476591E+01  0.988937E+00  0.538910E+00
  0.476819E+01  0.203163E+01  0.546836E+00
  0.477047E+01  0.221065E+01  0.549540E+00
  0.477276E+01  0.222226E+01  0.552395E+00
  0.477504E+01  0.241430E+01  0.551517E+00
  0.477732E+01  0.228328E+01  0.555956E+00
  0.477960E+01  0.204230E+01  0.563132E+00
  0.478189E+01  0.170117E+01  0.564472E+00
  0.478417E+01  0.116765E+01  0.568010E+00
  0.478645E+01  0.178471E+01  0.570419E+00
  0.478874E+01  0.258005E+01  0.576361E+00
  0.479102E+01  0.281134E+01  0.581250E+00
  0.479330E+01  0.236054E+01  0.584648E+00
  0.479559E+01  0.238622E+01  0.591551E+00
  0.479787E+01  0.246126E+01  0.599871E+00
  0.480015E+01  0.617335E+00  0.615076E+00
  0.480244E+01 -0.424107E+00  0.622110E+00
  0.480472E+01  0.738686E+00  0.636218E+00
  0.480700E+01  0.120583E+01  0.646783E+00
  0.480929E+01  0.129338E+01  0.651257E+00
  0.481157E+01  0.154965E+01  0.661470E+00
  0.481385E+01  0.121293E+01  0.670657E+00
  0.481613E+01  0.141897E+01  0.682715E+00
  0.481842E+01  0.153036E+01  0.696420E+00
  0.482070E+01  0.236293E+00  0.706535E+00
  0.482298E+01  0.106508E+01  0.720279E+00
  0.482527E+01  0.165611E+01  0.737888E+00
  0.482755E+01  0.136534E+01  0.739098E+00
  0.482983E+01  0.207145E+01  0.754941E+00
  0.483212E+01  0.205384E+01  0.774148E+00
  0.483440E+01  0.248578E+01  0.793164E+00
  0.483668E+01  0.148247E+01  0.810611E+00
  0.483897E+01  0.158569E+01  0.877080E+00
  0.484125E+01  0.178951E+01  0.946137E+00
  0.484353E+01  0.312459E+01  0.103730E+01
  0.484581E+01  0.113756E+01  0.113261E+01
  0.484810E+01  0.874219E+00  0.123864E+01
  0.485038E+01  0.133548E+01  0.140023E+01
  0.485266E+01  0.337363E+01  0.157479E+01
  0.485495E+01  0.295132E+01  0.187660E+01
  0.485723E+01  0.463099E+01  0.233030E+01
  0.485951E+01 -0.728611E+01  0.354919E+01
