# Docking file generated by Hex 6.3 + CUDA on Thu Apr 12 17:52:45 2012.

# ReceptorSourceFile: 3sfdB.pdb
# LigandSourceFile:   3sfdB-3sfdD_initial_docking.pdb
# ComplexSourceFile:  None
#
# Apply Euler rotation (alpha,beta,gamma) to ligand, then translate by (x y z)
#
# Format: Cluster Solution RMS Etotal x y z alpha beta gamma
#
# -----------------------------------------------------------
#
1 1 -1.00 -570.08  53.143782 77.537587 -9.155787 2.628842 1.204434 1.145523
2 2 -1.00 -565.17  -46.520374 21.774878 89.972304 5.969551 1.376449 5.859505
3 3 -1.00 -550.69  65.839390 70.991660 131.665597 3.708128 1.464801 4.896566
4 5 -1.00 -542.44  -13.221154 66.877675 -22.387464 2.305190 0.670856 2.117887
5 6 -1.00 -541.72  -53.456582 29.265589 63.152483 1.132132 1.926900 2.955236
6 8 -1.00 -539.59  71.380438 12.158490 98.701714 3.501682 1.841272 3.815423
7 9 -1.00 -536.53  66.549623 12.560694 26.774672 3.340210 1.403175 3.005323
8 10 -1.00 -534.23  44.032029 70.437984 -13.894243 2.993351 1.279405 1.448506
9 11 -1.00 -531.91  -88.146377 61.725891 86.168829 0.342044 1.046200 4.554928
10 12 -1.00 -528.19  -39.519005 52.320318 105.460986 0.652454 1.624553 4.579557
11 13 -1.00 -527.45  -55.708875 39.194497 76.453836 5.750581 1.059161 5.907171
12 15 -1.00 -520.50  68.387355 5.651019 46.282536 3.215585 1.729904 3.079573
13 16 -1.00 -520.08  33.094610 78.102907 -15.636626 2.957856 1.095523 1.514114
14 19 -1.00 -510.99  -56.617586 48.284101 75.624936 5.593560 1.187434 6.088959
15 20 -1.00 -510.51  -44.753502 32.669478 108.408593 0.440473 1.179856 4.607948
16 22 -1.00 -507.93  73.794060 74.150412 123.396357 3.890581 1.319924 4.722611
17 23 -1.00 -504.06  -54.058419 33.542597 83.113076 0.601344 0.846082 4.302258
18 25 -1.00 -500.86  -55.441357 40.658328 80.140667 5.889190 0.972220 5.665002
19 28 -1.00 -497.85  27.150861 82.112942 -17.804758 2.688831 0.918452 1.295585
20 29 -1.00 -497.72  -24.029421 44.558280 -26.625469 2.059066 0.889495 2.258014
21 32 -1.00 -495.35  89.681515 37.307929 99.663074 3.805707 1.447968 4.017822
22 33 -1.00 -495.00  -68.021481 100.970788 111.625803 0.111312 1.447463 4.338184
23 38 -1.00 -490.03  -52.436146 40.859648 94.597279 0.401114 0.981931 4.426429
24 39 -1.00 -488.94  45.565855 72.330712 -10.805367 2.883078 1.267275 1.524952
25 40 -1.00 -488.13  -56.114122 19.274610 1.528202 1.900018 0.615130 3.114862
26 42 -1.00 -486.45  59.496602 5.106891 21.556075 3.141898 1.459335 2.841807
27 43 -1.00 -485.87  -50.488489 21.989909 82.786986 0.511761 2.654197 2.082302
28 45 -1.00 -482.98  69.423552 1.276900 65.559947 3.212097 1.856917 3.180332
29 50 -1.00 -480.39  67.351808 88.072452 123.185587 3.765354 1.286261 5.034421
30 51 -1.00 -480.29  -55.549061 48.072206 56.747094 0.691104 2.053182 2.696480
31 54 -1.00 -477.38  80.752589 -8.802940 69.865259 3.440203 1.831129 3.265125
32 56 -1.00 -477.08  59.312684 9.373288 109.223355 3.380959 1.950729 3.965745
33 59 -1.00 -474.50  63.617749 11.769103 23.833879 3.113252 1.705214 2.727924
34 60 -1.00 -474.31  88.432860 25.549839 94.639583 3.725223 1.507906 3.891723
35 65 -1.00 -472.36  9.128004 96.146693 -13.218977 2.446085 0.506282 1.409086
36 67 -1.00 -472.10  -5.484246 98.532515 -7.375115 2.607051 0.355176 1.529444
37 70 -1.00 -468.51  77.978800 81.152155 31.252939 2.787949 1.591271 0.942470
38 72 -1.00 -467.81  65.263664 98.316691 31.609232 2.950468 1.378753 0.798077
39 73 -1.00 -466.64  77.255028 10.743475 49.192746 3.201848 2.074343 2.826011
40 74 -1.00 -466.63  -82.594863 65.445354 101.958845 0.354234 1.229622 4.518572
41 76 -1.00 -466.27  -13.131474 65.696204 -24.991104 2.940273 0.726010 1.968801
42 77 -1.00 -465.84  -54.908523 38.410588 55.869081 1.006775 1.900168 2.834614
43 78 -1.00 -465.19  -51.355497 38.493880 80.250506 0.724064 2.607013 2.430079
44 79 -1.00 -464.39  -51.353884 25.285214 83.221500 0.007629 2.657453 1.536705
45 80 -1.00 -464.21  24.053056 -8.861656 102.410791 1.073793 1.345713 5.406102
46 81 -1.00 -463.53  -62.642549 50.066653 74.213061 0.553126 1.115347 4.523495
47 83 -1.00 -462.54  -70.657723 112.189796 51.389887 0.184853 1.450241 3.321623
48 84 -1.00 -462.03  58.046168 79.255087 -4.486714 2.800535 1.348717 1.265852
49 85 -1.00 -461.87  -51.941577 33.109093 85.970015 6.089673 1.035305 5.565621
50 87 -1.00 -461.73  -81.067033 103.514200 88.911070 0.147642 1.147227 4.235909
51 88 -1.00 -461.60  -52.519627 37.823370 51.634598 0.792507 2.047465 2.578747
52 89 -1.00 -461.05  93.070443 58.712289 104.812508 4.270377 1.756524 3.727444
53 94 -1.00 -459.36  61.725549 -1.801620 72.579608 3.162019 1.926710 3.368906
54 99 -1.00 -457.26  51.220992 23.148034 119.384505 1.520300 1.770386 5.411012
55 107 -1.00 -454.58  95.790797 59.697569 41.893269 2.270845 1.692554 0.715228
56 108 -1.00 -454.25  38.746971 -1.666048 14.824044 3.059622 0.991403 3.083816
57 112 -1.00 -453.98  58.033654 99.578869 124.774693 3.877686 1.314023 5.162057
58 113 -1.00 -453.23  57.101730 33.640714 125.168185 1.780261 1.854838 5.383350
59 115 -1.00 -452.52  -13.723873 66.163900 120.056105 2.196097 2.617121 4.870472
60 120 -1.00 -452.22  -52.177335 33.168842 54.373875 0.665426 2.177725 2.412976
61 121 -1.00 -452.16  13.589377 105.563460 -13.035391 2.784076 0.672207 1.210770
62 123 -1.00 -451.62  86.337273 18.302364 89.366953 3.648694 1.499658 3.847656
63 124 -1.00 -451.16  -89.233965 70.934082 72.008225 0.509866 1.091177 4.129939
64 125 -1.00 -451.11  86.775819 43.367276 111.689250 3.979912 1.651303 3.980754
65 128 -1.00 -450.57  -55.470612 50.596894 76.762829 5.578595 1.102857 5.914177
66 129 -1.00 -450.46  -53.625414 28.355396 66.305600 0.877849 2.293653 2.570801
67 131 -1.00 -450.04  -67.920342 71.540801 57.763875 0.293475 1.127625 3.804994
68 133 -1.00 -449.84  12.305122 61.391870 -28.060582 2.881961 1.043347 1.943062
69 134 -1.00 -449.57  66.557727 5.668627 35.189247 3.117797 1.803182 2.853078
70 137 -1.00 -448.75  66.571224 10.092926 25.911453 3.272207 1.473751 2.914610
71 138 -1.00 -448.70  42.020479 94.196663 -8.941431 2.717580 0.950824 0.951997
72 139 -1.00 -448.34  -56.502249 44.042969 67.103610 5.644892 1.033662 6.137536
73 142 -1.00 -447.42  84.631836 36.510252 101.446721 3.689032 1.390490 4.216454
74 143 -1.00 -447.27  -76.241859 102.231734 76.139986 0.175517 1.277100 3.965312
75 146 -1.00 -446.43  27.042886 124.617597 -5.870682 2.520010 0.506778 0.945045
76 150 -1.00 -444.80  60.451794 76.274112 133.104193 3.647271 1.479247 5.068994
77 151 -1.00 -444.69  61.484076 83.461812 -0.852067 2.753740 1.338495 1.072053
78 152 -1.00 -444.61  -54.492983 43.777992 56.633452 0.874409 1.938592 2.820956
79 153 -1.00 -444.54  -55.156501 41.866784 64.935458 0.972062 1.817639 3.068041
80 154 -1.00 -444.53  -89.059650 71.157330 66.822138 0.619088 1.203637 3.864448
81 155 -1.00 -443.86  14.984269 112.298569 58.682843 5.439939 1.313576 3.830991
82 157 -1.00 -443.64  52.370145 3.121519 104.998009 3.240091 2.002892 3.905458
83 158 -1.00 -443.54  -22.041634 61.612869 116.626256 6.092781 1.810655 5.008494
84 161 -1.00 -442.96  -81.100469 61.357933 102.799946 0.147135 1.208972 4.800166
85 162 -1.00 -441.88  -79.101805 85.295883 100.354722 0.093657 1.241488 4.499278
86 165 -1.00 -441.55  -45.718737 29.381000 96.986630 5.856986 2.841365 1.057548
87 167 -1.00 -441.12  -90.530939 66.677877 72.078303 0.369850 0.918806 4.411546
88 170 -1.00 -440.16  -26.803741 12.612804 -11.204147 2.734341 0.543379 2.784512
89 172 -1.00 -439.93  44.668736 117.879051 1.794206 2.044074 0.196669 0.859416
90 174 -1.00 -439.47  44.509315 10.409771 3.515763 3.085236 1.301624 2.680887
91 175 -1.00 -438.94  54.159633 -7.488799 46.694149 2.912527 1.686338 2.961296
92 176 -1.00 -437.67  -50.923255 31.186878 89.167648 6.074375 2.732806 1.418918
93 177 -1.00 -436.71  -14.381716 61.026373 133.935126 0.454302 1.926549 4.300401
94 182 -1.00 -434.74  29.397495 32.786603 -24.296857 3.374661 1.190689 2.320219
95 188 -1.00 -433.06  87.520174 43.942583 107.490983 3.944257 1.574421 4.028311
96 192 -1.00 -432.58  -39.397679 0.844840 79.400623 1.544536 2.000520 3.294800
97 196 -1.00 -432.09  87.967265 19.632418 88.617297 3.666426 1.429393 3.927418
98 197 -1.00 -431.69  -56.356451 51.572558 65.169934 5.672122 0.782689 5.780254
99 198 -1.00 -431.52  51.175654 3.866807 19.041211 3.137761 1.274613 2.944933
100 199 -1.00 -431.41  27.751791 7.876295 -1.551720 2.777311 1.232224 2.564067
101 200 -1.00 -431.38  8.424458 28.440975 -15.239172 2.918070 0.906866 2.465244
102 201 -1.00 -431.35  61.602593 106.725677 35.792945 3.053007 1.347948 0.640367
103 202 -1.00 -431.23  -83.805558 57.810499 33.659632 0.574922 1.864543 2.750449
104 203 -1.00 -431.21  82.531571 23.614518 109.545392 3.646719 1.548200 4.055083
105 209 -1.00 -430.61  66.682291 31.231675 116.262350 1.877607 1.745013 5.478389
106 213 -1.00 -430.10  30.762020 5.884513 -2.283181 2.961749 1.179609 2.672304
107 214 -1.00 -429.83  -54.556859 79.153670 58.917540 5.103561 1.024320 0.032869
108 215 -1.00 -429.23  -10.589155 53.614895 -18.728006 3.044298 0.649660 2.134863
109 216 -1.00 -429.17  74.873758 76.975338 124.344478 3.890342 1.291066 4.715130
110 218 -1.00 -428.89  -78.160678 95.754094 100.803434 0.210658 1.305249 4.275863
111 219 -1.00 -428.86  -52.009371 25.488705 66.381391 1.215567 1.957484 3.002419
112 221 -1.00 -428.53  -51.028611 0.230465 4.531867 2.068287 0.737355 3.163728
113 222 -1.00 -428.38  73.117030 12.947434 96.803165 3.501376 1.820180 3.775782
114 224 -1.00 -428.06  64.294828 74.538678 18.676978 3.029236 1.509348 1.213776
115 225 -1.00 -428.04  -54.407185 38.242311 72.656406 1.073328 1.854848 3.216179
116 227 -1.00 -427.05  83.652026 41.939657 112.733078 3.944212 1.724566 4.018459
117 229 -1.00 -426.92  70.362768 17.786806 24.751891 3.431322 1.399050 2.973392
118 232 -1.00 -426.12  30.708634 75.140324 -16.004509 2.829710 1.025023 1.532140
119 233 -1.00 -426.10  -0.059180 68.620507 -22.050345 2.691207 0.725402 1.759061
120 236 -1.00 -425.62  -18.902328 57.969776 -20.811282 2.755535 0.617499 2.168915
121 237 -1.00 -425.55  -11.780064 1.480340 37.995369 1.744627 1.776938 2.516685
122 239 -1.00 -425.14  30.064646 91.974343 -16.568261 2.581592 0.898803 1.282489
123 241 -1.00 -424.97  77.474299 61.250601 120.062988 3.547178 1.281914 4.906964
124 242 -1.00 -424.57  56.520625 39.327034 -6.451215 3.934335 0.971068 2.763313
125 246 -1.00 -424.46  85.236304 20.285921 71.280227 3.488243 2.302951 3.071682
126 249 -1.00 -423.58  -92.248480 57.533856 63.626333 0.592024 0.883688 4.237130
127 250 -1.00 -423.36  -7.128588 54.010433 120.635978 4.720224 2.209758 5.060668
128 251 -1.00 -423.33  -46.896935 17.564371 73.290536 5.878178 1.511903 6.255346
129 256 -1.00 -422.12  31.111284 77.531242 -18.720353 2.543687 0.944755 1.331540
130 258 -1.00 -421.89  -43.758403 12.102750 63.167370 1.369195 1.958161 2.902961
131 259 -1.00 -421.81  73.640784 4.950263 69.245169 3.287123 1.933637 3.185941
132 261 -1.00 -420.99  73.463048 22.547075 109.199953 3.583507 1.670386 4.176342
133 262 -1.00 -420.75  -53.492364 32.287574 71.689933 0.720926 0.703101 4.188349
134 263 -1.00 -420.59  69.358183 82.256768 5.093226 2.219630 0.818514 0.741826
135 264 -1.00 -420.51  77.175932 66.665668 123.253677 3.893413 1.361891 4.593836
136 271 -1.00 -419.31  53.591409 18.104621 113.550456 1.543835 1.647758 5.454253
137 272 -1.00 -419.25  59.407559 0.640892 92.173645 3.255377 1.978880 3.685493
138 273 -1.00 -419.18  90.314775 34.743910 93.757440 3.867625 1.538218 3.881947
139 275 -1.00 -419.04  48.467191 -2.490062 25.910381 2.896691 1.489584 2.803742
140 277 -1.00 -418.76  38.814263 6.925937 3.530006 3.125611 1.072422 2.822998
141 280 -1.00 -418.40  84.016563 30.655756 102.500872 3.817720 1.758902 3.824474
142 281 -1.00 -418.39  -38.858831 21.559763 102.678567 6.150540 1.443879 5.607271
143 282 -1.00 -418.02  -56.511237 48.581396 71.743906 5.527319 1.215476 6.184685
144 284 -1.00 -417.17  -75.388723 114.225907 58.155608 0.254333 1.260326 3.672771
145 289 -1.00 -416.82  -81.367100 63.184075 30.784468 0.760615 1.342727 3.139746
146 290 -1.00 -416.75  -55.987213 42.529135 80.549643 5.954192 0.942748 5.554690
147 291 -1.00 -416.71  -17.691870 44.576249 -28.227396 1.941013 0.958648 2.189297
148 292 -1.00 -416.48  53.286549 84.456874 -5.792775 2.699331 1.177953 1.047234
149 293 -1.00 -416.26  -46.824487 25.895771 94.415394 5.920379 1.419141 5.793903
150 295 -1.00 -415.89  -56.266522 47.452036 69.694091 0.962734 1.862904 3.150985
151 296 -1.00 -415.62  23.884569 -10.027090 102.056713 0.889070 1.544156 5.624567
152 297 -1.00 -415.49  32.136730 -13.523870 62.648014 2.554356 1.960265 2.920740
153 301 -1.00 -414.45  68.926033 106.115341 56.448908 3.005593 1.192582 0.202919
154 307 -1.00 -412.91  -45.003013 21.103740 -7.236287 2.132019 0.651772 2.878680
155 309 -1.00 -412.58  80.862792 22.161952 96.765944 3.696475 1.830452 3.714879
156 311 -1.00 -412.49  -9.640387 72.308622 -26.106700 2.991494 0.759875 1.842834
157 313 -1.00 -412.16  -36.298920 33.211722 104.493944 5.394538 2.203073 5.818909
158 314 -1.00 -412.14  -28.741519 38.834535 -23.755861 2.097498 0.878306 2.376889
159 316 -1.00 -411.81  44.529677 -0.004964 12.053577 3.119383 1.088355 2.978674
160 317 -1.00 -411.78  23.314779 95.462985 -12.590750 2.529660 0.639559 1.243664
161 319 -1.00 -411.49  -55.328684 51.410188 77.220913 5.503967 1.190081 6.068811
162 320 -1.00 -411.33  -21.872509 67.133984 117.240475 0.069178 1.820094 4.777909
163 321 -1.00 -411.31  -48.079277 47.942626 93.413002 1.092913 1.837343 3.705785
164 322 -1.00 -411.14  -53.945165 28.182452 68.046336 1.277882 1.289476 4.013304
165 324 -1.00 -410.94  -42.623971 22.605256 92.868603 1.594082 2.068943 3.833341
166 325 -1.00 -410.93  29.381729 98.644394 156.030948 3.310268 1.878431 4.946800
167 328 -1.00 -410.59  -47.691800 22.374417 76.673992 1.357544 1.328272 4.154130
168 329 -1.00 -410.40  69.664361 3.696951 70.980175 3.280591 1.953354 3.324723
169 330 -1.00 -410.29  47.681305 23.786464 122.861955 1.449690 1.833598 5.370755
170 332 -1.00 -410.20  86.927244 28.601764 100.687652 3.665547 1.447908 4.037723
171 334 -1.00 -410.05  72.579076 79.904880 116.645998 3.623352 1.231292 5.073415
172 335 -1.00 -409.70  -15.972853 62.717033 -22.400795 2.162622 0.692726 2.222172
173 337 -1.00 -409.53  -30.568955 40.248886 108.120703 0.925691 1.681132 4.701356
174 339 -1.00 -409.33  -22.591616 58.343746 115.365443 6.276666 1.749342 4.995787
175 341 -1.00 -409.29  54.179340 20.740780 116.211970 1.418721 1.831804 5.529844
176 342 -1.00 -408.83  70.556599 96.133595 35.356081 2.905112 1.454436 0.779381
177 343 -1.00 -408.50  89.535621 34.762193 92.595582 3.713137 1.307783 4.146274
178 344 -1.00 -408.44  -56.783235 54.556479 73.345382 5.510520 1.075267 6.058273
179 346 -1.00 -408.34  48.659656 125.486436 2.718620 2.548269 0.574528 0.647690
180 347 -1.00 -408.33  -55.745664 52.009672 75.641613 5.610768 1.028184 5.872223
181 348 -1.00 -408.32  -44.510557 14.002378 47.450714 1.422094 1.303154 3.294690
182 350 -1.00 -408.09  35.018658 92.392733 -13.117862 2.707285 0.897468 1.053620
183 351 -1.00 -407.62  62.648275 8.413779 20.184674 3.153410 1.533085 2.762770
184 352 -1.00 -407.47  3.099904 87.598161 -14.280636 1.920084 0.430938 1.772738
185 353 -1.00 -407.13  -55.865922 43.061734 76.870817 5.675165 1.222471 6.096107
186 354 -1.00 -407.12  -84.886156 55.317144 92.613595 0.181585 1.079907 4.839933
187 355 -1.00 -406.95  66.795511 6.729864 40.361891 3.234333 1.633522 3.077014
188 356 -1.00 -406.94  56.455139 87.756596 131.223893 3.791196 1.445603 5.109760
189 357 -1.00 -406.89  -55.936091 36.322762 61.262685 0.801418 2.166237 2.648848
190 358 -1.00 -406.85  -57.179886 52.526257 61.446581 0.816521 1.971505 2.907606
191 360 -1.00 -406.68  60.367919 17.194737 10.699629 3.157465 1.533779 2.606872
192 362 -1.00 -406.19  -21.753495 62.298565 116.644317 5.964853 1.804668 5.076224
193 364 -1.00 -405.47  -53.912175 35.345619 74.519597 1.070706 1.874744 3.262723
194 365 -1.00 -405.23  -89.639661 72.304613 59.594768 0.645401 1.162026 3.768871
195 367 -1.00 -405.02  -18.037378 114.433154 101.817980 5.103348 1.328346 5.254699
196 370 -1.00 -404.78  -49.767576 21.759342 66.792835 1.285058 1.847727 3.107349
197 371 -1.00 -404.71  42.074095 3.986327 113.456117 3.240779 2.186837 3.973794
198 372 -1.00 -404.71  86.746470 0.385038 58.380242 3.510770 1.838703 3.089331
199 374 -1.00 -404.49  -47.192706 14.685014 79.450033 1.214957 2.405113 2.933335
200 375 -1.00 -404.30  -92.880307 47.707245 79.916361 0.610586 0.920707 4.451953
201 376 -1.00 -404.29  57.162184 74.457763 -8.101047 2.166513 0.934590 1.042462
202 377 -1.00 -404.14  -78.166834 79.548435 107.473305 0.072168 1.274061 4.629363
203 380 -1.00 -403.88  85.881187 49.900933 114.252642 4.087601 1.716890 3.972636
204 382 -1.00 -403.57  -45.869240 -5.631513 2.749186 2.438044 0.532878 3.101528
205 383 -1.00 -403.54  26.568100 90.457730 -13.868526 2.279719 0.619703 1.346335
206 390 -1.00 -402.58  5.962728 82.954903 -19.140132 2.373130 0.651871 1.712197
207 391 -1.00 -402.56  -37.179816 95.038138 37.649263 4.465536 0.575707 0.409846
208 392 -1.00 -402.53  18.053936 8.077062 -2.483124 2.855390 0.974782 2.715536
209 393 -1.00 -402.23  46.696513 74.248439 -12.465249 2.912801 1.283163 1.344214
210 396 -1.00 -401.99  55.085139 -3.324919 80.195765 3.095330 2.067358 3.423011
211 397 -1.00 -401.98  17.720184 89.409138 -29.405612 5.556656 1.159766 2.176530
212 398 -1.00 -401.96  -52.692406 34.237074 86.791922 5.809092 1.270738 5.837658
213 399 -1.00 -401.76  49.599608 81.787414 -9.767450 2.695388 1.182711 1.228700
214 400 -1.00 -401.76  87.743130 66.020633 34.703372 2.632636 1.723803 0.979070
215 402 -1.00 -401.33  -13.109431 91.000370 -10.209913 2.434891 0.361794 1.805625
216 404 -1.00 -401.17  -64.448670 38.470254 2.624406 1.755260 0.356886 3.273546
217 405 -1.00 -400.90  18.344240 105.191996 79.350245 5.169798 1.500951 3.798252
218 406 -1.00 -400.89  -55.096315 38.959189 65.800585 0.950038 1.974056 2.953524
219 407 -1.00 -400.76  -49.131601 25.808828 79.240310 1.311290 1.416122 4.132389
220 409 -1.00 -400.74  -55.726496 46.780399 69.758052 5.763046 0.835160 5.739140
221 410 -1.00 -400.53  -8.543809 64.419155 121.572173 6.102000 1.998524 4.890292
222 412 -1.00 -400.49  -81.914323 60.754238 30.579911 0.616759 1.699072 2.844203
223 413 -1.00 -400.39  -53.183850 44.835135 52.966785 0.854691 1.915809 2.758385
224 414 -1.00 -400.29  -55.184465 53.217175 -7.957502 1.649155 0.533415 2.817958
225 415 -1.00 -400.18  57.993059 10.148300 18.686564 3.251573 1.273742 2.960165
226 416 -1.00 -400.16  84.959423 5.998547 74.184596 3.568796 1.859116 3.313955
227 422 -1.00 -399.15  93.092100 65.995347 42.425345 2.301822 1.523560 0.693177
228 423 -1.00 -399.08  -54.154582 39.101561 56.681203 0.829923 2.089786 2.685517
229 424 -1.00 -398.60  -61.496039 82.963234 61.945678 0.103990 1.180966 3.839927
230 428 -1.00 -398.50  -33.084677 21.595540 -20.446143 2.259084 0.935730 2.521360
231 431 -1.00 -398.32  6.102764 108.312515 -11.001282 2.580291 0.394204 1.059775
232 435 -1.00 -397.84  35.431142 78.282305 -15.908734 2.877065 1.093133 1.465217
233 437 -1.00 -397.55  -53.980115 29.146350 71.067549 0.953375 2.325981 2.703024
234 438 -1.00 -397.54  90.240700 26.817541 85.756326 3.751312 1.383339 3.888961
235 439 -1.00 -397.47  94.687928 50.177168 43.804507 2.333810 1.890525 0.977075
236 441 -1.00 -397.35  62.927489 73.330002 130.864935 3.756050 1.467063 4.935030
237 443 -1.00 -397.29  69.996999 7.482443 44.479329 3.218827 1.783775 3.008823
238 444 -1.00 -397.12  -12.775653 59.609888 -29.238299 2.027375 0.837953 2.051722
239 446 -1.00 -396.97  70.724557 40.525879 115.855599 1.909302 1.861927 5.586745
240 449 -1.00 -396.40  78.531862 24.897799 116.403717 3.669239 1.664734 4.080231
241 450 -1.00 -396.30  80.315214 13.221039 59.839351 3.256278 2.256145 2.846492
242 453 -1.00 -396.06  -89.680236 60.383994 74.838568 0.474880 0.997920 4.360450
243 454 -1.00 -396.02  47.236078 86.846699 137.195118 3.880405 1.556482 5.162465
244 456 -1.00 -395.80  79.470671 31.613842 108.353005 3.626782 1.422461 4.487516
245 457 -1.00 -395.53  69.689873 54.942562 136.474044 3.813918 1.607064 4.533610
246 458 -1.00 -395.39  -33.079134 -9.181780 23.267417 1.068550 2.131577 1.372736
247 459 -1.00 -395.22  8.971305 113.383393 60.186005 5.531348 1.436846 3.765719
248 460 -1.00 -395.17  -41.614062 14.701045 55.563025 5.985106 1.466600 0.194826
249 461 -1.00 -395.10  -55.335105 46.232079 75.306400 5.565788 1.437748 6.229495
250 463 -1.00 -394.72  76.904442 66.146141 118.498272 3.470061 1.257749 5.051200
251 464 -1.00 -394.60  -53.829224 48.927352 83.311129 5.620015 1.174036 5.834113
252 465 -1.00 -394.42  78.851126 43.081792 120.789762 3.966246 1.784929 4.102946
253 466 -1.00 -394.38  66.006807 82.544247 1.599490 2.309295 0.977777 0.861799
254 467 -1.00 -394.29  76.562868 60.049207 117.950858 3.510853 1.279573 4.904049
255 470 -1.00 -394.04  20.525527 -13.067218 17.802636 2.897321 0.739018 3.508862
256 472 -1.00 -393.97  -47.159024 16.452347 63.171607 1.299832 1.927989 2.943870
257 475 -1.00 -393.79  73.169762 3.616528 67.818530 3.257134 1.917350 3.143028
258 478 -1.00 -393.58  -89.579206 69.349536 68.186308 0.580513 1.131877 4.012145
259 480 -1.00 -393.55  -52.992205 61.194172 86.731112 5.393130 1.287905 5.957298
260 482 -1.00 -392.92  56.256750 -0.328366 92.406148 3.200001 2.002297 3.654905
261 486 -1.00 -392.69  40.530822 75.059512 -16.578215 2.582105 1.082671 1.280467
262 487 -1.00 -392.65  -41.321650 19.218618 102.139204 0.664947 2.947573 2.115322
263 488 -1.00 -392.64  -69.978546 -6.382709 64.129875 1.629693 1.277884 3.843003
264 491 -1.00 -392.50  -53.287022 53.382296 86.441768 5.899137 0.998160 5.437124
265 492 -1.00 -392.45  -26.319279 71.814396 115.215557 5.557345 1.823990 5.300396
266 493 -1.00 -392.36  -23.707673 68.143325 115.562819 6.053036 1.769272 4.931337
267 494 -1.00 -392.32  19.637579 104.040575 82.673697 5.091183 1.446380 3.956531
268 496 -1.00 -392.09  46.058993 118.407751 39.041384 3.258395 1.290512 0.703610
269 497 -1.00 -392.06  66.033990 12.180226 26.614142 3.227773 1.611018 2.859312
270 498 -1.00 -391.91  -52.290922 26.576270 60.698337 0.835462 2.254700 2.472242
271 499 -1.00 -391.84  -86.168311 78.881746 75.624776 0.388650 1.137232 4.153603
272 500 -1.00 -391.71  38.356837 6.896074 4.341867 2.989263 1.273080 2.715168
273 501 -1.00 -391.60  -35.058539 5.128675 69.463937 6.176205 1.224322 6.101138
274 502 -1.00 -391.56  -53.341545 26.973765 73.270222 1.186110 1.962900 3.164281
275 503 -1.00 -391.54  72.403214 16.008533 23.680742 3.362284 1.475757 2.889164
276 504 -1.00 -391.49  19.676791 8.637207 -2.372285 2.789443 1.106592 2.643769
277 505 -1.00 -391.44  -80.001680 96.195668 69.823710 0.232589 1.154634 4.005113
278 506 -1.00 -391.41  12.887603 99.183420 -16.902982 2.648562 0.673724 1.335728
279 507 -1.00 -391.17  87.862351 29.679943 95.203546 3.809326 1.663268 3.748128
280 508 -1.00 -391.16  -44.205812 43.873429 100.127224 0.960686 1.620950 4.459864
281 509 -1.00 -391.04  -46.553996 97.611800 51.622364 4.797095 1.038637 0.279037
282 510 -1.00 -391.03  -32.571997 72.363645 110.261300 5.674507 1.690280 5.272248
283 511 -1.00 -390.99  79.973382 18.242611 26.970637 3.759715 1.252772 3.183938
284 512 -1.00 -390.65  -55.005661 43.952274 66.266171 0.512079 2.417090 2.275452
285 514 -1.00 -390.63  -51.157336 130.269933 34.392621 6.239227 1.416334 3.222485
286 515 -1.00 -390.62  88.633548 17.192144 79.256987 3.667514 1.397589 3.821155
287 518 -1.00 -390.48  -74.356313 105.492224 46.593363 0.269170 1.423573 3.277380
288 520 -1.00 -390.33  -52.355676 27.078582 69.582784 1.165413 2.086435 2.903038
289 523 -1.00 -389.91  55.742601 116.848141 49.001850 3.159351 1.397154 0.519922
290 524 -1.00 -389.69  -82.507994 66.523870 37.850440 0.709871 1.361289 3.242738
291 527 -1.00 -389.33  15.611023 75.543931 -22.446581 2.495329 0.831061 1.506046
292 528 -1.00 -389.21  -49.728910 23.443682 71.633575 1.282720 1.822698 3.319521
293 529 -1.00 -389.18  65.223982 0.289058 58.928736 3.193126 1.766213 3.280749
294 531 -1.00 -389.07  70.089012 12.507879 29.004383 3.405864 1.363051 3.089601
295 533 -1.00 -388.69  74.050505 22.395176 116.472728 3.782588 2.285620 3.652956
296 534 -1.00 -388.60  49.572403 84.660469 -6.367347 2.772969 1.145890 1.084646
297 536 -1.00 -388.37  3.145307 48.194709 -27.059744 2.718706 0.988791 2.154975
298 537 -1.00 -388.36  9.467778 104.275542 -7.480492 2.646191 0.431926 1.173938
299 538 -1.00 -388.30  88.989903 21.890648 83.179893 3.717826 1.520165 3.744747
300 539 -1.00 -388.03  -28.068810 60.465503 113.086698 6.193069 1.694402 4.983988
301 540 -1.00 -387.92  -77.952604 19.292702 25.556431 0.960665 1.965768 2.502735
302 541 -1.00 -387.86  34.802088 -5.485296 105.512300 1.182287 1.432315 5.453019
303 543 -1.00 -387.78  -68.230846 71.334372 49.097185 0.357418 1.096511 3.672691
304 546 -1.00 -387.36  46.439506 4.599913 14.264818 3.148993 1.176018 2.938062
305 547 -1.00 -387.35  -46.213236 27.193088 97.985153 5.881702 2.844433 1.076087
306 548 -1.00 -387.30  68.290200 94.128190 31.108212 2.907024 1.411124 0.810910
307 549 -1.00 -387.28  -60.760694 -5.408460 28.605215 1.750331 1.075459 3.481205
308 550 -1.00 -387.27  -7.821300 64.249886 -22.083743 2.672320 0.676933 1.869876
309 551 -1.00 -387.26  86.495037 31.385648 102.368709 3.734029 1.490988 4.048809
310 552 -1.00 -387.25  -22.739371 64.040251 117.570812 6.164365 1.763898 5.029873
311 553 -1.00 -386.87  55.414139 90.526128 127.269314 3.750086 1.397208 5.221529
312 554 -1.00 -386.86  -94.224722 53.944405 52.736618 0.953271 1.126033 3.685227
313 556 -1.00 -386.84  -53.334302 120.410790 85.805010 6.133396 1.508024 4.075722
314 558 -1.00 -386.22  21.041483 6.371114 -0.597793 2.686181 1.195296 2.606788
315 559 -1.00 -386.20  -69.530385 114.301360 70.547037 0.078255 1.294264 3.828165
316 560 -1.00 -386.17  36.136214 86.900754 -16.654895 2.461045 0.925753 1.286714
317 561 -1.00 -386.14  53.597005 91.506865 -3.564804 2.777810 1.146391 0.943935
318 562 -1.00 -386.13  -3.622346 61.314954 -26.687476 2.903592 0.832855 2.004211
319 563 -1.00 -386.00  -63.161707 5.372677 20.197900 1.481108 0.342550 4.066404
320 564 -1.00 -385.95  65.911198 90.037266 5.727932 2.287441 0.735987 0.705225
321 566 -1.00 -385.58  -43.998278 34.185259 108.788091 0.342615 1.188886 4.645936
322 571 -1.00 -385.09  76.554314 11.375182 88.067921 3.519906 1.796003 3.612677
323 572 -1.00 -384.94  58.917814 9.521063 21.924964 3.310133 1.232236 3.047832
324 573 -1.00 -384.85  -79.306237 89.886577 18.922312 0.634675 0.368909 3.835784
325 574 -1.00 -384.83  -54.946850 34.299323 72.696667 5.736871 1.108885 6.039178
326 575 -1.00 -384.73  -95.354718 55.021382 62.814984 0.851732 1.016898 3.924807
327 576 -1.00 -384.73  86.422705 36.036464 100.692855 3.689032 1.390490 4.216454
328 577 -1.00 -384.26  48.882758 96.292515 11.237503 2.974862 1.086192 0.939956
329 578 -1.00 -384.24  57.215891 3.889276 25.814682 3.104777 1.522781 2.863570
330 579 -1.00 -384.20  -56.864091 74.495864 61.604218 5.194361 1.070695 0.019498
331 580 -1.00 -384.12  56.625426 38.843709 125.230092 1.695997 1.996854 5.437405
332 581 -1.00 -384.03  -56.679178 52.703779 67.272755 5.585398 0.905916 5.935684
333 582 -1.00 -384.02  65.210868 13.207620 107.778329 3.443933 1.876477 3.977093
334 583 -1.00 -383.72  59.072231 19.503331 11.997119 4.758855 0.297740 2.287770
335 584 -1.00 -383.49  -1.018899 91.575503 -10.770100 1.808242 0.351500 1.891887
336 586 -1.00 -383.38  -58.698970 128.081820 40.636258 0.020874 1.543363 3.204870
337 587 -1.00 -383.33  -59.434306 -9.454897 48.691277 0.825578 0.561505 5.021818
338 590 -1.00 -383.19  3.144895 59.343766 -23.276213 2.608422 0.803375 1.864728
339 592 -1.00 -383.11  56.527922 -5.582944 51.359313 2.959594 1.781610 2.967720
340 593 -1.00 -383.10  -38.868996 11.741547 83.569522 6.241207 1.189808 5.807577
341 594 -1.00 -383.06  -42.992261 19.237298 95.740900 6.248195 1.217922 5.532880
342 597 -1.00 -382.72  43.951070 67.240141 -14.572090 2.800838 1.226648 1.579136
343 598 -1.00 -382.53  -92.712595 61.448071 78.772948 0.649539 1.085721 4.174078
344 599 -1.00 -382.48  -49.223836 22.505328 -3.894476 2.059569 0.573995 2.980018
345 601 -1.00 -382.36  35.183828 98.876460 -8.460349 2.803563 0.870495 0.924161
346 602 -1.00 -382.28  59.313830 10.181036 17.515986 3.202523 1.430307 2.821506
347 604 -1.00 -382.19  -55.621844 42.783098 71.963757 5.758780 0.917990 5.764580
348 607 -1.00 -381.58  -78.707247 26.829484 97.796000 0.751895 1.167737 4.553366
349 608 -1.00 -381.42  85.634289 21.117786 97.351961 3.655673 1.565658 3.881449
350 609 -1.00 -381.19  19.704669 106.288482 -2.973331 2.665551 0.428992 1.010816
351 611 -1.00 -381.05  -17.130836 58.816969 120.829209 1.881869 2.503946 4.641186
352 612 -1.00 -380.83  69.863855 63.402488 131.191309 3.777294 1.469782 4.724151
353 615 -1.00 -380.71  -71.986907 99.804051 107.723025 0.193476 1.420535 4.271607
354 616 -1.00 -380.65  -54.359724 54.057574 53.819829 0.601199 2.018975 2.673423
355 618 -1.00 -380.63  21.916535 24.644599 -22.931469 3.352266 1.043298 2.429335
356 620 -1.00 -380.51  -36.464283 1.209276 84.507423 1.568128 2.304138 3.039211
357 622 -1.00 -380.31  -44.161722 32.554453 102.962773 5.500240 2.879104 0.777114
358 625 -1.00 -380.13  -40.423974 9.327519 47.603540 1.514696 1.337994 3.259220
359 626 -1.00 -380.11  -35.389862 87.606210 103.594026 5.538717 1.501596 5.206722
360 628 -1.00 -380.07  54.456854 9.955080 113.117398 3.381966 2.027378 4.052592
361 630 -1.00 -379.99  -54.689925 47.558886 68.740504 0.916424 1.914457 3.106752
362 633 -1.00 -379.67  54.437930 41.067412 -6.713903 4.030610 0.881422 2.776255
363 634 -1.00 -379.63  -87.839037 68.976819 84.477729 0.180540 1.023737 4.655094
364 635 -1.00 -379.61  12.986527 85.357993 -19.325080 2.412423 0.692650 1.594724
365 636 -1.00 -379.58  -50.399637 14.143394 76.772114 1.386487 1.851032 3.689748
366 638 -1.00 -379.49  44.097108 126.935015 12.790719 3.127626 0.152230 6.102962
367 639 -1.00 -379.48  -43.272516 12.851097 83.923825 6.045005 1.411655 6.004179
368 640 -1.00 -379.44  -70.822396 43.734673 8.711514 1.386692 0.435349 3.541719
369 641 -1.00 -379.43  -8.410067 86.523254 -17.042951 2.368134 0.524540 1.820543
370 642 -1.00 -379.37  11.764223 110.723915 -11.592808 2.580985 0.516879 1.173433
371 645 -1.00 -379.30  -55.651819 49.106626 81.077135 5.634312 1.153359 5.982898
372 646 -1.00 -379.25  16.870869 -3.070125 117.453477 0.258631 2.830274 0.491740
373 647 -1.00 -379.09  91.328170 51.177723 102.550393 4.120718 1.713624 3.808674
374 648 -1.00 -379.02  -78.850209 65.859450 106.662473 0.062790 1.246238 4.843689
375 649 -1.00 -378.87  -38.714522 57.469583 106.332090 0.187538 1.340481 4.340516
376 651 -1.00 -378.81  -77.517104 71.768700 108.696387 0.178986 1.281075 4.640459
377 653 -1.00 -378.64  82.005543 24.529801 98.029897 3.634719 1.503410 4.100512
378 654 -1.00 -378.54  75.420692 13.189844 93.841634 3.506406 1.703614 3.833239
379 655 -1.00 -378.52  1.779302 75.567062 -26.264624 3.050903 0.877511 1.774852
380 656 -1.00 -378.43  -10.104333 60.240865 -22.412021 2.478309 0.656381 2.009847
381 659 -1.00 -378.01  89.001403 54.529946 109.928950 4.172658 1.733268 3.832297
382 660 -1.00 -377.93  47.689757 -6.953839 82.874952 2.976894 2.210845 3.345023
383 661 -1.00 -377.88  84.001949 -7.350727 72.501082 3.520978 1.797238 3.347041
384 662 -1.00 -377.86  -22.825471 6.761014 39.367786 1.609634 1.734221 2.606152
385 663 -1.00 -377.84  85.692652 61.520252 117.225233 4.100181 1.495835 4.180965
386 666 -1.00 -377.64  38.925815 12.046170 1.292573 2.891336 1.342459 2.538185
387 667 -1.00 -377.54  -65.722689 4.700433 24.617047 1.491489 0.473667 3.965884
388 670 -1.00 -377.44  57.144118 99.975464 17.394254 2.900362 1.119838 0.758471
389 671 -1.00 -377.42  44.959030 14.329476 116.493465 1.311137 1.748845 5.446403
390 672 -1.00 -377.38  -39.992246 8.251622 61.969894 1.484388 1.890540 2.960041
391 673 -1.00 -377.27  -1.415821 61.857675 -23.674041 2.598146 0.735709 1.808037
392 674 -1.00 -376.97  -52.795077 41.839680 84.711108 5.691180 1.249654 5.860656
393 675 -1.00 -376.79  82.786249 -5.053512 57.375342 3.425481 1.813732 3.091348
394 676 -1.00 -376.67  62.995878 48.178523 8.497887 2.906538 1.496354 1.540403
395 677 -1.00 -376.47  84.131836 40.740918 105.895823 3.753115 1.422933 4.242861
396 680 -1.00 -376.11  -52.043068 30.784932 76.994800 1.165576 1.883830 3.314609
397 681 -1.00 -376.04  4.006803 103.886614 -15.710185 2.691986 0.586418 1.304685
398 682 -1.00 -375.97  33.746332 98.232363 36.271711 5.083867 1.141608 3.394346
399 683 -1.00 -375.86  -86.305852 43.614702 55.188262 0.905952 1.152058 3.758531
400 689 -1.00 -375.54  81.034111 -7.990873 61.510143 3.447767 1.708403 3.246255
401 690 -1.00 -375.45  64.648380 74.278218 -2.363905 2.176392 0.946923 0.927333
402 692 -1.00 -375.41  83.301141 62.426553 110.102086 3.552024 1.154393 4.883898
403 693 -1.00 -375.07  -46.194601 21.348731 93.406359 0.174793 2.799395 1.612297
404 694 -1.00 -375.04  -4.736486 42.995193 -24.998410 2.428541 0.848317 2.147010
405 696 -1.00 -374.91  -55.524974 48.199802 78.780419 5.697503 1.087940 5.816030
406 697 -1.00 -374.88  76.717072 22.914859 30.035787 3.550500 0.644660 3.836909
407 699 -1.00 -374.59  82.146551 47.561089 122.175923 4.107595 1.984071 3.873647
408 702 -1.00 -374.39  -51.773295 27.882595 66.893916 0.877849 2.293653 2.570801
409 703 -1.00 -374.38  -59.055866 37.836891 -2.352331 1.904240 0.414186 3.081582
410 704 -1.00 -374.27  62.871287 48.697372 140.028693 3.865001 1.778875 4.509014
411 705 -1.00 -374.18  -44.237670 36.413239 94.813543 1.182428 2.746843 2.918300
412 706 -1.00 -374.13  45.303320 108.349186 123.866166 3.891469 1.327509 5.396794
413 707 -1.00 -373.99  -28.652959 78.564365 113.672642 5.483464 1.752527 5.280027
414 708 -1.00 -373.99  85.891762 26.540600 93.293315 3.644128 1.445236 3.994437
415 709 -1.00 -373.91  9.964083 90.856240 -19.802831 2.636935 0.690676 1.354693
416 710 -1.00 -373.75  -21.204172 38.434960 114.581041 4.858373 2.440921 5.362438
417 712 -1.00 -373.69  -60.287339 20.173846 6.715620 1.744404 0.651810 3.240440
418 714 -1.00 -373.55  46.166095 -0.780831 19.255682 3.030052 1.286179 2.937555
419 715 -1.00 -373.25  -56.270047 47.510888 69.471371 5.626518 0.975894 5.921783
420 717 -1.00 -373.20  -13.120321 51.338603 119.687534 5.568434 2.010053 5.240764
421 718 -1.00 -373.19  7.584659 101.131216 -15.466531 2.734140 0.621795 1.314992
422 719 -1.00 -373.06  -37.530658 17.975562 100.780956 6.147034 1.491293 5.703531
423 721 -1.00 -372.67  60.025209 -0.654070 87.205515 3.223445 2.013733 3.557614
424 722 -1.00 -372.65  -55.270798 44.891434 62.532200 0.946919 1.915130 2.969613
425 723 -1.00 -372.52  -36.586364 41.437652 105.001358 0.899121 1.633108 4.628031
426 724 -1.00 -372.40  -36.737082 102.059427 11.417199 0.169697 0.197525 3.957177
427 725 -1.00 -372.12  57.584966 -10.677174 58.465093 2.937817 1.802783 3.010320
428 726 -1.00 -372.07  64.823114 15.548114 79.387167 2.989762 0.902288 5.005734
429 728 -1.00 -371.83  -37.233907 8.309127 -10.947216 2.337067 0.769663 2.807152
430 729 -1.00 -371.81  -40.774193 28.116997 98.791960 1.468682 2.626264 3.193753
431 730 -1.00 -371.73  3.793380 102.642897 -15.754829 2.393865 0.434897 1.284523
432 733 -1.00 -371.67  -36.859588 15.221735 106.339253 0.880665 2.986248 2.234156
433 734 -1.00 -371.57  11.767835 12.880819 -12.805000 2.835252 0.969525 2.555176
434 735 -1.00 -371.57  -53.486791 45.841015 88.980785 0.393073 0.932323 4.343722
435 736 -1.00 -371.52  91.326458 23.970111 77.522873 3.775273 1.513374 3.711580
436 737 -1.00 -371.46  68.951163 12.970717 23.498943 3.377561 1.330576 3.008290
437 738 -1.00 -371.40  70.118068 2.749983 66.516951 3.242572 1.873158 3.213803
438 739 -1.00 -371.37  46.840486 84.791195 -9.567863 2.677480 1.095415 1.080275
439 741 -1.00 -371.27  -51.771027 39.716397 79.661653 0.936458 2.462517 2.771194
440 743 -1.00 -371.19  54.179778 1.074160 22.744523 3.051750 1.451409 2.868730
441 744 -1.00 -371.17  56.584636 1.021544 33.085953 3.082594 1.283648 3.079682
442 745 -1.00 -371.13  1.210347 63.730924 123.103114 5.352663 2.023913 4.850550
443 746 -1.00 -371.03  -55.514618 65.861399 -6.542418 0.770089 1.103070 2.656090
444 747 -1.00 -371.01  87.498183 35.732773 101.695969 3.901991 1.717363 3.795030
445 748 -1.00 -371.00  -22.428304 69.387532 118.400296 5.568524 1.916543 5.269599
446 749 -1.00 -370.98  -78.358989 108.849948 87.868563 0.064620 1.132219 4.231473
447 751 -1.00 -370.56  -23.302462 18.138173 -14.924268 2.978584 0.520365 2.599200
448 752 -1.00 -370.51  21.244299 58.657364 117.247785 4.594974 2.120862 4.588461
449 753 -1.00 -370.45  4.678736 40.640812 -19.801716 3.085879 0.838045 2.270375
450 754 -1.00 -370.44  49.595702 82.567283 138.726195 3.791884 1.588146 5.144648
451 755 -1.00 -370.38  -80.820561 19.034675 37.620672 1.177723 0.791651 3.673115
452 757 -1.00 -370.26  23.465964 96.282560 23.604842 5.245522 1.156312 3.111543
453 758 -1.00 -370.23  -46.695122 19.376558 63.748153 1.344633 1.920966 3.154818
454 760 -1.00 -370.21  -89.079692 68.404585 76.512642 0.261011 0.945080 4.519405
455 763 -1.00 -370.05  -86.757922 95.252557 59.644254 0.191920 0.799971 4.240830
456 764 -1.00 -370.02  78.212164 68.215494 112.726205 3.422214 1.190347 5.140185
457 766 -1.00 -369.98  56.373524 14.990443 109.035979 1.393260 1.774021 5.632666
458 767 -1.00 -369.93  52.130485 82.296365 -8.146179 2.662996 1.168827 1.120914
459 768 -1.00 -369.91  -52.299895 74.378984 66.230380 5.709248 0.788024 5.350173
460 770 -1.00 -369.80  82.674260 23.920232 107.883924 3.645056 1.539004 4.065054
461 771 -1.00 -369.77  31.216405 -4.500111 13.376035 2.937912 0.993437 3.047835
462 772 -1.00 -369.64  -55.851437 46.186374 79.637835 5.674985 1.194858 5.990692
463 773 -1.00 -369.58  -51.403148 76.671759 53.558425 5.582809 0.618597 5.473912
464 774 -1.00 -369.51  75.172455 -21.065000 65.243810 3.319417 1.733556 3.256385
465 775 -1.00 -369.21  -18.265384 48.837129 -30.594353 1.957663 0.958714 2.155034
466 776 -1.00 -369.15  42.597873 2.745364 13.880480 3.095485 1.095913 2.991997
467 777 -1.00 -369.06  48.643005 -10.568550 43.565776 2.822827 1.665029 2.922491
468 780 -1.00 -368.93  67.870687 4.039014 95.291496 3.376737 1.844587 3.729563
469 781 -1.00 -368.91  -52.914589 36.672291 61.948822 0.701233 0.560694 4.149831
470 782 -1.00 -368.88  -52.269730 60.192705 84.562835 5.597501 1.135831 5.688957
471 783 -1.00 -368.86  94.293243 65.343551 99.596221 4.327867 1.711030 3.686683
472 784 -1.00 -368.81  32.397170 -6.863037 101.723605 1.068104 1.460069 5.549373
473 789 -1.00 -368.50  -69.362081 120.399846 51.301231 0.164727 1.168045 3.701700
474 792 -1.00 -368.32  -48.813172 18.942230 87.763970 0.693469 2.701106 2.243368
475 793 -1.00 -368.30  74.648807 81.100312 10.463307 2.279949 0.908646 0.676973
476 794 -1.00 -368.13  18.114102 66.333093 120.823038 4.923504 2.021340 4.483713
477 795 -1.00 -367.79  72.549551 45.570989 116.565310 3.691601 1.473981 4.659714
478 798 -1.00 -367.65  12.983592 52.684662 -26.882871 2.954407 1.024881 2.068387
479 799 -1.00 -367.64  73.936738 15.225014 26.782957 3.322806 1.553759 2.856165
480 800 -1.00 -367.64  76.275736 92.646589 51.158741 2.954346 0.889488 6.280623
481 801 -1.00 -367.63  -83.772549 80.447700 90.995620 0.119983 1.109051 4.538253
482 803 -1.00 -367.51  -20.669738 60.973445 -28.014824 1.865090 0.817774 2.136173
483 805 -1.00 -367.29  -45.028199 43.489966 103.007390 5.266596 2.364474 0.302277
484 806 -1.00 -367.19  53.583606 5.629974 5.887309 3.836351 0.452529 3.244067
485 807 -1.00 -367.17  -54.847381 45.540524 57.727194 0.819433 2.018036 2.795303
486 808 -1.00 -367.14  -71.621664 35.755892 8.506331 0.851794 1.689525 2.499886
487 809 -1.00 -366.81  -55.231729 48.487279 75.193603 5.581033 1.088902 5.983426
488 810 -1.00 -366.74  89.089553 45.312212 103.953440 3.876513 1.456438 4.077565
489 811 -1.00 -366.73  -84.118194 48.305616 32.828603 0.954441 0.856467 3.580078
490 812 -1.00 -366.60  -58.143072 54.016843 64.748041 5.485139 1.051380 6.169308
491 814 -1.00 -366.51  89.302492 65.436420 97.999185 3.551658 0.957449 4.931986
492 815 -1.00 -366.48  -22.459793 47.144207 115.307529 2.893964 2.697847 4.635269
493 817 -1.00 -366.01  75.720236 51.589800 127.192246 4.119700 1.832971 4.208234
494 818 -1.00 -366.00  -46.321755 46.178738 45.854583 6.250676 0.197311 5.093905
495 819 -1.00 -365.96  84.534475 16.541119 70.328585 3.610680 1.577049 3.554865
496 820 -1.00 -365.89  86.464183 17.920493 86.539990 3.644861 1.442312 3.913551
497 822 -1.00 -365.83  73.657665 52.467853 18.086955 2.968731 1.695844 1.522787
498 823 -1.00 -365.80  -56.087738 47.829747 81.895125 5.829437 0.973440 5.614861
499 824 -1.00 -365.79  38.938989 96.150947 5.803668 3.119960 1.025823 0.947597
500 825 -1.00 -365.71  21.730977 92.177188 -14.597788 2.352111 0.598756 1.341810
501 826 -1.00 -365.63  28.800692 5.946405 120.424973 3.101596 2.289269 4.005979
502 827 -1.00 -365.60  -55.870754 53.436236 76.412044 5.501731 1.134952 6.058946
503 828 -1.00 -365.52  -69.341063 120.925114 53.344734 0.163193 1.263775 3.589787
504 829 -1.00 -365.43  65.501362 3.449077 38.997841 3.067189 1.887739 2.846738
505 830 -1.00 -365.24  60.988374 81.694585 -2.406472 2.039889 0.706699 0.935589
506 831 -1.00 -365.23  -46.371081 18.422762 60.182717 1.262752 1.939373 2.864065
507 832 -1.00 -365.20  -68.681375 112.385825 78.340694 0.056359 1.341832 3.928003
508 834 -1.00 -365.08  82.042044 74.330466 32.378100 2.747406 1.693474 1.013681
509 836 -1.00 -365.05  -51.861956 26.587009 68.169046 5.892705 0.986380 6.046715
510 837 -1.00 -364.77  18.549059 125.611026 35.169856 3.620466 1.107396 0.641030
511 838 -1.00 -364.64  52.243164 14.030309 10.031747 3.083486 1.460565 2.655789
512 839 -1.00 -364.59  91.367144 19.631593 74.117762 3.594040 1.140525 3.943726
513 841 -1.00 -364.44  -51.651335 32.777798 54.015648 0.941104 2.019768 2.659327
514 842 -1.00 -364.39  75.453286 10.797407 25.965467 3.664762 1.142447 3.231089
515 843 -1.00 -364.36  -52.164763 21.335648 73.379781 0.329122 2.552367 1.844006
516 844 -1.00 -364.33  -43.493399 15.769708 64.006866 5.918538 1.400917 0.062894
517 846 -1.00 -364.24  -0.130501 84.248378 -15.536014 1.717176 0.456022 1.934398
518 847 -1.00 -364.15  78.617558 31.962002 113.249776 3.401078 1.344545 4.757410
519 848 -1.00 -364.14  -52.079332 97.849064 54.521537 0.053371 1.196663 3.851281
520 849 -1.00 -364.14  51.585164 8.896893 105.445072 1.265660 1.763450 5.709175
521 850 -1.00 -364.09  23.724049 -1.457512 114.806913 0.992960 1.585266 5.403056
522 851 -1.00 -364.02  -43.371303 11.182820 50.367184 1.472248 1.248470 3.428420
523 853 -1.00 -363.94  -56.327766 48.220795 69.626703 5.838363 0.797959 5.620310
524 855 -1.00 -363.91  26.647335 10.260950 -12.194707 3.085516 1.074970 2.599803
525 857 -1.00 -363.61  -64.491191 111.659647 16.501563 0.184755 1.538288 2.843051
526 859 -1.00 -363.47  -53.914314 51.264920 83.359644 5.604988 1.160713 5.839654
527 861 -1.00 -363.41  -17.153490 62.603378 119.222522 0.009124 1.871989 4.872767
528 862 -1.00 -363.33  -55.064938 42.120595 72.995345 5.616857 1.229738 6.174415
529 864 -1.00 -363.17  22.178552 71.083505 -19.548810 3.092648 0.997743 1.370900
530 865 -1.00 -363.06  -79.947931 98.804574 62.186832 0.251984 1.105599 3.902476
531 867 -1.00 -362.87  2.118687 88.036656 -12.593943 1.920084 0.430938 1.772738
532 868 -1.00 -362.69  -57.821539 -3.070434 21.394682 1.794472 1.033281 3.396137
533 869 -1.00 -362.62  32.804500 76.926175 -15.305636 2.947925 1.073680 1.505714
534 870 -1.00 -362.49  5.605014 54.636650 -25.251479 2.578299 0.881848 1.901539
535 871 -1.00 -362.45  4.552859 73.083108 -20.358437 2.553791 0.692379 1.668509
536 872 -1.00 -362.34  -54.562521 35.150589 55.507091 0.759237 2.130002 2.554685
537 873 -1.00 -362.34  -42.796016 10.909624 63.160779 1.349085 2.087167 2.756195
538 874 -1.00 -362.24  50.106631 103.515365 20.686595 3.112517 1.183553 0.825478
539 876 -1.00 -362.17  83.217439 28.878355 96.425086 3.653480 1.466746 4.120529
540 877 -1.00 -362.15  -26.736094 67.739897 114.152068 0.105536 1.734724 4.728641
541 878 -1.00 -362.05  -60.083640 84.375903 62.026849 0.112341 1.255728 3.776648
542 880 -1.00 -361.93  -50.472469 25.716705 79.673959 1.253293 1.924241 3.365730
543 881 -1.00 -361.76  67.062050 72.916101 127.827570 3.829841 1.460832 4.806065
544 882 -1.00 -361.74  -48.032290 28.409943 98.457595 0.496227 1.042200 4.556958
545 884 -1.00 -361.66  86.576055 23.132051 98.976042 3.739994 1.716589 3.761701
546 885 -1.00 -361.61  -2.318732 105.479319 -5.144946 2.654065 0.286871 1.269035
547 886 -1.00 -361.49  64.262776 95.582986 123.882286 3.838524 1.285067 5.085736
548 887 -1.00 -361.43  44.525151 83.810122 -11.772204 2.464019 0.941540 1.118140
549 888 -1.00 -361.38  -84.748670 41.637703 43.377577 1.010834 1.040880 3.608030
550 890 -1.00 -361.26  17.250676 77.670650 -24.019923 2.369790 0.795158 1.419751
551 893 -1.00 -360.74  -43.406762 10.519922 81.080811 1.351562 2.402223 3.007943
552 894 -1.00 -360.71  -33.346013 21.361577 -14.892815 2.313803 0.733871 2.652641
553 895 -1.00 -360.70  -26.520533 -7.746564 82.948348 1.798072 2.175992 3.146676
554 897 -1.00 -360.66  -63.085404 -4.383290 33.330688 1.679197 0.854253 3.744937
555 898 -1.00 -360.64  -55.842095 44.896473 69.809360 5.626757 1.019596 6.104816
556 899 -1.00 -360.55  90.671099 28.349457 100.267691 3.873430 1.643089 3.830345
557 900 -1.00 -360.54  -84.054972 61.467850 38.187092 0.767677 1.434350 3.202608
558 901 -1.00 -360.54  -52.210309 29.647923 68.334426 1.157209 1.936153 3.064769
559 902 -1.00 -360.35  67.798978 99.962032 52.136690 3.041945 1.062355 0.121701
560 903 -1.00 -360.28  54.824371 30.314701 0.014930 3.727035 0.862852 2.869290
561 905 -1.00 -360.10  -29.184370 62.978583 113.441185 0.009532 1.684495 4.931076
562 906 -1.00 -360.09  -30.647051 65.903517 114.712491 0.245606 1.593511 4.145673
563 907 -1.00 -360.05  54.117658 -14.542504 58.386133 3.033353 1.745295 3.380246
564 908 -1.00 -360.05  46.702146 75.515347 -12.161400 2.941538 1.285498 1.363234
565 909 -1.00 -359.94  26.442922 6.397229 -3.384785 3.351056 0.760155 3.018561
566 910 -1.00 -359.82  -82.610288 47.627631 26.879781 0.775953 1.696174 2.777620
567 911 -1.00 -359.81  -48.600260 35.543322 90.196369 1.297345 2.378696 3.554387
568 913 -1.00 -359.72  63.432322 -1.067824 82.830106 3.197015 2.050295 3.336144
569 915 -1.00 -359.53  89.495129 29.510228 90.241007 3.633631 1.269765 4.138108
570 916 -1.00 -359.48  23.089369 -11.042442 84.620838 2.468748 2.295085 2.984146
571 917 -1.00 -359.36  -80.667258 18.891730 69.897055 6.103651 1.000847 5.938672
572 919 -1.00 -359.13  -51.195870 29.332389 87.927216 5.970880 1.151428 5.677148
573 921 -1.00 -359.03  -75.264971 99.127631 83.687273 0.166225 1.328837 4.063282
574 922 -1.00 -358.99  52.210495 1.361964 7.304273 3.349940 1.223736 2.929564
575 923 -1.00 -358.91  -48.813226 92.498647 52.430454 4.879803 1.078251 0.289419
576 928 -1.00 -358.58  86.616082 2.065462 81.980946 3.621414 1.674096 3.558010
577 929 -1.00 -358.54  34.545819 127.413311 -0.174510 2.564465 0.482851 0.799957
578 930 -1.00 -358.51  45.769980 8.797336 4.642010 3.171263 1.173352 2.800015
579 931 -1.00 -358.50  -54.655448 34.063190 66.623452 0.977729 2.053449 2.892991
580 934 -1.00 -358.27  -56.088394 45.807708 70.516771 5.658533 1.014261 5.963269
581 938 -1.00 -358.16  -4.512035 55.566828 121.038532 4.767728 2.165878 4.992512
582 939 -1.00 -358.02  -62.647691 121.298622 35.366900 0.019260 1.673532 2.959591
583 940 -1.00 -358.01  18.342335 -11.319151 84.105383 2.482426 2.105061 3.184185
584 941 -1.00 -357.95  -52.793404 32.175526 55.819012 5.694350 1.868509 0.439598
585 942 -1.00 -357.90  73.078130 100.709727 64.155394 2.986469 1.179448 0.097169
586 943 -1.00 -357.76  -82.624382 22.878028 60.063564 6.156545 0.805290 5.811629
587 944 -1.00 -357.73  -53.966152 57.279023 76.560812 0.812412 1.940113 3.236848
588 946 -1.00 -357.57  -58.858668 122.712090 26.994178 0.113567 1.370120 3.132008
589 948 -1.00 -357.45  36.051708 -13.730315 70.947371 2.606828 2.101030 2.945325
590 949 -1.00 -357.29  -58.974207 129.493671 41.569696 0.037510 1.501753 3.223495
591 950 -1.00 -357.23  60.851731 9.886242 16.334928 3.095882 1.586271 2.675079
592 951 -1.00 -357.19  -44.673648 131.641793 33.946783 6.147553 1.364660 3.267234
593 952 -1.00 -357.17  -53.670315 56.013268 86.324522 5.511014 1.248213 5.921579
594 953 -1.00 -357.14  -49.620451 -15.151020 40.496665 0.983654 0.468608 4.982435
595 954 -1.00 -357.14  60.560471 112.868045 49.783256 3.079818 1.365303 0.480204
596 955 -1.00 -357.03  -22.096532 7.596149 37.504896 1.528347 1.782041 2.506479
597 958 -1.00 -356.79  84.335916 3.946330 50.090989 3.470468 1.819207 3.021092
598 959 -1.00 -356.79  31.811349 3.982094 5.392784 2.892174 1.243943 2.753173
599 961 -1.00 -356.65  82.524966 23.238798 109.653269 3.670924 1.611369 3.989573
600 962 -1.00 -356.62  31.500551 94.601585 -9.355443 2.487845 0.647977 1.168889
601 965 -1.00 -356.57  -37.239673 17.336687 -16.166482 2.199342 0.941710 2.639670
602 966 -1.00 -356.53  -46.088305 49.414121 97.942580 1.152312 1.991592 3.680663
603 969 -1.00 -356.35  -90.557297 59.772304 73.424306 0.713179 1.228113 3.942886
604 972 -1.00 -356.15  63.548906 -0.722758 47.038559 3.114176 1.741235 3.080763
605 973 -1.00 -356.11  91.557071 41.236013 99.772309 3.979469 1.700451 3.770055
606 974 -1.00 -356.10  72.888437 72.201783 119.382679 3.514266 1.281825 5.120945
607 976 -1.00 -356.03  -51.167246 37.350724 84.005841 0.220598 2.646541 1.801059
608 977 -1.00 -355.93  -39.397504 15.221629 96.436151 6.217096 1.347628 5.667738
609 978 -1.00 -355.90  -31.920131 5.857962 51.025109 6.107413 1.343559 0.211098
610 979 -1.00 -355.82  59.543551 102.743905 34.757165 3.031272 1.195541 0.588114
611 981 -1.00 -355.78  -53.717720 42.688020 82.061664 5.773701 1.137018 5.803987
612 982 -1.00 -355.72  -75.238561 62.219774 4.756842 5.247050 1.245625 0.874161
613 983 -1.00 -355.71  -54.643140 44.833869 81.625481 5.681315 1.162687 5.805799
614 984 -1.00 -355.68  59.610512 -10.427449 38.553962 3.079608 1.528621 3.013514
615 985 -1.00 -355.66  16.767853 -21.540551 34.125474 2.633652 0.802022 3.836444
616 986 -1.00 -355.61  58.328579 70.051454 136.719363 3.599713 1.576686 5.015974
617 989 -1.00 -355.56  80.500666 39.779432 117.553435 3.884340 1.706083 4.109605
618 990 -1.00 -355.47  56.840116 80.981046 -3.935611 2.709605 1.231367 1.068612
619 991 -1.00 -355.36  -43.746728 14.675262 83.908685 6.039121 1.385493 5.999682
620 992 -1.00 -355.07  -40.872178 37.751366 97.960521 0.975581 1.526714 4.504603
621 993 -1.00 -355.03  61.905269 107.913606 36.570106 3.022639 1.282998 0.604257
622 994 -1.00 -355.01  -76.764289 110.275095 83.173163 0.390947 1.932353 3.494017
623 995 -1.00 -355.00  50.081974 3.454382 11.199494 3.131635 1.230794 2.861314
624 998 -1.00 -354.75  36.275048 8.131790 2.420865 2.792172 1.366911 2.538972
625 999 -1.00 -354.71  -15.367545 53.134039 -21.797990 2.331147 0.667685 2.172001
626 1001 -1.00 -354.65  -93.420522 54.588937 74.823207 0.751556 1.079524 4.114240
627 1002 -1.00 -354.60  81.795676 13.970813 54.466536 3.132635 2.275714 2.639129
628 1003 -1.00 -354.60  74.253706 36.031008 108.751434 1.898910 1.774904 5.654205
629 1005 -1.00 -354.30  -49.726868 57.354871 53.735476 0.016965 0.373844 4.876601
630 1007 -1.00 -354.26  -44.605648 12.541439 67.567436 1.392962 2.076200 3.144511
631 1009 -1.00 -354.02  70.052309 2.246867 81.075235 3.281221 1.835721 3.416220
632 1010 -1.00 -354.00  87.139556 4.094526 67.971399 3.548039 1.959181 3.141303
633 1011 -1.00 -353.96  -79.791651 50.031793 23.620068 1.016504 0.819191 3.437695
634 1013 -1.00 -353.94  -48.512328 20.764129 85.454244 5.943810 1.323384 5.902721
635 1015 -1.00 -353.83  -76.118045 63.416557 110.059480 0.003997 1.297018 4.936547
636 1017 -1.00 -353.77  -54.636796 37.945943 69.248901 5.743536 1.045550 6.106923
637 1018 -1.00 -353.72  -79.684875 41.339349 22.911296 0.904359 1.615028 2.823781
638 1020 -1.00 -353.54  -83.828548 104.046202 80.177261 0.297645 1.162689 4.016961
639 1023 -1.00 -353.32  80.741449 37.196134 106.040372 3.718245 1.423142 4.427889
640 1025 -1.00 -353.24  -46.500249 39.310498 92.028023 1.036555 2.701913 2.837631
641 1026 -1.00 -353.07  36.610276 91.509381 -11.845933 2.752924 0.930571 1.030716
642 1027 -1.00 -353.05  39.231729 79.213117 -15.834155 2.215264 0.841753 1.255630
643 1029 -1.00 -353.03  76.874270 49.891258 130.451291 4.413720 2.397849 3.889379
644 1031 -1.00 -353.00  -46.153266 19.286263 53.789072 1.094585 2.026066 2.646853
645 1032 -1.00 -352.98  -55.544238 44.903088 62.043231 0.900069 1.973655 2.925360
646 1034 -1.00 -352.82  -51.899234 70.314516 -7.420323 0.747054 1.020338 2.665218
647 1035 -1.00 -352.81  4.181502 24.269090 146.304996 1.201251 1.700438 4.800582
648 1036 -1.00 -352.76  -55.787139 13.499438 3.903136 1.869005 0.790320 3.164062
649 1037 -1.00 -352.76  90.828433 42.883363 42.837048 3.640480 0.566066 4.201648
650 1039 -1.00 -352.58  -48.144783 -0.917668 -3.085830 0.096814 1.582329 1.418386
651 1041 -1.00 -352.46  79.991184 23.736250 104.498769 3.667879 1.658419 3.952763
652 1042 -1.00 -352.45  68.488651 101.630704 46.036378 2.974681 1.179755 0.307076
653 1043 -1.00 -352.40  -52.578928 40.704281 86.456483 1.026102 1.473384 4.248897
654 1044 -1.00 -352.35  85.521457 -2.040461 74.007986 3.535213 1.844305 3.308483
655 1045 -1.00 -352.33  -41.569588 8.552952 86.396856 0.693237 2.706605 2.007720
656 1046 -1.00 -352.28  59.826780 40.453905 -4.210862 3.874222 1.054301 2.755145
657 1048 -1.00 -352.15  -43.398937 12.905283 62.650677 1.442422 1.822373 3.175584
658 1049 -1.00 -352.14  -33.353348 104.889409 11.656341 6.131885 0.129965 4.290593
659 1050 -1.00 -352.13  63.080435 96.889098 19.315662 2.845188 1.195183 0.758366
660 1051 -1.00 -352.04  -69.220454 -2.924562 48.830055 1.573566 1.159772 3.741009
661 1052 -1.00 -352.03  52.005796 98.812074 -2.805697 2.829420 1.089118 0.860422
662 1054 -1.00 -351.93  52.083406 96.972531 12.953460 2.998560 1.144071 0.850826
663 1057 -1.00 -351.82  37.764506 8.931624 121.403786 3.337393 2.275661 4.106552
664 1058 -1.00 -351.76  -91.229505 64.653686 63.517807 0.474743 0.897800 4.230241
665 1059 -1.00 -351.58  -76.854394 9.988157 50.711833 1.186714 0.809899 4.082066
666 1060 -1.00 -351.56  -9.514792 63.010817 120.007780 5.453234 1.918452 5.071813
667 1061 -1.00 -351.52  -15.882933 67.875289 -18.881018 2.344619 0.541965 2.041661
668 1062 -1.00 -351.36  -21.900028 67.084447 -25.636847 2.011422 0.680521 2.135949
669 1065 -1.00 -351.26  -44.727800 78.509622 34.013331 4.968722 0.669565 6.251139
670 1066 -1.00 -351.11  16.990624 -15.730057 23.862829 2.767184 0.780290 3.612724
671 1067 -1.00 -351.06  17.620485 115.770416 25.312711 3.473010 0.941077 0.886219
672 1068 -1.00 -351.01  87.744925 17.466418 87.372725 3.658946 1.570941 3.709677
673 1070 -1.00 -350.97  -14.790931 69.467211 -27.415152 0.655608 0.912143 2.265524
674 1071 -1.00 -350.95  15.892092 62.505511 118.630097 4.642208 2.076335 4.677566
675 1072 -1.00 -350.80  76.821075 7.292264 72.944695 3.335787 1.998452 3.169574
676 1073 -1.00 -350.74  -55.954186 70.169031 67.184894 5.270695 1.101801 6.194397
677 1074 -1.00 -350.71  85.084974 46.676897 120.008064 4.066672 1.755932 3.996912
678 1075 -1.00 -350.70  -49.558501 30.780117 92.148912 5.863679 2.697702 1.123490
679 1076 -1.00 -350.69  65.436764 73.145482 -2.183508 2.365850 1.176227 0.980739
680 1077 -1.00 -350.68  74.295588 73.397248 6.413404 2.257391 1.102979 0.809629
681 1078 -1.00 -350.53  15.778529 67.878010 117.270281 4.423102 1.916683 4.787755
682 1079 -1.00 -350.49  80.000201 21.915247 100.520630 3.603398 1.561507 3.992663
683 1080 -1.00 -350.31  -51.995661 56.604424 84.388443 5.566562 1.181994 5.791153
684 1083 -1.00 -350.12  87.295252 29.813358 104.810457 3.871637 1.840501 3.729248
685 1085 -1.00 -350.08  77.075670 15.440782 103.535278 3.595107 2.175735 3.481699
686 1086 -1.00 -350.02  36.726866 66.975095 -17.743276 2.808740 1.154827 1.621391
687 1087 -1.00 -349.91  25.711909 81.012690 -19.325799 2.645637 0.919442 1.320432
688 1088 -1.00 -349.89  -22.719266 58.092080 115.324247 6.157413 1.735635 5.078684
689 1089 -1.00 -349.79  -43.960914 45.310610 98.903435 0.739116 1.522913 4.564067
690 1090 -1.00 -349.77  -79.803325 100.192781 52.318230 0.361374 1.442180 3.355275
691 1091 -1.00 -349.73  22.755735 8.625048 -1.705167 2.854100 1.048474 2.673533
692 1093 -1.00 -349.70  -52.357352 41.614086 50.278058 5.635982 1.574924 0.336265
693 1094 -1.00 -349.68  63.323309 15.569762 17.346473 3.403660 1.222107 2.993013
694 1095 -1.00 -349.67  72.594390 54.886452 124.607976 3.527246 1.383113 4.878909
695 1097 -1.00 -349.66  -20.140577 39.585266 113.541157 4.600419 2.518834 5.239866
696 1098 -1.00 -349.58  -81.905309 67.808934 32.028394 0.597853 1.611462 2.935824
697 1099 -1.00 -349.57  11.403160 0.284738 -6.589502 2.903048 0.919260 2.802454
698 1101 -1.00 -349.32  84.353889 29.258546 102.665174 3.796161 1.716455 3.840070
699 1102 -1.00 -349.27  38.324695 94.694081 -11.402831 2.698822 0.923402 1.005944
700 1103 -1.00 -349.23  56.457298 -8.093268 70.296987 2.981044 1.842766 3.179426
701 1104 -1.00 -349.14  15.355314 -13.621077 99.086687 0.739393 1.538925 5.674209
702 1108 -1.00 -349.02  89.272252 33.296203 100.611163 3.803586 1.522516 3.940922
703 1110 -1.00 -348.97  59.247878 81.141419 -4.497644 2.271449 0.930095 0.942433
704 1112 -1.00 -348.79  -43.929186 19.659296 98.780288 0.347060 2.878077 1.775318
705 1113 -1.00 -348.58  -13.455915 8.923060 123.830764 2.448225 2.703736 3.624414
706 1114 -1.00 -348.55  81.787348 28.019730 101.562382 3.694400 1.572640 4.096235
707 1115 -1.00 -348.48  -84.976801 87.446408 71.131021 0.395982 1.239269 3.922160
708 1116 -1.00 -348.43  -41.411503 23.363264 93.168660 1.579854 2.013604 3.921882
709 1119 -1.00 -348.16  -85.584786 54.325427 47.071543 0.804348 1.080709 3.671091
710 1120 -1.00 -348.09  -39.536451 7.363694 72.076231 1.412202 2.204678 2.793561
711 1122 -1.00 -348.02  -51.864461 80.004322 56.988705 5.377774 0.713074 5.701702
712 1123 -1.00 -347.99  15.644875 19.251747 -22.176806 3.321764 0.965548 2.481721
713 1124 -1.00 -347.99  -27.060229 10.978098 39.148488 1.597582 1.647909 2.686737
714 1125 -1.00 -347.97  -51.195530 22.540392 72.345245 1.247439 1.988442 3.111170
715 1126 -1.00 -347.94  63.789955 109.797612 50.653649 3.061948 1.446308 0.562643
716 1127 -1.00 -347.90  51.460169 -12.379598 54.360420 2.837330 1.784668 2.953796
717 1128 -1.00 -347.90  -22.209530 50.181686 116.807858 5.037918 2.144944 5.411843
718 1129 -1.00 -347.89  89.732970 17.917309 81.497882 3.671927 1.379491 3.841524
719 1130 -1.00 -347.87  -45.595971 28.764413 103.646290 0.416919 1.091662 4.655375
720 1131 -1.00 -347.83  81.961833 61.772548 117.264935 3.796962 1.275208 4.586298
721 1134 -1.00 -347.71  -32.914581 64.479811 110.033238 0.012711 1.599307 4.890006
722 1135 -1.00 -347.51  28.247399 42.089373 -22.272428 3.717875 0.953130 2.362619
723 1136 -1.00 -347.37  17.816034 -17.183315 25.481485 2.716205 0.662475 3.778446
724 1137 -1.00 -347.34  44.302633 100.106458 12.630850 3.082157 1.079651 0.906146
725 1138 -1.00 -347.31  -38.821305 10.302257 60.487931 6.065590 1.379655 0.038923
726 1140 -1.00 -347.28  5.911551 123.436977 32.680605 3.735758 0.939713 0.679424
727 1141 -1.00 -347.26  -55.054112 34.544323 68.727999 0.927472 2.241072 2.768103
728 1143 -1.00 -347.21  -81.964055 66.973816 98.410985 0.077078 1.155667 4.802682
729 1145 -1.00 -347.14  -67.937439 15.633250 14.815765 1.583219 0.638681 3.471287
730 1146 -1.00 -347.12  -56.299514 48.414447 69.034702 5.560000 1.051705 6.119785
731 1147 -1.00 -347.10  7.096528 86.423840 -19.359472 2.520134 0.674360 1.611656
732 1148 -1.00 -347.03  -35.803791 79.947007 109.532513 5.114819 1.836959 5.921857
733 1149 -1.00 -347.02  -47.389014 27.208244 90.717115 1.435506 2.400484 3.555974
734 1150 -1.00 -346.94  79.344252 0.808906 41.340109 3.426786 1.662351 3.024625
735 1151 -1.00 -346.84  52.223732 80.734398 -8.319304 2.720666 1.218045 1.211295
736 1152 -1.00 -346.84  -1.638199 74.742343 -18.438963 2.499164 0.607595 1.725142
737 1153 -1.00 -346.83  -53.241605 51.358515 61.483894 0.299175 2.356536 2.120479
738 1155 -1.00 -346.69  23.702317 62.139712 115.688359 4.631818 2.069808 4.520665
739 1156 -1.00 -346.63  -82.946304 70.520358 90.062113 0.629937 1.568767 4.026415
740 1157 -1.00 -346.60  70.948723 -13.271813 92.717286 3.311607 1.948890 3.426448
741 1158 -1.00 -346.59  -57.060880 48.989646 76.677215 5.780700 0.896292 5.664393
742 1159 -1.00 -346.55  -54.485242 95.513938 54.331642 0.057805 1.125598 3.916025
743 1160 -1.00 -346.51  87.987175 45.147007 110.109863 4.020274 1.697185 3.909980
744 1161 -1.00 -346.21  60.464376 -0.761103 101.118825 3.287801 1.992534 3.731236
745 1162 -1.00 -346.10  15.865933 100.355928 -10.592826 2.414458 0.458935 1.259805
746 1163 -1.00 -346.06  84.552535 18.708201 98.755847 3.642058 1.550976 3.916794
747 1166 -1.00 -345.96  -50.856762 27.396996 77.987200 0.501283 2.582479 2.039105
748 1167 -1.00 -345.94  63.705912 110.951730 62.507526 3.131932 1.179049 0.091872
749 1168 -1.00 -345.84  -41.185467 48.310208 111.542880 5.045251 2.370926 0.099129
750 1170 -1.00 -345.65  50.998381 4.218824 4.959895 3.905740 0.349978 3.227148
751 1171 -1.00 -345.63  -49.310732 23.081339 60.506384 1.193770 1.913412 2.907898
752 1172 -1.00 -345.58  -51.240217 132.336146 39.620470 6.187551 1.551877 3.183293
753 1173 -1.00 -345.55  -30.325918 44.004515 109.793627 4.695366 2.493886 5.492258
754 1174 -1.00 -345.50  -40.132514 30.627883 44.887245 1.340377 1.404554 2.994555
755 1176 -1.00 -345.45  -52.126792 73.802749 57.155213 5.555809 0.695347 5.555752
756 1177 -1.00 -345.45  -89.417739 70.195017 66.584285 0.028463 0.791134 4.815381
757 1178 -1.00 -345.44  57.467388 28.736740 0.004331 3.648186 1.136943 2.804122
758 1179 -1.00 -345.44  24.078299 67.729929 114.820096 4.908707 2.114520 4.473238
759 1180 -1.00 -345.40  -28.596362 76.143464 -17.376104 0.893351 0.711332 2.542619
760 1181 -1.00 -345.39  61.075051 87.958091 123.441498 3.758322 1.341004 5.135388
761 1182 -1.00 -345.27  47.688990 70.868580 -11.129960 2.813791 1.274875 1.490955
762 1183 -1.00 -345.27  -18.492021 56.587873 117.622072 6.279487 1.835184 5.036357
763 1184 -1.00 -345.26  10.241729 91.015234 -12.910708 2.156363 0.430950 1.497622
764 1185 -1.00 -345.20  92.450319 29.802394 82.617449 3.817398 1.412104 3.798496
765 1186 -1.00 -345.19  80.760689 40.370816 109.507002 3.647496 1.343975 4.603645
766 1188 -1.00 -345.08  -72.474465 119.345531 56.010644 0.249274 1.443322 3.486388
767 1191 -1.00 -344.97  62.123024 81.942672 -0.210027 2.811252 1.390527 1.104108
768 1192 -1.00 -344.94  63.826169 0.036857 44.457671 3.141739 1.649802 3.103723
769 1193 -1.00 -344.87  85.124575 -4.696906 77.488712 3.548240 1.579808 3.564790
770 1194 -1.00 -344.82  3.491945 56.957042 -28.761308 2.857840 0.969931 2.024186
771 1195 -1.00 -344.82  -48.846386 43.844951 104.915774 0.410888 1.185618 4.377076
772 1196 -1.00 -344.79  -51.024931 26.836964 81.169207 6.036912 0.988152 5.621167
773 1197 -1.00 -344.77  34.081031 67.932236 -18.529130 2.904900 1.144716 1.494197
774 1198 -1.00 -344.71  -68.886786 46.838625 119.993063 0.719456 1.571283 4.599370
775 1199 -1.00 -344.70  2.247546 79.687954 -23.550233 0.669310 0.652688 2.291400
776 1202 -1.00 -344.63  49.735087 90.883446 -8.570006 2.256613 0.839697 1.091891
777 1203 -1.00 -344.53  33.234516 77.247520 -17.453790 2.563834 0.954039 1.295610
778 1205 -1.00 -344.43  89.628115 60.632108 35.743853 2.547062 1.734178 0.967689
779 1207 -1.00 -344.29  21.522605 71.685492 114.451866 3.562697 1.704092 5.032745
780 1209 -1.00 -344.24  -62.854181 85.086594 -1.857894 6.061188 1.731628 2.056847
781 1211 -1.00 -344.19  87.757312 35.516598 101.824326 3.862813 1.578002 3.967620
782 1212 -1.00 -344.19  -58.424422 -1.023284 19.545458 1.447490 0.294447 4.212474
783 1213 -1.00 -344.11  47.211495 114.834902 36.319474 3.238249 1.287516 0.743503
784 1214 -1.00 -344.03  -54.841062 54.623633 67.283468 0.675262 2.113931 2.841872
785 1218 -1.00 -343.86  -10.585832 64.580360 121.398101 2.097346 2.547106 4.867370
786 1219 -1.00 -343.72  -23.522663 99.664052 31.337806 4.133781 0.736847 0.714191
787 1220 -1.00 -343.66  -46.061637 21.064574 64.915004 5.837297 1.537706 0.158723
788 1222 -1.00 -343.63  62.076757 -1.116325 117.469821 1.223933 1.807248 5.790988
789 1223 -1.00 -343.55  -12.413401 45.379479 119.913261 2.984388 2.533160 4.690983
790 1224 -1.00 -343.54  85.916995 63.393172 19.573334 2.260225 1.359166 0.730699
791 1225 -1.00 -343.51  -55.289800 39.611879 67.952724 0.751230 2.313579 2.545441
792 1226 -1.00 -343.49  -48.485400 7.013058 67.471903 1.396901 1.944189 3.414213
793 1229 -1.00 -343.07  -53.748728 34.298439 65.226312 1.059533 2.041237 2.891493
794 1230 -1.00 -343.03  79.117219 87.868568 55.596610 2.989089 0.815778 6.091243
795 1231 -1.00 -342.99  1.325169 90.162854 -19.674370 2.686888 0.623656 1.387769
796 1232 -1.00 -342.99  -44.907880 14.135881 59.390737 1.330922 1.968073 2.821435
797 1233 -1.00 -342.94  -34.597193 1.175662 88.564312 1.522565 2.462695 2.876043
798 1234 -1.00 -342.87  -16.555756 58.472852 121.094684 1.665542 2.429314 4.599436
799 1235 -1.00 -342.86  63.933401 58.641604 140.296778 3.843064 1.650252 4.623813
800 1237 -1.00 -342.74  -67.020501 18.152770 19.012020 1.512828 0.832877 3.459813
801 1238 -1.00 -342.74  51.203125 77.546926 -8.977380 2.689459 1.183101 1.171670
802 1239 -1.00 -342.67  92.529403 58.084812 105.088156 4.333943 2.192847 3.624410
803 1240 -1.00 -342.62  -24.838065 38.740103 -30.713305 0.329716 1.336919 1.809464
804 1242 -1.00 -342.47  -50.661932 25.087930 84.139362 0.532787 2.666056 2.201211
805 1243 -1.00 -342.43  -94.274927 62.289965 56.286125 0.849480 1.118317 3.740370
806 1244 -1.00 -342.42  -36.026790 40.223634 102.588782 0.900940 1.577770 4.599637
807 1245 -1.00 -342.39  49.140602 -4.374345 91.342500 3.094566 2.064371 3.602368
808 1247 -1.00 -342.34  52.389263 1.260634 20.657150 3.080416 1.378624 2.907308
