3 4 -1.00 -669.85  41.240556 93.487667 150.440699 2.871454 2.418630 5.556920
4 8 -1.00 -630.98  45.631241 92.756196 146.617713 2.827372 2.407473 5.623602
5 14 -1.00 -606.84  -80.420690 108.885879 86.187288 6.195833 2.090761 2.518813
6 16 -1.00 -594.50  -77.210789 114.182305 91.881937 6.090321 2.201280 2.402678
7 19 -1.00 -589.51  37.794768 87.200149 152.641352 2.880814 2.401308 5.404315
8 21 -1.00 -582.42  -81.938850 0.940743 80.525763 1.308438 1.554908 3.229252
11 24 -1.00 -569.75  31.896586 88.573529 154.512500 2.676823 2.550327 5.446950
12 25 -1.00 -564.21  3.957095 59.443716 168.358451 1.295278 2.423187 4.611072
14 29 -1.00 -560.63  53.037193 84.385005 146.127730 2.751612 2.289092 5.535118
15 30 -1.00 -560.55  56.931704 94.244805 140.808133 2.966905 2.199486 5.612978
16 32 -1.00 -556.43  -46.176961 68.557489 166.169758 1.174224 2.464098 3.892678
17 36 -1.00 -551.99  -64.932523 54.044064 154.880046 0.984420 2.016496 3.895368
18 37 -1.00 -548.41  1.567994 108.463783 -2.922515 5.458779 1.186825 2.047931
19 39 -1.00 -544.62  -9.111903 43.485877 165.897505 1.070172 2.109037 4.638567
20 40 -1.00 -544.03  -85.023560 96.053449 85.647336 6.204116 2.159093 2.264601
21 41 -1.00 -542.67  30.881699 85.931251 153.288095 2.912321 2.452168 5.330896
22 42 -1.00 -541.06  30.296250 96.684718 153.168932 2.918244 2.548301 5.570672
26 52 -1.00 -533.12  -29.488962 1.097450 1.347301 0.761066 0.326999 5.150532
29 74 -1.00 -512.57  30.144005 96.602965 150.988115 2.993743 2.515424 5.550902
31 79 -1.00 -509.52  -6.091109 109.111038 -1.794963 5.490383 1.263755 1.977232
37 94 -1.00 -501.71  8.085090 115.297904 -0.365986 5.339277 1.238379 2.127634
39 98 -1.00 -499.34  -79.221087 84.977828 111.177194 0.128653 2.392062 2.473566
40 99 -1.00 -499.06  -16.701530 -3.567766 -1.091351 0.912863 0.297483 5.190760
41 100 -1.00 -498.61  -62.546794 64.624943 155.904720 0.932027 2.109546 3.855787
43 104 -1.00 -496.24  -71.694582 88.722034 117.117272 0.096638 2.449044 2.516462
45 106 -1.00 -495.84  81.658706 119.657091 37.819581 4.477284 1.488043 2.665658
46 107 -1.00 -495.77  13.824699 126.715993 8.461063 5.354064 1.280703 2.344431
47 109 -1.00 -494.28  3.825274 53.849984 168.679654 1.025186 2.237330 4.734262
50 119 -1.00 -491.01  61.987359 118.916451 10.368901 4.597724 1.364690 2.338141
51 120 -1.00 -491.00  -88.032630 75.347274 78.093947 0.093695 2.092407 2.245191
53 123 -1.00 -488.22  26.444430 147.351416 93.117611 4.749792 1.073635 4.213748
54 125 -1.00 -487.11  49.500441 84.673241 150.147261 2.797532 2.290453 5.455758
55 126 -1.00 -486.53  30.516418 144.187703 100.113850 4.759775 1.170728 4.138990
56 127 -1.00 -486.42  33.040698 58.462779 160.117125 1.798255 2.465994 5.118490
59 136 -1.00 -481.69  86.393828 20.143537 28.274335 1.932282 1.074377 6.116673
60 137 -1.00 -481.26  -59.798494 44.902267 158.580257 1.057664 2.050886 3.948381
62 140 -1.00 -478.89  -14.091133 133.842232 26.360847 5.559585 1.638704 2.318992
64 143 -1.00 -478.01  51.886681 80.615947 145.760206 2.928092 2.197970 5.336952
66 147 -1.00 -477.07  -9.684458 56.863782 167.719721 0.945929 2.188659 4.571478
68 149 -1.00 -476.30  60.475623 101.801614 135.229678 2.984435 2.219057 5.780416
69 156 -1.00 -474.38  22.099648 87.978957 156.615367 2.711492 2.610689 5.290999
74 163 -1.00 -471.98  1.378324 52.525533 169.447690 1.378672 2.362978 4.589359
75 167 -1.00 -471.36  47.451317 80.498795 149.015766 2.887500 2.268476 5.369021
78 175 -1.00 -468.74  28.941571 81.576375 157.400521 2.787498 2.472995 5.224731
80 180 -1.00 -467.11  84.132118 20.075080 109.190348 2.138492 1.496085 5.303796
88 194 -1.00 -463.66  36.772421 152.704769 23.152317 4.902343 0.397956 3.886627
90 199 -1.00 -462.06  -61.458365 45.149724 157.405185 1.110017 2.092473 3.890528
91 200 -1.00 -462.02  81.787165 21.376821 113.355040 2.046049 1.586407 5.410949
97 213 -1.00 -454.92  -82.863044 6.235635 98.929454 1.259258 1.678190 3.363403
98 214 -1.00 -454.76  4.592793 -2.301511 142.145813 1.366037 1.708403 4.845505
102 222 -1.00 -451.05  -76.293864 114.514362 94.984766 6.075342 2.225592 2.414573
103 225 -1.00 -450.46  16.622716 82.201007 157.980368 2.771232 2.603498 5.178788
104 227 -1.00 -449.99  12.309172 86.090367 -33.985115 1.814138 0.563727 1.226707
105 228 -1.00 -449.86  47.692318 99.671656 145.815882 2.984806 2.346688 5.664461
109 233 -1.00 -447.96  -98.246575 48.977436 46.668615 0.846644 1.454164 2.829905
111 236 -1.00 -446.72  -92.999001 46.293379 32.938374 0.926196 1.295157 2.796340
112 237 -1.00 -446.30  22.794603 144.502266 3.917435 5.567985 0.295203 3.283728
113 238 -1.00 -446.29  26.522703 92.498258 152.039092 3.066063 2.501813 5.445714
115 241 -1.00 -446.21  24.243169 53.363950 163.415542 1.466143 2.426933 4.931739
116 242 -1.00 -445.87  0.589183 141.631751 99.717536 4.269217 2.183066 0.518671
117 243 -1.00 -445.84  -65.145759 60.496318 155.677162 1.012399 2.146617 3.795185
122 249 -1.00 -444.66  17.409517 9.118076 149.259817 1.521512 1.868223 4.882625
125 256 -1.00 -442.56  -46.044123 72.005507 166.178411 1.192975 2.538156 3.847396
126 257 -1.00 -442.33  25.592793 48.923499 -14.736171 3.563602 0.718027 1.849878
127 258 -1.00 -442.19  -75.914965 51.349020 2.530241 1.073995 0.993098 2.602619
128 259 -1.00 -442.18  -65.470453 52.700407 153.499751 0.984420 2.016496 3.895368
129 260 -1.00 -442.13  15.314418 70.888704 -12.015143 3.842210 0.736644 1.485570
131 265 -1.00 -440.94  -51.824925 69.743221 162.208692 0.972254 2.336862 3.856269
137 275 -1.00 -439.31  24.184386 94.420045 155.851684 2.722653 2.636191 5.456763
138 276 -1.00 -438.95  15.046510 112.029959 -1.821355 5.237408 1.182653 2.123546
140 282 -1.00 -438.41  41.508493 88.221254 150.736482 3.031015 2.322083 5.375415
145 292 -1.00 -435.21  6.600940 48.885221 169.355158 1.343550 2.339179 4.673697
146 293 -1.00 -434.67  -85.423068 48.341546 18.766666 1.015675 1.052500 2.798044
147 294 -1.00 -434.49  -85.292668 81.824632 89.536149 6.280578 2.221100 2.220061
148 295 -1.00 -434.47  -90.152955 79.359264 41.136808 0.689231 1.111586 3.095741
150 299 -1.00 -434.02  -56.221708 33.300791 160.083628 1.186689 2.032623 3.976304
151 300 -1.00 -433.99  -15.351928 134.151066 101.543377 5.852240 2.288418 2.913579
154 309 -1.00 -431.86  4.774803 7.378434 148.485644 1.348269 1.834960 4.830006
155 310 -1.00 -431.18  -8.282697 152.455448 18.562069 5.726669 0.477127 3.417698
156 311 -1.00 -431.14  -18.842310 133.524567 35.187151 5.784283 1.385993 2.673958
157 313 -1.00 -430.76  -84.682775 93.553738 10.138892 0.260494 1.388760 2.366299
161 319 -1.00 -429.81  -64.108856 124.496576 13.345040 0.187858 0.922921 2.857218
162 320 -1.00 -429.61  44.636645 93.158727 148.963634 2.985671 2.331389 5.505326
166 328 -1.00 -428.26  -72.535318 74.399770 121.996567 0.286329 2.507269 2.565512
167 329 -1.00 -428.23  -74.939750 83.274996 113.389793 0.109864 2.432773 2.434225
170 332 -1.00 -428.02  17.976169 124.702351 6.290798 5.215662 1.304248 2.232938
172 337 -1.00 -426.49  33.776905 143.280970 95.564068 4.770432 1.163019 4.047249
177 342 -1.00 -425.68  -28.703008 -1.389626 3.944778 1.032595 0.348580 4.816517
181 350 -1.00 -424.50  -53.855411 49.190686 162.748194 1.034828 2.095975 4.008114
182 351 -1.00 -424.45  -97.507439 63.771301 40.993040 0.651201 1.475772 2.696472
183 353 -1.00 -424.34  -80.273644 84.136299 104.529752 0.120026 2.310473 2.443845
184 354 -1.00 -423.86  5.855143 55.500774 169.299162 1.109567 2.270718 4.721191
185 355 -1.00 -423.79  -81.208461 62.441413 108.995547 0.279979 2.423028 2.294452
186 356 -1.00 -422.91  -68.777923 117.174150 31.768581 0.122443 1.153041 2.852341
188 361 -1.00 -422.48  -78.197253 87.474516 111.178615 0.046204 2.437598 2.341004
190 363 -1.00 -421.72  -43.442340 75.367121 -14.403794 1.395799 0.530728 2.167085
192 366 -1.00 -421.02  25.905619 93.077846 156.212143 2.883086 2.556052 5.458298
197 373 -1.00 -420.40  21.652252 160.053378 32.022762 5.108958 0.674211 3.653950
198 375 -1.00 -420.01  -85.889513 92.723199 63.518663 6.244920 1.895576 2.276006
199 376 -1.00 -419.83  -83.174022 72.446683 26.067149 0.833462 0.984061 2.956978
204 383 -1.00 -418.57  -69.290936 -15.246126 47.504353 1.375240 1.625268 2.608914
205 384 -1.00 -418.54  83.969726 117.095901 37.910030 4.411362 1.524667 2.611630
208 387 -1.00 -417.46  43.205895 37.126085 155.392091 2.167213 2.150123 4.964093
209 390 -1.00 -417.10  43.153146 93.475503 147.542081 2.788471 2.480320 5.651383
211 392 -1.00 -416.68  42.442533 61.632739 157.400717 1.882868 2.475874 5.251067
213 396 -1.00 -416.42  79.691938 84.283417 -1.167613 2.413591 0.676075 6.234509
221 407 -1.00 -415.29  -11.532738 55.707221 166.909816 0.870654 2.149704 4.597256
223 409 -1.00 -414.94  -52.122878 55.522921 164.840813 1.075923 2.145145 3.989056
226 412 -1.00 -414.89  -82.520351 58.828349 9.430981 0.783333 1.207383 2.500745
227 413 -1.00 -414.87  -83.677517 54.305921 11.356891 0.925517 1.134983 2.637932
228 414 -1.00 -414.44  5.963484 74.372697 157.216151 2.760212 2.665246 4.979152
230 419 -1.00 -413.65  48.127630 92.883429 144.854517 2.951223 2.317191 5.568420
231 423 -1.00 -412.71  -67.516936 -12.582409 36.271890 1.326225 1.601193 2.442225
232 424 -1.00 -412.48  20.126396 137.349566 21.776770 5.245113 1.399981 2.444947
233 425 -1.00 -412.19  -6.695713 106.101382 -4.016525 5.554757 1.210540 1.983031
235 430 -1.00 -411.71  54.174325 105.565607 0.533751 4.606361 1.181814 2.247832
236 436 -1.00 -411.22  85.059440 38.988410 28.009208 3.479830 1.337680 2.560446
238 439 -1.00 -411.07  60.687750 33.906216 -15.024485 1.633482 0.815912 0.405920
242 447 -1.00 -409.58  -20.929424 124.640264 125.281615 5.975080 2.647250 2.780739
244 450 -1.00 -409.37  35.948190 54.951120 160.802446 1.907567 2.381754 5.127691
247 457 -1.00 -407.71  22.067678 79.985520 157.206424 2.805865 2.526773 5.142228
252 465 -1.00 -406.71  -13.253851 107.681864 0.156605 5.617003 1.290871 2.001591
253 467 -1.00 -406.64  31.946543 75.817185 154.290801 2.892016 2.404051 5.157830
255 469 -1.00 -406.40  -84.441183 65.459332 100.187656 0.210149 2.330055 2.236990
256 470 -1.00 -406.13  32.520223 96.895896 150.542354 3.142095 2.421156 5.531217
270 489 -1.00 -403.29  -93.604126 64.311935 29.692007 0.644126 1.413840 2.596620
271 490 -1.00 -403.10  21.856336 74.736931 -37.337477 1.575142 0.600777 1.157634
272 491 -1.00 -403.07  -61.867796 -17.978347 74.388930 1.601259 1.544064 3.133118
273 492 -1.00 -402.92  -3.911781 74.409359 -11.156924 4.010077 0.578712 1.182153
274 493 -1.00 -402.92  -73.622693 84.999449 115.656175 0.208425 2.377277 2.659664
275 495 -1.00 -402.54  27.717448 52.070512 163.338937 1.610481 2.429885 5.004729
277 498 -1.00 -402.38  37.212633 96.643146 150.501665 2.721198 2.583539 5.634661
278 499 -1.00 -402.36  -61.380172 43.202775 157.385311 1.093732 2.018349 3.942486
279 500 -1.00 -402.13  -51.251987 24.383057 150.174782 1.505165 2.342495 3.595365
280 505 -1.00 -401.44  -2.233536 122.816460 9.184673 5.444020 1.379431 2.189149
281 508 -1.00 -400.80  -61.673399 39.143776 157.352326 1.160643 2.081744 3.873653
285 518 -1.00 -398.99  -23.026308 124.437126 121.826446 6.065569 2.509955 2.955059
292 527 -1.00 -398.21  84.016562 128.394488 56.262804 4.502873 1.646141 2.742894
294 529 -1.00 -397.91  -27.747371 125.465961 18.319417 5.703880 1.635122 2.222833
295 530 -1.00 -397.91  48.065642 70.605485 149.702854 2.875519 2.222678 5.201982
297 533 -1.00 -397.62  -67.950716 64.709307 147.452764 0.854147 2.154681 3.677304
301 538 -1.00 -397.29  24.833244 46.166248 148.325466 2.526619 2.355054 4.644627
302 540 -1.00 -396.95  -49.074616 -27.965884 74.682599 0.922981 2.166501 1.320512
303 541 -1.00 -396.94  36.103050 150.714042 20.380644 4.856469 0.324593 3.989624
304 542 -1.00 -396.78  -86.943238 75.783559 89.925875 0.193983 2.148542 2.464761
305 543 -1.00 -396.69  32.858847 138.928744 38.347250 4.567977 1.893305 1.678004
311 556 -1.00 -395.28  40.683627 92.325007 149.619109 3.159356 2.295795 5.399765
312 557 -1.00 -395.22  -56.605324 30.281735 158.339035 1.163886 1.960217 4.026675
315 560 -1.00 -394.99  55.505239 91.335279 145.584858 2.907884 2.227293 5.551117
316 561 -1.00 -394.81  -79.391203 112.738725 76.830933 6.079440 2.055181 2.355366
317 562 -1.00 -394.60  -13.753902 146.134068 8.930083 5.989639 0.502060 3.134105
318 563 -1.00 -394.58  9.950529 122.870144 2.957641 5.298490 1.298360 2.165011
319 564 -1.00 -394.21  41.810524 139.218236 41.519989 4.225979 1.910130 1.312461
324 573 -1.00 -393.58  -79.805471 48.088622 9.935949 1.060838 1.026516 2.675720
325 577 -1.00 -392.91  5.468584 127.488227 15.293849 3.101488 0.333764 0.369370
326 578 -1.00 -392.63  30.642677 144.276099 6.247460 5.285692 0.178700 3.602438
327 580 -1.00 -392.33  -45.654779 69.337629 166.871363 1.151097 2.480301 3.874270
328 582 -1.00 -392.11  11.018377 58.403017 168.231231 1.031564 2.314224 4.782831
329 583 -1.00 -392.07  -82.337054 -6.296470 75.922823 1.253034 1.856659 2.804570
333 589 -1.00 -391.62  32.937080 140.140069 54.964546 4.286201 1.996115 1.245392
334 592 -1.00 -391.47  -74.504819 84.465621 119.693832 0.105265 2.535934 2.379701
336 595 -1.00 -391.07  -47.024851 -3.730400 127.771248 1.954192 2.613392 2.906376
343 603 -1.00 -389.83  69.526263 98.759940 -6.911670 2.537415 0.529789 6.212427
346 608 -1.00 -388.71  -85.342048 93.918285 77.295057 6.216321 2.077940 2.247315
347 611 -1.00 -388.59  21.703129 143.213316 117.464179 4.651584 1.288191 4.419841
351 617 -1.00 -388.18  -58.391765 63.136279 159.259790 0.977538 2.214797 3.850013
353 620 -1.00 -387.96  -71.239631 74.568919 123.740800 0.251249 2.569417 2.462462
361 628 -1.00 -387.28  15.000113 52.797476 163.736323 1.403756 2.437033 4.776686
363 631 -1.00 -386.97  -78.165516 90.338371 107.653580 0.097060 2.334548 2.524848
364 632 -1.00 -386.66  -81.581624 -8.321296 66.072631 1.257290 1.836566 2.655083
365 633 -1.00 -386.62  -92.496373 47.807274 31.399408 0.930713 1.213960 2.846242
371 640 -1.00 -386.25  -10.569787 56.154439 167.057858 0.789475 2.167648 4.614701
373 642 -1.00 -386.01  -93.157147 61.739200 29.495701 0.727682 1.310521 2.711493
377 649 -1.00 -385.12  34.119108 155.739805 28.325667 4.751596 0.410250 4.120336
379 651 -1.00 -385.02  -54.599869 54.401290 -17.546873 1.378372 0.873502 2.277086
380 652 -1.00 -384.98  -97.047993 60.030661 40.330681 0.734536 1.364393 2.813804
381 653 -1.00 -384.90  33.861367 137.356015 122.042753 4.702622 1.424687 4.177337
386 660 -1.00 -384.33  -80.642770 83.510156 27.614765 0.706366 0.916802 3.027774
389 664 -1.00 -383.99  27.829046 79.339815 -35.058977 1.788087 0.620118 1.027550
391 666 -1.00 -383.66  83.824994 120.551243 46.459387 4.477926 1.524215 2.756967
392 668 -1.00 -383.47  28.996674 67.135301 161.527783 1.764218 2.530595 5.075524
396 673 -1.00 -383.25  -66.426107 46.519851 -10.901937 1.214806 0.966999 2.394167
398 676 -1.00 -382.90  -78.329564 -9.563753 48.806933 1.250919 1.695502 2.548946
401 679 -1.00 -382.64  22.593313 84.934189 154.579557 3.007181 2.517025 5.307031
408 686 -1.00 -382.37  -71.579494 109.439738 106.227644 6.183723 2.261323 2.566337
414 694 -1.00 -382.01  -72.429349 32.112915 80.317401 0.208423 0.853101 5.112823
415 695 -1.00 -382.01  -25.885599 -13.978140 106.107943 0.837642 2.352080 0.759886
423 707 -1.00 -381.25  26.141655 146.382040 59.460785 4.637234 2.066693 1.716988
426 711 -1.00 -380.68  40.906311 97.511100 148.286606 2.992456 2.397166 5.576136
429 715 -1.00 -380.37  9.278352 109.563531 -3.708624 5.328279 1.170260 2.050340
430 716 -1.00 -380.35  -91.562545 79.853390 47.826547 0.640701 1.119166 3.203678
431 717 -1.00 -380.31  -62.020791 29.598324 155.103598 1.198369 1.994096 3.903158
432 719 -1.00 -380.23  -82.917364 5.063488 104.201589 1.231574 2.009328 3.042916
433 721 -1.00 -379.94  -56.469524 45.849740 160.839679 1.267733 2.315009 3.812503
434 722 -1.00 -379.83  -16.404310 149.572424 13.918871 4.857249 0.225834 4.643378
437 725 -1.00 -379.61  -82.574833 51.828812 10.230068 0.857607 1.257500 2.481578
440 728 -1.00 -379.18  36.129692 139.484362 117.602141 4.370889 1.266073 4.549533
444 733 -1.00 -378.95  -72.627614 46.388898 1.392444 1.244292 0.931414 2.613059
446 735 -1.00 -378.84  14.379065 82.111364 -33.765573 1.889034 0.628719 1.208715
447 736 -1.00 -378.83  13.912467 76.510551 -37.268767 1.627016 0.619451 1.263904
451 740 -1.00 -378.56  -40.374894 19.255499 -8.774401 0.983559 0.180838 4.448824
457 746 -1.00 -377.93  -12.404681 143.135608 73.425708 5.564111 2.124128 2.470617
459 751 -1.00 -377.68  -50.700688 55.468668 164.620438 1.045790 2.178759 3.996267
464 758 -1.00 -376.53  20.417944 132.944156 27.796909 3.255723 0.490302 0.079510
465 759 -1.00 -376.52  -60.231350 105.970761 114.486301 5.994094 2.488686 2.234046
467 761 -1.00 -376.37  -68.006225 46.932919 151.174149 0.980032 1.933428 3.916441
468 762 -1.00 -376.37  30.688148 55.082615 160.777877 1.601985 2.422491 5.052604
469 763 -1.00 -376.31  -9.819687 151.867796 16.067236 4.372265 0.284287 5.149125
470 764 -1.00 -376.15  40.120834 87.556592 152.014224 3.031015 2.322083 5.375415
472 766 -1.00 -376.07  -53.725258 126.621329 5.100207 0.156233 0.858004 2.778528
474 768 -1.00 -375.97  -36.818725 113.677904 124.014670 0.067910 2.266325 3.337510
476 770 -1.00 -375.64  -4.746838 112.372876 -1.813043 5.453947 1.295092 1.980146
479 774 -1.00 -375.23  -59.848230 96.073803 127.054345 6.282595 2.592748 2.526002
485 780 -1.00 -374.81  54.270067 88.958972 143.930546 3.070134 2.161067 5.440346
486 781 -1.00 -374.76  24.262997 147.060437 59.333946 4.538725 2.066596 1.518969
489 785 -1.00 -374.53  -39.385655 1.735884 137.854827 1.746611 2.240990 3.392169
491 787 -1.00 -374.18  -64.733307 51.595055 -13.915473 1.101640 0.990452 2.323125
492 788 -1.00 -374.15  27.233343 131.455585 133.441762 4.910486 1.661081 4.028144
493 790 -1.00 -374.06  26.295357 54.583717 163.492040 1.700822 2.447856 4.982280
497 795 -1.00 -373.62  39.239368 63.661910 158.729171 1.981853 2.478781 5.237618
498 796 -1.00 -373.53  36.838119 141.913064 74.521075 3.889734 1.896773 0.516257
504 804 -1.00 -372.31  31.003506 89.316188 156.336297 2.887778 2.490159 5.396152
506 807 -1.00 -371.82  71.005216 30.818372 132.552649 2.052676 1.811297 5.290697
510 815 -1.00 -371.37  53.288018 125.951490 41.142662 3.025758 0.919741 0.226774
512 817 -1.00 -371.26  26.639944 141.253141 95.912283 3.927217 2.056751 0.316933
513 819 -1.00 -371.17  17.443766 120.969018 4.698908 5.236665 1.249387 2.235323
519 826 -1.00 -370.48  -24.201881 74.687197 141.339898 0.458052 2.267971 4.007682
520 827 -1.00 -370.48  -86.477069 95.267373 78.244431 6.254641 2.039360 2.371902
521 828 -1.00 -370.46  -48.933541 7.209011 138.634137 1.610220 2.255499 3.418243
523 830 -1.00 -370.38  -28.992648 134.971598 38.803055 5.707010 1.848046 2.343373
525 832 -1.00 -370.18  -77.005955 87.737097 112.763499 0.046204 2.437598 2.341004
527 834 -1.00 -370.08  -53.859057 -25.809425 94.139972 1.629847 1.971624 2.928323
534 843 -1.00 -369.23  -5.316487 152.584652 14.419653 3.935140 0.398306 5.661308
537 847 -1.00 -368.93  -88.252926 61.274693 19.072247 0.744160 1.256590 2.607426
542 852 -1.00 -368.68  -67.330537 94.568666 121.552915 0.072744 2.474251 2.594569
544 854 -1.00 -368.62  56.027086 128.069961 12.370526 4.000397 1.615436 1.340077
545 856 -1.00 -368.37  -67.452721 23.658389 82.378174 0.299471 0.895766 5.116550
546 857 -1.00 -368.25  -4.200678 60.332510 167.499791 0.866445 2.230894 4.630799
547 858 -1.00 -368.23  -78.738202 48.107911 6.201298 1.106005 0.980022 2.674000
549 860 -1.00 -368.00  -13.722280 52.144370 165.504588 1.003582 2.141417 4.530097
552 864 -1.00 -367.80  85.535339 70.142110 -7.406898 2.152121 0.827626 0.178339
555 868 -1.00 -367.69  -95.168936 97.490539 29.873973 0.129982 1.655706 2.262590
558 871 -1.00 -367.49  35.656374 83.644832 152.272310 2.946306 2.394320 5.289012
559 872 -1.00 -367.38  -78.362912 82.423816 110.894360 0.155152 2.402951 2.469392
560 873 -1.00 -367.38  -59.821435 41.746841 -15.758261 1.301365 0.975982 2.292392
562 875 -1.00 -367.35  59.036093 48.743582 148.227595 2.012314 2.287711 5.446928
564 878 -1.00 -367.21  39.363283 10.545579 145.408485 1.528830 2.011373 5.240447
565 879 -1.00 -367.12  25.589939 142.940318 86.034697 3.994244 2.049590 0.509689
572 887 -1.00 -366.47  -53.444078 38.501616 162.991167 1.165872 2.046185 4.017781
574 890 -1.00 -365.94  -53.431120 63.195972 -20.853796 1.080854 0.902275 2.209151
575 891 -1.00 -365.78  15.191907 146.449711 114.396142 4.770416 1.280209 4.341035
579 895 -1.00 -365.35  -0.013734 39.434213 168.549511 1.333428 2.231517 4.614215
586 905 -1.00 -364.80  -19.466541 -8.005132 127.177621 1.083497 1.473186 4.834196
590 912 -1.00 -364.15  32.700245 140.633473 43.219582 4.518712 1.938651 1.596895
593 918 -1.00 -363.83  84.220174 126.359296 54.585686 4.466829 1.695959 2.667116
597 922 -1.00 -363.69  -72.626523 88.585365 -7.342095 0.363938 1.157421 2.331951
598 924 -1.00 -363.64  14.122909 145.216403 96.518223 4.310536 2.405588 0.937992
600 928 -1.00 -363.31  5.104867 160.663382 37.814185 4.068047 0.573658 5.440347
601 929 -1.00 -363.28  -58.179922 52.839861 161.030812 1.117430 2.177362 3.880683
603 934 -1.00 -362.73  18.010224 150.174808 92.540654 4.868220 1.090730 4.154074
605 936 -1.00 -362.58  -18.751282 139.276113 0.826003 6.211227 0.473571 2.956407
607 938 -1.00 -362.51  20.977647 163.836477 54.149779 5.094633 1.106232 3.481258
609 940 -1.00 -362.35  23.564419 126.901292 9.995415 5.139933 1.333163 2.302579
619 950 -1.00 -361.90  12.622849 47.878697 165.127516 1.428838 2.341586 4.766133
621 952 -1.00 -361.83  71.970998 44.945173 139.285253 2.153607 2.124879 5.544699
623 954 -1.00 -361.77  -78.250478 106.241622 60.515508 5.977656 1.914589 2.093813
624 956 -1.00 -361.65  -66.986796 49.561968 114.564979 0.264378 1.270991 4.731265
631 964 -1.00 -360.94  -1.916179 1.126783 143.471688 1.275964 1.728071 4.831284
632 965 -1.00 -360.77  -8.523435 121.635000 10.438817 5.558324 1.380025 2.231276
633 966 -1.00 -360.71  64.865764 116.710921 111.017255 4.371452 1.422572 3.951664
634 967 -1.00 -360.60  29.677621 150.307580 14.242778 5.044723 0.313406 3.808908
639 973 -1.00 -359.95  9.980093 145.790419 91.790324 4.368285 2.326827 0.959063
640 974 -1.00 -359.89  -42.040904 129.065640 57.515363 6.056774 1.495005 2.902689
647 982 -1.00 -359.39  14.431490 73.186654 -37.128595 1.706874 0.677631 1.263745
655 992 -1.00 -359.02  25.074413 147.270871 64.610568 4.590956 2.114372 1.626437
666 1007 -1.00 -358.26  27.336144 130.578987 26.687428 3.143436 0.565460 0.155497
667 1008 -1.00 -358.16  -79.704414 68.154407 112.601966 0.275443 2.439540 2.382152
671 1012 -1.00 -358.04  40.239540 127.238775 129.959550 4.810673 1.696219 3.907376
673 1014 -1.00 -358.03  -86.608080 90.233688 76.196313 0.028807 2.034868 2.347458
675 1018 -1.00 -357.83  -89.227603 56.682864 20.933868 0.874508 1.170058 2.754338
677 1021 -1.00 -357.76  -61.014452 48.830236 -13.530457 1.270209 0.966354 2.337005
680 1024 -1.00 -357.68  86.237524 126.971336 65.321074 4.494615 1.671146 2.849524
681 1025 -1.00 -357.67  11.423162 4.170038 147.219100 1.439992 1.813270 4.853651
684 1028 -1.00 -357.55  40.142653 101.389771 147.041992 3.193343 2.335627 5.597823
686 1030 -1.00 -357.36  -82.681969 67.879972 101.471691 0.280439 2.294177 2.433781
690 1036 -1.00 -357.14  -53.054289 50.256260 164.239084 1.034828 2.095975 4.008114
691 1037 -1.00 -357.09  4.961103 82.261229 -36.312682 1.578953 0.565870 1.387499
692 1038 -1.00 -356.93  -26.536671 -0.692478 -6.127760 1.553388 1.547412 1.849892
693 1039 -1.00 -356.90  -23.083118 129.863214 116.331667 5.930197 2.486750 2.783582
694 1040 -1.00 -356.90  7.556113 75.057697 156.219003 2.760212 2.665246 4.979152
695 1041 -1.00 -356.88  0.355328 45.672267 148.823558 2.294773 2.562629 4.334523
696 1044 -1.00 -356.47  65.473066 22.225711 136.939627 1.877111 2.024003 5.480043
699 1047 -1.00 -356.26  98.133066 93.235046 58.354782 2.591329 1.617052 0.042638
703 1051 -1.00 -355.94  29.896776 93.021779 155.245529 3.029885 2.472852 5.445267
705 1053 -1.00 -355.88  -17.836010 -9.054353 7.797793 1.043985 0.392459 5.045138
706 1054 -1.00 -355.87  -31.873694 3.891571 143.452373 1.837708 2.252023 3.526746
708 1057 -1.00 -355.61  44.479548 58.667536 157.396155 1.835366 2.409053 5.272921
709 1058 -1.00 -355.49  -36.471228 122.009609 -11.136238 0.652485 0.223763 2.666889
712 1063 -1.00 -355.15  -20.616856 5.499357 152.178822 2.057033 2.393437 3.570359
717 1068 -1.00 -354.95  -85.413090 94.040408 71.726888 6.256725 1.957563 2.349120
718 1069 -1.00 -354.89  15.866305 132.974201 136.932492 5.028158 1.681413 4.069724
721 1073 -1.00 -354.61  -87.387679 17.595503 97.940057 1.129766 1.624617 3.416355
723 1076 -1.00 -354.27  -62.140610 26.588598 153.305639 1.181595 1.920392 3.956623
725 1078 -1.00 -354.16  49.995105 74.533577 154.022544 2.248106 2.420730 5.424661
728 1081 -1.00 -354.08  13.645295 148.751832 78.965122 4.501504 2.262554 1.255483
730 1083 -1.00 -353.89  -65.199301 62.417342 155.354803 1.016284 2.222061 3.737872
734 1088 -1.00 -353.60  23.985070 126.402244 19.557531 3.084875 0.606349 0.361140
735 1089 -1.00 -353.59  64.027538 144.784783 69.798936 4.708534 1.865702 2.660093
736 1090 -1.00 -353.59  41.049551 28.275658 -10.317546 3.354660 0.820108 2.188570
741 1096 -1.00 -353.27  55.405415 150.623203 72.714311 4.876593 1.851084 2.738855
