# Docking file generated by Hex 6.3 + CUDA on Thu Apr 12 17:52:19 2012.

# ReceptorSourceFile: 3sfdB.pdb
# LigandSourceFile:   3sfdB-3sfdC_initial_docking.pdb
# ComplexSourceFile:  None
#
# Apply Euler rotation (alpha,beta,gamma) to ligand, then translate by (x y z)
#
# Format: Cluster Solution RMS Etotal x y z alpha beta gamma
#
# -----------------------------------------------------------
#
1 1 -1.00 -733.36  -16.395727 127.593215 15.763943 5.660867 1.517295 2.327034
2 3 -1.00 -681.51  -10.613571 124.832637 10.371155 5.658542 1.404764 2.347310
3 4 -1.00 -669.85  41.240556 93.487667 150.440699 2.871454 2.418630 5.556920
4 8 -1.00 -630.98  45.631241 92.756196 146.617713 2.827372 2.407473 5.623602
5 14 -1.00 -606.84  -80.420690 108.885879 86.187288 6.195833 2.090761 2.518813
6 16 -1.00 -594.50  -77.210789 114.182305 91.881937 6.090321 2.201280 2.402678
7 19 -1.00 -589.51  37.794768 87.200149 152.641352 2.880814 2.401308 5.404315
8 21 -1.00 -582.42  -81.938850 0.940743 80.525763 1.308438 1.554908 3.229252
9 22 -1.00 -575.46  -6.470179 119.287923 3.365113 5.467104 1.454830 2.126879
10 23 -1.00 -573.65  -11.366911 124.137569 9.708090 5.564040 1.494917 2.225646
11 24 -1.00 -569.75  31.896586 88.573529 154.512500 2.676823 2.550327 5.446950
12 25 -1.00 -564.21  3.957095 59.443716 168.358451 1.295278 2.423187 4.611072
13 28 -1.00 -560.96  59.590802 -21.127734 118.084317 2.798623 1.926746 3.559314
14 29 -1.00 -560.63  53.037193 84.385005 146.127730 2.751612 2.289092 5.535118
15 30 -1.00 -560.55  56.931704 94.244805 140.808133 2.966905 2.199486 5.612978
16 32 -1.00 -556.43  -46.176961 68.557489 166.169758 1.174224 2.464098 3.892678
17 36 -1.00 -551.99  -64.932523 54.044064 154.880046 0.984420 2.016496 3.895368
18 37 -1.00 -548.41  1.567994 108.463783 -2.922515 5.458779 1.186825 2.047931
19 39 -1.00 -544.62  -9.111903 43.485877 165.897505 1.070172 2.109037 4.638567
20 40 -1.00 -544.03  -85.023560 96.053449 85.647336 6.204116 2.159093 2.264601
21 41 -1.00 -542.67  30.881699 85.931251 153.288095 2.912321 2.452168 5.330896
22 42 -1.00 -541.06  30.296250 96.684718 153.168932 2.918244 2.548301 5.570672
23 43 -1.00 -539.87  -23.293541 111.909336 5.094841 5.810849 1.418172 2.173263
24 47 -1.00 -534.70  -82.432966 62.514456 106.272639 0.311732 2.360582 2.387924
25 50 -1.00 -533.71  -0.319050 91.926003 -11.290532 5.527777 1.113069 1.945560
26 52 -1.00 -533.12  -29.488962 1.097450 1.347301 0.761066 0.326999 5.150532
27 61 -1.00 -523.03  -32.661077 47.922049 -1.798979 0.273537 1.329537 1.830123
28 65 -1.00 -518.58  -13.157371 112.278249 0.115797 5.462972 1.453472 1.964449
29 74 -1.00 -512.57  30.144005 96.602965 150.988115 2.993743 2.515424 5.550902
30 78 -1.00 -510.06  115.035996 61.849743 79.178243 4.006806 1.381256 3.327053
31 79 -1.00 -509.52  -6.091109 109.111038 -1.794963 5.490383 1.263755 1.977232
32 82 -1.00 -508.53  11.017007 93.802740 -11.055917 5.231201 1.124927 1.937898
33 85 -1.00 -506.93  58.379251 -18.087417 125.395919 2.851764 2.060275 3.509673
34 87 -1.00 -505.90  85.773255 111.869041 89.768829 4.425287 1.342856 3.612985
35 89 -1.00 -504.93  88.009514 105.491840 90.452927 4.353351 1.275681 3.689741
36 91 -1.00 -503.62  -13.431250 123.189911 10.183438 5.586875 1.469284 2.199986
37 94 -1.00 -501.71  8.085090 115.297904 -0.365986 5.339277 1.238379 2.127634
38 96 -1.00 -500.58  -8.701275 135.445965 23.758976 5.640354 1.469398 2.474540
39 98 -1.00 -499.34  -79.221087 84.977828 111.177194 0.128653 2.392062 2.473566
40 99 -1.00 -499.06  -16.701530 -3.567766 -1.091351 0.912863 0.297483 5.190760
41 100 -1.00 -498.61  -62.546794 64.624943 155.904720 0.932027 2.109546 3.855787
42 102 -1.00 -496.53  83.315174 60.205130 117.359923 2.450506 1.753094 6.184894
43 104 -1.00 -496.24  -71.694582 88.722034 117.117272 0.096638 2.449044 2.516462
44 105 -1.00 -496.12  -9.275789 96.606940 -7.860225 5.576419 1.223569 1.931341
45 106 -1.00 -495.84  81.658706 119.657091 37.819581 4.477284 1.488043 2.665658
46 107 -1.00 -495.77  13.824699 126.715993 8.461063 5.354064 1.280703 2.344431
47 109 -1.00 -494.28  3.825274 53.849984 168.679654 1.025186 2.237330 4.734262
48 112 -1.00 -493.56  -34.286486 89.774577 -1.799059 5.864012 1.446538 1.863643
49 113 -1.00 -493.18  -84.061720 60.307076 98.203655 0.208394 2.312871 2.145524
50 119 -1.00 -491.01  61.987359 118.916451 10.368901 4.597724 1.364690 2.338141
51 120 -1.00 -491.00  -88.032630 75.347274 78.093947 0.093695 2.092407 2.245191
52 122 -1.00 -488.86  -1.458727 128.433459 14.433168 5.587995 1.395459 2.422259
53 123 -1.00 -488.22  26.444430 147.351416 93.117611 4.749792 1.073635 4.213748
54 125 -1.00 -487.11  49.500441 84.673241 150.147261 2.797532 2.290453 5.455758
55 126 -1.00 -486.53  30.516418 144.187703 100.113850 4.759775 1.170728 4.138990
56 127 -1.00 -486.42  33.040698 58.462779 160.117125 1.798255 2.465994 5.118490
57 131 -1.00 -484.42  -30.267594 120.589399 29.443652 6.069495 0.532075 3.874705
58 133 -1.00 -483.82  -21.001254 -7.257668 130.124354 6.159737 2.350093 6.163148
59 136 -1.00 -481.69  86.393828 20.143537 28.274335 1.932282 1.074377 6.116673
60 137 -1.00 -481.26  -59.798494 44.902267 158.580257 1.057664 2.050886 3.948381
61 138 -1.00 -481.22  78.473739 86.158034 -4.053611 5.104420 0.548642 2.681023
62 140 -1.00 -478.89  -14.091133 133.842232 26.360847 5.559585 1.638704 2.318992
63 142 -1.00 -478.52  3.387789 61.790377 -24.043419 1.276068 0.555954 2.153962
64 143 -1.00 -478.01  51.886681 80.615947 145.760206 2.928092 2.197970 5.336952
65 144 -1.00 -477.95  -23.980361 128.914065 26.319513 5.436399 1.903353 2.002425
66 147 -1.00 -477.07  -9.684458 56.863782 167.719721 0.945929 2.188659 4.571478
67 148 -1.00 -476.51  39.425764 26.560240 -23.210615 4.904359 0.629613 1.956241
68 149 -1.00 -476.30  60.475623 101.801614 135.229678 2.984435 2.219057 5.780416
69 156 -1.00 -474.38  22.099648 87.978957 156.615367 2.711492 2.610689 5.290999
70 158 -1.00 -474.26  58.184906 34.978210 -17.218824 5.265758 0.443895 2.091826
71 160 -1.00 -473.65  10.538053 106.761454 -3.899759 5.405574 1.100099 2.118819
72 161 -1.00 -473.32  -23.338202 128.214852 20.881346 5.738356 1.592045 2.330912
73 162 -1.00 -473.18  -17.851976 91.416947 -6.661275 5.766644 1.255568 1.906559
74 163 -1.00 -471.98  1.378324 52.525533 169.447690 1.378672 2.362978 4.589359
75 167 -1.00 -471.36  47.451317 80.498795 149.015766 2.887500 2.268476 5.369021
76 171 -1.00 -469.46  40.198648 109.827343 28.750055 3.428508 0.272912 5.654383
77 173 -1.00 -468.79  106.283695 55.196606 47.564670 3.919451 1.260838 3.059450
78 175 -1.00 -468.74  28.941571 81.576375 157.400521 2.787498 2.472995 5.224731
79 177 -1.00 -468.07  82.127213 115.912870 87.379411 4.411211 1.116398 3.841030
80 180 -1.00 -467.11  84.132118 20.075080 109.190348 2.138492 1.496085 5.303796
81 182 -1.00 -466.67  75.415259 38.698828 40.970322 2.172792 0.768635 0.103498
82 184 -1.00 -466.30  106.594482 96.189544 57.596074 4.332112 1.036816 3.388456
83 188 -1.00 -465.52  18.260469 34.382403 -29.380802 5.336058 0.734958 1.659766
84 190 -1.00 -465.00  52.010918 23.441143 -17.790299 5.283287 0.413503 1.937486
85 191 -1.00 -464.97  27.198488 115.740959 27.376386 4.124097 0.189668 5.021052
86 192 -1.00 -464.39  -27.154002 86.411768 -6.760192 5.876411 1.335654 1.869074
87 193 -1.00 -464.22  -8.861543 86.936084 -10.723602 5.735400 1.136610 1.901021
88 194 -1.00 -463.66  36.772421 152.704769 23.152317 4.902343 0.397956 3.886627
89 198 -1.00 -462.11  10.597857 16.130566 -13.121103 0.919418 1.237971 1.455569
90 199 -1.00 -462.06  -61.458365 45.149724 157.405185 1.110017 2.092473 3.890528
91 200 -1.00 -462.02  81.787165 21.376821 113.355040 2.046049 1.586407 5.410949
92 202 -1.00 -461.54  -5.177466 116.244164 1.095836 5.558541 1.363398 2.209124
93 203 -1.00 -461.04  115.842488 52.326478 72.095249 3.940830 1.374604 3.243340
94 209 -1.00 -457.47  7.473849 69.502024 152.749518 3.046490 2.651531 5.108576
95 210 -1.00 -457.47  -17.350237 127.876985 21.924286 5.699676 1.547343 2.384235
96 211 -1.00 -457.25  -8.874257 131.387203 20.343452 5.551089 1.527306 2.342432
97 213 -1.00 -454.92  -82.863044 6.235635 98.929454 1.259258 1.678190 3.363403
98 214 -1.00 -454.76  4.592793 -2.301511 142.145813 1.366037 1.708403 4.845505
99 217 -1.00 -453.44  78.783948 48.490099 130.224792 3.654453 1.624187 3.979522
100 220 -1.00 -451.63  25.512520 -46.100336 92.486069 1.204002 1.359732 5.500224
101 221 -1.00 -451.46  -4.350988 89.815057 -19.621477 5.333275 1.174107 1.708540
102 222 -1.00 -451.05  -76.293864 114.514362 94.984766 6.075342 2.225592 2.414573
103 225 -1.00 -450.46  16.622716 82.201007 157.980368 2.771232 2.603498 5.178788
104 227 -1.00 -449.99  12.309172 86.090367 -33.985115 1.814138 0.563727 1.226707
105 228 -1.00 -449.86  47.692318 99.671656 145.815882 2.984806 2.346688 5.664461
106 230 -1.00 -449.05  -40.139699 120.366139 51.520423 5.894941 0.774168 4.185380
107 231 -1.00 -448.81  105.363342 74.957259 46.134912 4.197992 1.111349 3.183517
108 232 -1.00 -448.26  -27.362040 111.139607 5.147298 5.707385 1.508917 2.048953
109 233 -1.00 -447.96  -98.246575 48.977436 46.668615 0.846644 1.454164 2.829905
110 235 -1.00 -446.73  107.381122 53.962961 50.691660 3.889940 1.153066 3.204440
111 236 -1.00 -446.72  -92.999001 46.293379 32.938374 0.926196 1.295157 2.796340
112 237 -1.00 -446.30  22.794603 144.502266 3.917435 5.567985 0.295203 3.283728
113 238 -1.00 -446.29  26.522703 92.498258 152.039092 3.066063 2.501813 5.445714
114 239 -1.00 -446.29  -5.389294 126.530300 12.357123 5.580414 1.447944 2.329004
115 241 -1.00 -446.21  24.243169 53.363950 163.415542 1.466143 2.426933 4.931739
116 242 -1.00 -445.87  0.589183 141.631751 99.717536 4.269217 2.183066 0.518671
117 243 -1.00 -445.84  -65.145759 60.496318 155.677162 1.012399 2.146617 3.795185
118 244 -1.00 -445.74  89.961747 104.353249 97.084477 4.364550 1.661658 3.353408
119 246 -1.00 -445.33  88.720492 107.420789 94.562027 4.398436 1.498886 3.485950
120 247 -1.00 -445.23  58.950302 -19.072774 124.695394 2.799028 1.923718 3.683266
121 248 -1.00 -444.80  -0.762755 133.274836 20.304232 5.607543 1.372009 2.528170
122 249 -1.00 -444.66  17.409517 9.118076 149.259817 1.521512 1.868223 4.882625
123 251 -1.00 -443.60  -56.331164 55.170994 23.476788 0.007963 1.654842 1.723135
124 252 -1.00 -443.50  47.119922 103.711258 4.424793 2.603951 0.436559 0.757655
125 256 -1.00 -442.56  -46.044123 72.005507 166.178411 1.192975 2.538156 3.847396
126 257 -1.00 -442.33  25.592793 48.923499 -14.736171 3.563602 0.718027 1.849878
127 258 -1.00 -442.19  -75.914965 51.349020 2.530241 1.073995 0.993098 2.602619
128 259 -1.00 -442.18  -65.470453 52.700407 153.499751 0.984420 2.016496 3.895368
129 260 -1.00 -442.13  15.314418 70.888704 -12.015143 3.842210 0.736644 1.485570
130 264 -1.00 -441.10  56.496616 44.544808 -17.481012 5.040878 0.587371 2.216175
131 265 -1.00 -440.94  -51.824925 69.743221 162.208692 0.972254 2.336862 3.856269
132 267 -1.00 -440.45  35.705229 98.643121 -2.939073 2.180204 0.339451 1.160843
133 270 -1.00 -440.06  -29.426198 118.857701 21.986831 5.923490 1.451698 2.435727
134 271 -1.00 -440.06  12.970930 39.186919 -30.792063 5.420892 0.806133 1.625257
135 272 -1.00 -439.91  71.031731 88.277728 -9.595483 5.416257 0.508936 2.502899
136 274 -1.00 -439.37  46.606964 -42.571067 66.844196 2.507096 1.326370 3.534306
137 275 -1.00 -439.31  24.184386 94.420045 155.851684 2.722653 2.636191 5.456763
138 276 -1.00 -438.95  15.046510 112.029959 -1.821355 5.237408 1.182653 2.123546
139 280 -1.00 -438.48  -12.667789 -27.897514 72.143335 0.849486 2.154273 1.155460
140 282 -1.00 -438.41  41.508493 88.221254 150.736482 3.031015 2.322083 5.375415
141 283 -1.00 -438.37  -20.462940 131.322719 18.938871 5.741346 1.595660 2.371939
142 286 -1.00 -437.41  76.514028 122.634583 59.097486 4.680410 1.200724 3.272366
143 287 -1.00 -437.02  -84.989802 59.219619 95.555095 0.261316 2.254913 2.251861
144 288 -1.00 -436.72  -26.225159 86.140573 -13.407791 5.549906 1.314430 1.543847
145 292 -1.00 -435.21  6.600940 48.885221 169.355158 1.343550 2.339179 4.673697
146 293 -1.00 -434.67  -85.423068 48.341546 18.766666 1.015675 1.052500 2.798044
147 294 -1.00 -434.49  -85.292668 81.824632 89.536149 6.280578 2.221100 2.220061
148 295 -1.00 -434.47  -90.152955 79.359264 41.136808 0.689231 1.111586 3.095741
149 297 -1.00 -434.25  35.465127 107.926603 3.195996 4.708005 1.411288 1.952480
150 299 -1.00 -434.02  -56.221708 33.300791 160.083628 1.186689 2.032623 3.976304
151 300 -1.00 -433.99  -15.351928 134.151066 101.543377 5.852240 2.288418 2.913579
152 302 -1.00 -433.41  -49.157547 32.375317 25.805701 0.098726 1.581515 1.309440
153 305 -1.00 -432.54  -45.487340 74.531573 3.036181 6.091261 1.532817 1.810655
154 309 -1.00 -431.86  4.774803 7.378434 148.485644 1.348269 1.834960 4.830006
155 310 -1.00 -431.18  -8.282697 152.455448 18.562069 5.726669 0.477127 3.417698
156 311 -1.00 -431.14  -18.842310 133.524567 35.187151 5.784283 1.385993 2.673958
157 313 -1.00 -430.76  -84.682775 93.553738 10.138892 0.260494 1.388760 2.366299
158 314 -1.00 -430.76  43.874928 104.876648 3.183037 5.004126 1.059632 2.424342
159 315 -1.00 -430.32  -9.620592 128.242934 10.443131 5.691898 1.417446 2.405455
160 317 -1.00 -429.84  62.561144 -15.915374 124.952588 2.883020 1.985979 3.587469
161 319 -1.00 -429.81  -64.108856 124.496576 13.345040 0.187858 0.922921 2.857218
162 320 -1.00 -429.61  44.636645 93.158727 148.963634 2.985671 2.331389 5.505326
163 321 -1.00 -429.57  13.415198 120.594192 3.045499 5.406583 1.199148 2.324328
164 325 -1.00 -428.78  -14.786135 120.781517 6.778497 5.540311 1.520561 2.117170
165 326 -1.00 -428.61  89.158816 103.597349 94.451188 4.344008 1.354252 3.646820
166 328 -1.00 -428.26  -72.535318 74.399770 121.996567 0.286329 2.507269 2.565512
167 329 -1.00 -428.23  -74.939750 83.274996 113.389793 0.109864 2.432773 2.434225
168 330 -1.00 -428.16  -48.742494 1.197667 20.649273 6.255020 1.500334 0.870244
169 331 -1.00 -428.11  50.635994 125.143421 125.176082 4.663172 1.606042 3.937670
170 332 -1.00 -428.02  17.976169 124.702351 6.290798 5.215662 1.304248 2.232938
171 334 -1.00 -427.26  89.321840 34.734005 13.289018 4.143219 0.554480 3.065831
172 337 -1.00 -426.49  33.776905 143.280970 95.564068 4.770432 1.163019 4.047249
173 338 -1.00 -426.31  85.879205 52.437795 55.565974 2.329413 0.991288 0.111217
174 339 -1.00 -426.13  -12.668479 89.543483 -16.626045 5.469826 1.333118 1.822519
175 340 -1.00 -425.84  88.764482 105.117349 95.185992 4.396937 1.470525 3.539740
176 341 -1.00 -425.83  105.886346 74.530491 92.848423 4.104391 1.487910 3.431592
177 342 -1.00 -425.68  -28.703008 -1.389626 3.944778 1.032595 0.348580 4.816517
178 344 -1.00 -425.34  -48.723019 50.139947 166.678119 1.005764 2.089049 4.075808
179 345 -1.00 -425.27  -12.073117 43.001560 149.606705 2.403055 2.780225 4.293084
180 348 -1.00 -424.86  47.438625 37.048915 -22.273632 4.894564 0.637203 2.081961
181 350 -1.00 -424.50  -53.855411 49.190686 162.748194 1.034828 2.095975 4.008114
182 351 -1.00 -424.45  -97.507439 63.771301 40.993040 0.651201 1.475772 2.696472
183 353 -1.00 -424.34  -80.273644 84.136299 104.529752 0.120026 2.310473 2.443845
184 354 -1.00 -423.86  5.855143 55.500774 169.299162 1.109567 2.270718 4.721191
185 355 -1.00 -423.79  -81.208461 62.441413 108.995547 0.279979 2.423028 2.294452
186 356 -1.00 -422.91  -68.777923 117.174150 31.768581 0.122443 1.153041 2.852341
187 358 -1.00 -422.80  79.410966 34.909595 52.057190 2.293064 0.745250 6.059089
188 361 -1.00 -422.48  -78.197253 87.474516 111.178615 0.046204 2.437598 2.341004
189 362 -1.00 -421.95  -35.984779 44.665997 1.337810 0.369374 1.370993 1.893688
190 363 -1.00 -421.72  -43.442340 75.367121 -14.403794 1.395799 0.530728 2.167085
191 365 -1.00 -421.17  110.755373 85.794270 64.409128 4.210545 1.167688 3.358851
192 366 -1.00 -421.02  25.905619 93.077846 156.212143 2.883086 2.556052 5.458298
193 367 -1.00 -421.01  -26.146667 128.393456 47.109277 5.704168 0.699346 4.221564
194 370 -1.00 -420.71  -11.750088 125.198684 15.947907 5.690273 1.433770 2.391973
195 371 -1.00 -420.57  63.927443 -25.985355 113.086797 2.810101 1.889780 3.493474
196 372 -1.00 -420.51  44.066620 130.547045 42.211533 3.308502 0.490400 5.955276
197 373 -1.00 -420.40  21.652252 160.053378 32.022762 5.108958 0.674211 3.653950
198 375 -1.00 -420.01  -85.889513 92.723199 63.518663 6.244920 1.895576 2.276006
199 376 -1.00 -419.83  -83.174022 72.446683 26.067149 0.833462 0.984061 2.956978
200 377 -1.00 -419.52  16.956557 133.178683 16.547611 5.519445 1.222914 2.635937
201 379 -1.00 -418.84  58.740064 121.181895 46.908796 3.062848 0.665276 6.112781
202 380 -1.00 -418.80  -24.122822 106.836435 0.062905 5.617890 1.474335 1.940845
203 381 -1.00 -418.76  -10.586280 123.535848 10.738356 5.808536 1.274440 2.482613
204 383 -1.00 -418.57  -69.290936 -15.246126 47.504353 1.375240 1.625268 2.608914
205 384 -1.00 -418.54  83.969726 117.095901 37.910030 4.411362 1.524667 2.611630
206 385 -1.00 -418.26  35.431379 51.596429 165.146936 1.375958 2.322900 5.076477
207 386 -1.00 -418.07  59.219099 38.340795 -17.175978 5.378558 0.432829 2.062439
208 387 -1.00 -417.46  43.205895 37.126085 155.392091 2.167213 2.150123 4.964093
209 390 -1.00 -417.10  43.153146 93.475503 147.542081 2.788471 2.480320 5.651383
210 391 -1.00 -416.98  -23.966641 120.684509 14.622817 5.736164 1.537759 2.277458
211 392 -1.00 -416.68  42.442533 61.632739 157.400717 1.882868 2.475874 5.251067
212 395 -1.00 -416.56  -2.884640 111.254768 -4.683271 5.321740 1.452225 1.972871
213 396 -1.00 -416.42  79.691938 84.283417 -1.167613 2.413591 0.676075 6.234509
214 398 -1.00 -416.20  9.581103 53.079692 -30.879518 5.505533 0.933320 1.731822
215 399 -1.00 -416.12  58.427818 40.946533 -16.731092 4.813656 0.624456 2.272266
216 400 -1.00 -416.09  -12.005947 131.075129 22.276139 5.537551 1.611191 2.295919
217 401 -1.00 -415.82  80.297762 57.247652 122.365811 2.380912 1.833509 6.173662
218 402 -1.00 -415.60  -18.944082 129.535354 15.146786 5.765595 1.497004 2.410852
219 403 -1.00 -415.60  84.437809 113.363896 87.484054 4.437323 1.263975 3.650435
220 405 -1.00 -415.48  30.460724 21.784898 -26.602979 5.193439 0.585286 1.745253
221 407 -1.00 -415.29  -11.532738 55.707221 166.909816 0.870654 2.149704 4.597256
222 408 -1.00 -415.20  58.682108 149.540094 71.434830 4.922342 1.575674 3.054754
223 409 -1.00 -414.94  -52.122878 55.522921 164.840813 1.075923 2.145145 3.989056
224 410 -1.00 -414.93  3.432015 144.869510 42.120387 4.799726 0.492160 5.027632
225 411 -1.00 -414.90  -47.442983 116.460676 60.033045 6.020708 0.909661 4.110031
226 412 -1.00 -414.89  -82.520351 58.828349 9.430981 0.783333 1.207383 2.500745
227 413 -1.00 -414.87  -83.677517 54.305921 11.356891 0.925517 1.134983 2.637932
228 414 -1.00 -414.44  5.963484 74.372697 157.216151 2.760212 2.665246 4.979152
229 416 -1.00 -414.27  -10.081599 80.124542 -12.436408 5.830725 1.104735 1.863731
230 419 -1.00 -413.65  48.127630 92.883429 144.854517 2.951223 2.317191 5.568420
231 423 -1.00 -412.71  -67.516936 -12.582409 36.271890 1.326225 1.601193 2.442225
232 424 -1.00 -412.48  20.126396 137.349566 21.776770 5.245113 1.399981 2.444947
233 425 -1.00 -412.19  -6.695713 106.101382 -4.016525 5.554757 1.210540 1.983031
234 426 -1.00 -412.15  92.278301 46.670067 8.914083 4.463506 0.450797 3.033057
235 430 -1.00 -411.71  54.174325 105.565607 0.533751 4.606361 1.181814 2.247832
236 436 -1.00 -411.22  85.059440 38.988410 28.009208 3.479830 1.337680 2.560446
237 438 -1.00 -411.12  22.579790 121.790917 31.859478 4.454823 0.246727 4.714027
238 439 -1.00 -411.07  60.687750 33.906216 -15.024485 1.633482 0.815912 0.405920
239 441 -1.00 -410.67  27.238971 29.534234 -26.983477 5.323447 0.614114 1.691657
240 442 -1.00 -410.58  112.779426 78.367789 61.612262 4.142906 1.049281 3.432826
241 443 -1.00 -410.27  0.851493 142.183350 96.009180 4.274133 2.096971 0.433630
242 447 -1.00 -409.58  -20.929424 124.640264 125.281615 5.975080 2.647250 2.780739
243 449 -1.00 -409.50  21.228206 125.806763 12.926485 5.531637 1.020065 2.654384
244 450 -1.00 -409.37  35.948190 54.951120 160.802446 1.907567 2.381754 5.127691
245 453 -1.00 -408.83  -37.842626 99.470986 5.604784 5.760456 1.574052 1.857178
246 454 -1.00 -408.83  28.709496 -7.078167 157.456562 1.318996 1.967268 5.119916
247 457 -1.00 -407.71  22.067678 79.985520 157.206424 2.805865 2.526773 5.142228
248 458 -1.00 -407.54  -7.777436 -24.947564 53.102758 0.868582 1.894013 1.136500
249 461 -1.00 -407.11  -25.776009 82.574141 -7.278720 5.861098 1.295419 1.808124
250 463 -1.00 -406.87  19.738023 33.058464 -29.127784 5.336058 0.734958 1.659766
251 464 -1.00 -406.79  -1.066831 111.847826 -2.082008 5.288927 1.413012 1.963462
252 465 -1.00 -406.71  -13.253851 107.681864 0.156605 5.617003 1.290871 2.001591
253 467 -1.00 -406.64  31.946543 75.817185 154.290801 2.892016 2.404051 5.157830
254 468 -1.00 -406.46  -7.272743 111.094716 -4.299297 5.420573 1.446768 1.995884
255 469 -1.00 -406.40  -84.441183 65.459332 100.187656 0.210149 2.330055 2.236990
256 470 -1.00 -406.13  32.520223 96.895896 150.542354 3.142095 2.421156 5.531217
257 471 -1.00 -405.90  -85.895527 81.081958 57.703609 6.232553 1.849912 2.272725
258 472 -1.00 -405.86  80.681963 120.178413 82.862551 4.515384 1.154635 3.694862
259 473 -1.00 -405.71  -5.077688 94.113526 -6.661855 0.545638 0.340180 2.886361
260 474 -1.00 -405.48  26.754235 9.723148 -22.862325 5.204234 0.494478 1.636416
261 475 -1.00 -405.29  88.639113 110.874755 86.047910 4.443107 1.534434 3.340610
262 476 -1.00 -405.23  -46.393478 -10.296410 24.739642 6.238330 1.456384 0.701920
263 477 -1.00 -404.88  87.498062 104.517152 101.655382 4.351547 1.478163 3.629152
264 482 -1.00 -404.23  49.637055 108.987260 10.894598 2.807793 0.428415 0.524352
265 483 -1.00 -404.13  -12.155893 9.218755 -11.665436 6.018813 0.839333 0.944326
266 485 -1.00 -403.76  54.835009 -20.300466 130.811109 2.831170 2.085801 3.545694
267 486 -1.00 -403.62  1.372957 112.212443 0.161359 5.404661 1.257137 2.045920
268 487 -1.00 -403.51  113.505800 70.087905 73.111701 4.067157 1.306952 3.347891
269 488 -1.00 -403.51  85.084020 115.444840 83.515300 4.493962 1.381028 3.461909
270 489 -1.00 -403.29  -93.604126 64.311935 29.692007 0.644126 1.413840 2.596620
271 490 -1.00 -403.10  21.856336 74.736931 -37.337477 1.575142 0.600777 1.157634
272 491 -1.00 -403.07  -61.867796 -17.978347 74.388930 1.601259 1.544064 3.133118
273 492 -1.00 -402.92  -3.911781 74.409359 -11.156924 4.010077 0.578712 1.182153
274 493 -1.00 -402.92  -73.622693 84.999449 115.656175 0.208425 2.377277 2.659664
275 495 -1.00 -402.54  27.717448 52.070512 163.338937 1.610481 2.429885 5.004729
276 496 -1.00 -402.52  52.014362 -22.504016 126.619255 2.708789 1.925709 3.722388
277 498 -1.00 -402.38  37.212633 96.643146 150.501665 2.721198 2.583539 5.634661
278 499 -1.00 -402.36  -61.380172 43.202775 157.385311 1.093732 2.018349 3.942486
279 500 -1.00 -402.13  -51.251987 24.383057 150.174782 1.505165 2.342495 3.595365
280 505 -1.00 -401.44  -2.233536 122.816460 9.184673 5.444020 1.379431 2.189149
281 508 -1.00 -400.80  -61.673399 39.143776 157.352326 1.160643 2.081744 3.873653
282 512 -1.00 -400.12  -12.040553 131.381694 25.390625 5.589952 1.555165 2.390046
283 513 -1.00 -399.97  83.548365 67.175801 127.942354 3.859145 1.589303 3.970108
284 516 -1.00 -399.29  106.862300 49.543679 53.691301 3.862042 1.230699 3.186280
285 518 -1.00 -398.99  -23.026308 124.437126 121.826446 6.065569 2.509955 2.955059
286 519 -1.00 -398.96  -36.260076 -42.258246 112.567312 1.582987 1.226020 4.098349
287 521 -1.00 -398.73  -34.949657 122.641162 38.465118 6.025157 0.628219 3.940073
288 522 -1.00 -398.51  8.386143 131.291442 17.998397 5.625933 1.159832 2.643752
289 523 -1.00 -398.50  -18.589022 117.747084 8.875616 5.741169 1.426366 2.288038
290 524 -1.00 -398.45  -2.410868 92.381583 -21.005896 5.338554 1.171930 1.745695
291 525 -1.00 -398.40  57.477014 -28.176696 108.416292 2.731052 1.880974 3.435764
292 527 -1.00 -398.21  84.016562 128.394488 56.262804 4.502873 1.646141 2.742894
293 528 -1.00 -397.97  9.690187 -23.243132 25.541467 1.236364 1.771858 1.495009
294 529 -1.00 -397.91  -27.747371 125.465961 18.319417 5.703880 1.635122 2.222833
295 530 -1.00 -397.91  48.065642 70.605485 149.702854 2.875519 2.222678 5.201982
296 532 -1.00 -397.73  23.193457 -2.404696 -15.374956 6.079144 0.521768 1.040109
297 533 -1.00 -397.62  -67.950716 64.709307 147.452764 0.854147 2.154681 3.677304
298 534 -1.00 -397.50  -43.229297 -18.903531 39.847551 0.219660 1.775215 0.887802
299 536 -1.00 -397.38  -55.261318 27.201304 158.518025 1.082625 1.848746 4.138577
300 537 -1.00 -397.32  7.132208 118.788956 1.200693 5.496553 1.206031 2.254251
301 538 -1.00 -397.29  24.833244 46.166248 148.325466 2.526619 2.355054 4.644627
302 540 -1.00 -396.95  -49.074616 -27.965884 74.682599 0.922981 2.166501 1.320512
303 541 -1.00 -396.94  36.103050 150.714042 20.380644 4.856469 0.324593 3.989624
304 542 -1.00 -396.78  -86.943238 75.783559 89.925875 0.193983 2.148542 2.464761
305 543 -1.00 -396.69  32.858847 138.928744 38.347250 4.567977 1.893305 1.678004
306 546 -1.00 -396.46  -3.372703 -26.601336 46.290535 1.035688 2.006688 1.356908
307 547 -1.00 -396.14  -8.269018 93.551813 -9.689852 5.495045 1.219095 1.854212
308 549 -1.00 -396.00  -0.199057 -6.631522 -21.922301 5.932272 0.600523 0.826100
309 550 -1.00 -395.76  101.528953 51.617792 35.933083 3.922348 1.083788 3.067378
310 554 -1.00 -395.50  90.960001 95.080022 55.253218 2.694953 0.902825 0.028248
311 556 -1.00 -395.28  40.683627 92.325007 149.619109 3.159356 2.295795 5.399765
312 557 -1.00 -395.22  -56.605324 30.281735 158.339035 1.163886 1.960217 4.026675
313 558 -1.00 -395.07  84.291466 110.864292 105.365953 4.457003 1.743927 3.382132
314 559 -1.00 -395.05  27.836476 127.183894 13.501177 5.363574 1.090399 2.621497
315 560 -1.00 -394.99  55.505239 91.335279 145.584858 2.907884 2.227293 5.551117
316 561 -1.00 -394.81  -79.391203 112.738725 76.830933 6.079440 2.055181 2.355366
317 562 -1.00 -394.60  -13.753902 146.134068 8.930083 5.989639 0.502060 3.134105
318 563 -1.00 -394.58  9.950529 122.870144 2.957641 5.298490 1.298360 2.165011
319 564 -1.00 -394.21  41.810524 139.218236 41.519989 4.225979 1.910130 1.312461
320 566 -1.00 -394.02  53.077590 -21.565754 125.803139 2.712266 1.874249 3.804992
321 568 -1.00 -393.94  17.954042 127.897512 13.199734 5.500963 1.134984 2.567494
322 571 -1.00 -393.66  109.344486 52.919976 56.594020 3.856950 1.228827 3.242714
323 572 -1.00 -393.61  -34.623195 -22.704422 34.009846 0.514736 1.891409 1.212301
324 573 -1.00 -393.58  -79.805471 48.088622 9.935949 1.060838 1.026516 2.675720
325 577 -1.00 -392.91  5.468584 127.488227 15.293849 3.101488 0.333764 0.369370
326 578 -1.00 -392.63  30.642677 144.276099 6.247460 5.285692 0.178700 3.602438
327 580 -1.00 -392.33  -45.654779 69.337629 166.871363 1.151097 2.480301 3.874270
328 582 -1.00 -392.11  11.018377 58.403017 168.231231 1.031564 2.314224 4.782831
329 583 -1.00 -392.07  -82.337054 -6.296470 75.922823 1.253034 1.856659 2.804570
330 584 -1.00 -392.04  106.280570 46.667656 48.607619 3.825710 1.056905 3.284145
331 586 -1.00 -391.78  -4.563307 -30.644100 73.735513 0.925681 2.166771 1.142274
332 587 -1.00 -391.77  106.376056 96.340631 50.529194 4.365592 1.077461 3.242339
333 589 -1.00 -391.62  32.937080 140.140069 54.964546 4.286201 1.996115 1.245392
334 592 -1.00 -391.47  -74.504819 84.465621 119.693832 0.105265 2.535934 2.379701
335 594 -1.00 -391.36  -1.334223 131.768182 26.884504 5.716177 1.138531 2.767469
336 595 -1.00 -391.07  -47.024851 -3.730400 127.771248 1.954192 2.613392 2.906376
337 596 -1.00 -390.96  93.619858 112.389434 34.810750 4.683517 0.923370 3.137529
338 597 -1.00 -390.81  91.897823 104.712652 89.316253 4.344218 1.566692 3.349827
339 598 -1.00 -390.78  -11.546827 91.080533 -7.402333 5.683760 1.150507 1.827651
340 600 -1.00 -390.67  101.279945 105.346394 51.266689 4.448834 0.989402 3.349507
341 601 -1.00 -390.53  86.621904 104.484538 97.258689 4.373000 1.372944 3.676478
342 602 -1.00 -390.08  113.100597 77.915895 71.731862 4.098945 1.103635 3.516532
343 603 -1.00 -389.83  69.526263 98.759940 -6.911670 2.537415 0.529789 6.212427
344 606 -1.00 -388.91  77.695751 34.662726 45.853568 2.197257 0.713726 6.194458
345 607 -1.00 -388.72  75.857714 22.380641 125.881404 1.742530 1.868341 5.633396
346 608 -1.00 -388.71  -85.342048 93.918285 77.295057 6.216321 2.077940 2.247315
347 611 -1.00 -388.59  21.703129 143.213316 117.464179 4.651584 1.288191 4.419841
348 613 -1.00 -388.41  -16.390969 127.928074 18.876560 5.710103 1.461056 2.411719
349 615 -1.00 -388.25  47.356915 101.083918 26.953531 3.162403 0.278470 5.816137
350 616 -1.00 -388.24  -20.896459 87.399423 -16.196819 5.577105 1.282037 1.639157
351 617 -1.00 -388.18  -58.391765 63.136279 159.259790 0.977538 2.214797 3.850013
352 618 -1.00 -388.18  -57.869262 81.760268 27.500992 6.032771 1.862611 1.960681
353 620 -1.00 -387.96  -71.239631 74.568919 123.740800 0.251249 2.569417 2.462462
354 621 -1.00 -387.79  -21.192491 94.085131 -3.400542 5.794183 1.315114 1.965840
355 622 -1.00 -387.78  46.515951 117.604346 17.074687 3.116270 0.562294 0.394729
356 623 -1.00 -387.74  -2.402251 82.572040 -12.177410 0.908445 0.407699 2.512907
357 624 -1.00 -387.60  45.117942 125.727884 40.385925 4.883755 0.554618 3.723043
358 625 -1.00 -387.57  -15.979428 132.694370 28.233705 5.645066 1.622591 2.391035
359 626 -1.00 -387.37  -2.797713 120.211353 3.514172 5.563461 1.352129 2.229439
360 627 -1.00 -387.34  -21.635820 28.984950 1.558916 1.310636 1.053430 2.374830
361 628 -1.00 -387.28  15.000113 52.797476 163.736323 1.403756 2.437033 4.776686
362 630 -1.00 -387.09  -25.811321 5.673898 163.824996 1.178069 1.935895 4.405218
363 631 -1.00 -386.97  -78.165516 90.338371 107.653580 0.097060 2.334548 2.524848
364 632 -1.00 -386.66  -81.581624 -8.321296 66.072631 1.257290 1.836566 2.655083
365 633 -1.00 -386.62  -92.496373 47.807274 31.399408 0.930713 1.213960 2.846242
366 634 -1.00 -386.61  74.914522 92.378407 47.925365 4.139214 0.620746 3.888648
367 635 -1.00 -386.58  75.358716 118.645232 116.488124 4.381278 1.422706 3.912344
368 637 -1.00 -386.53  -11.601812 90.369967 -9.882815 5.667367 1.189951 1.905457
369 638 -1.00 -386.44  79.333383 119.624532 59.446924 4.652550 1.266242 3.207461
370 639 -1.00 -386.30  -13.176634 -12.993132 33.778619 0.710750 1.725006 1.139419
371 640 -1.00 -386.25  -10.569787 56.154439 167.057858 0.789475 2.167648 4.614701
372 641 -1.00 -386.21  -8.511880 116.269588 7.363340 5.629822 1.320766 2.220207
373 642 -1.00 -386.01  -93.157147 61.739200 29.495701 0.727682 1.310521 2.711493
374 643 -1.00 -385.94  15.715163 -20.884625 6.070332 1.312907 1.661630 1.544733
375 645 -1.00 -385.53  -17.090693 25.259368 1.423061 1.403673 1.076434 2.319612
376 646 -1.00 -385.34  -77.818569 74.905290 107.601037 0.219885 2.336087 2.483208
377 649 -1.00 -385.12  34.119108 155.739805 28.325667 4.751596 0.410250 4.120336
378 650 -1.00 -385.04  -21.422155 119.983296 13.878885 5.836255 1.427968 2.381109
379 651 -1.00 -385.02  -54.599869 54.401290 -17.546873 1.378372 0.873502 2.277086
380 652 -1.00 -384.98  -97.047993 60.030661 40.330681 0.734536 1.364393 2.813804
381 653 -1.00 -384.90  33.861367 137.356015 122.042753 4.702622 1.424687 4.177337
382 655 -1.00 -384.78  110.884919 86.398618 56.149650 4.253244 1.123099 3.271259
383 656 -1.00 -384.67  91.597891 100.386557 97.251528 4.358801 1.624142 3.409579
384 657 -1.00 -384.54  52.036159 -6.796670 144.492637 2.856322 2.044842 3.947510
385 658 -1.00 -384.52  50.868874 17.496572 -17.187169 5.042457 0.451749 2.018942
386 660 -1.00 -384.33  -80.642770 83.510156 27.614765 0.706366 0.916802 3.027774
387 662 -1.00 -384.09  91.390272 29.853406 12.763360 4.152265 0.356030 3.242679
388 663 -1.00 -384.08  -15.238267 114.842435 4.797028 5.652034 1.425022 2.191334
389 664 -1.00 -383.99  27.829046 79.339815 -35.058977 1.788087 0.620118 1.027550
390 665 -1.00 -383.78  81.654499 118.742739 79.061562 4.531203 1.227066 3.559053
391 666 -1.00 -383.66  83.824994 120.551243 46.459387 4.477926 1.524215 2.756967
392 668 -1.00 -383.47  28.996674 67.135301 161.527783 1.764218 2.530595 5.075524
393 669 -1.00 -383.44  59.070557 54.118958 146.501053 2.323886 1.938644 5.753540
394 671 -1.00 -383.42  81.238592 34.328705 3.956096 4.381781 0.439704 2.874505
395 672 -1.00 -383.31  46.140657 125.204752 130.248492 4.723902 1.650102 3.963491
396 673 -1.00 -383.25  -66.426107 46.519851 -10.901937 1.214806 0.966999 2.394167
397 674 -1.00 -383.24  50.692910 107.243608 10.080789 2.770949 0.502330 0.610293
398 676 -1.00 -382.90  -78.329564 -9.563753 48.806933 1.250919 1.695502 2.548946
399 677 -1.00 -382.77  51.023914 33.859474 -19.000559 5.010464 0.551043 2.108388
400 678 -1.00 -382.65  42.264852 102.096295 12.318034 2.170162 0.305106 0.881947
401 679 -1.00 -382.64  22.593313 84.934189 154.579557 3.007181 2.517025 5.307031
402 680 -1.00 -382.53  14.507196 123.135389 5.953849 5.350228 1.265873 2.318115
403 681 -1.00 -382.51  111.823721 85.715883 66.098059 4.210545 1.167688 3.358851
404 682 -1.00 -382.51  85.567165 113.541903 77.932579 4.424960 1.066494 3.739401
405 683 -1.00 -382.49  39.089700 132.779936 121.836721 4.539917 1.376417 4.316391
406 684 -1.00 -382.46  2.644069 21.640890 170.431059 2.076611 2.193970 4.384833
407 685 -1.00 -382.38  84.610135 38.426822 109.965786 2.258748 1.658281 6.210935
408 686 -1.00 -382.37  -71.579494 109.439738 106.227644 6.183723 2.261323 2.566337
409 687 -1.00 -382.31  -23.361044 139.269443 59.360082 5.508003 0.701936 4.433726
410 688 -1.00 -382.21  -17.458161 127.264592 23.871515 5.747310 1.475997 2.458711
411 691 -1.00 -382.09  -56.301075 32.990311 14.315662 0.264120 1.739495 1.808854
412 692 -1.00 -382.03  67.937059 -32.390526 87.499697 2.137517 1.156470 4.796137
413 693 -1.00 -382.03  -19.449952 126.627314 28.312012 5.775905 0.404721 4.148936
414 694 -1.00 -382.01  -72.429349 32.112915 80.317401 0.208423 0.853101 5.112823
415 695 -1.00 -382.01  -25.885599 -13.978140 106.107943 0.837642 2.352080 0.759886
416 696 -1.00 -381.91  -17.601717 120.309697 8.116852 5.616164 1.517518 2.178347
417 698 -1.00 -381.82  -40.439162 -1.092066 7.654458 6.119415 1.248804 0.795099
418 699 -1.00 -381.74  63.465352 47.710112 143.574932 2.257952 1.942698 5.839376
419 700 -1.00 -381.70  24.394820 123.370894 6.621290 5.223602 1.231856 2.383166
420 704 -1.00 -381.51  69.039925 130.389166 105.402853 4.672540 1.596030 3.534086
421 705 -1.00 -381.47  46.761322 41.963652 -22.478259 5.215902 0.602146 2.012972
422 706 -1.00 -381.28  -45.189394 -24.038054 56.272679 0.032866 1.518856 0.299444
423 707 -1.00 -381.25  26.141655 146.382040 59.460785 4.637234 2.066693 1.716988
424 708 -1.00 -381.24  111.049087 64.803724 63.940921 3.964298 1.259961 3.295105
425 709 -1.00 -381.07  88.639025 102.007799 104.102190 4.341748 1.557571 3.565222
426 711 -1.00 -380.68  40.906311 97.511100 148.286606 2.992456 2.397166 5.576136
427 713 -1.00 -380.59  65.655849 -20.204120 119.298003 2.872633 1.961164 3.528733
428 714 -1.00 -380.44  85.781637 111.685641 91.760385 4.425287 1.342856 3.612985
429 715 -1.00 -380.37  9.278352 109.563531 -3.708624 5.328279 1.170260 2.050340
430 716 -1.00 -380.35  -91.562545 79.853390 47.826547 0.640701 1.119166 3.203678
431 717 -1.00 -380.31  -62.020791 29.598324 155.103598 1.198369 1.994096 3.903158
432 719 -1.00 -380.23  -82.917364 5.063488 104.201589 1.231574 2.009328 3.042916
433 721 -1.00 -379.94  -56.469524 45.849740 160.839679 1.267733 2.315009 3.812503
434 722 -1.00 -379.83  -16.404310 149.572424 13.918871 4.857249 0.225834 4.643378
435 723 -1.00 -379.79  -44.635216 32.964916 20.575943 0.080934 1.475975 1.292417
436 724 -1.00 -379.71  86.392003 36.573514 10.906165 4.327880 0.433957 3.030966
437 725 -1.00 -379.61  -82.574833 51.828812 10.230068 0.857607 1.257500 2.481578
438 726 -1.00 -379.22  -30.393351 12.174938 -4.437511 6.095317 1.119355 0.959631
439 727 -1.00 -379.21  74.005889 115.107935 89.073106 3.054448 1.150818 5.954138
440 728 -1.00 -379.18  36.129692 139.484362 117.602141 4.370889 1.266073 4.549533
441 729 -1.00 -379.11  107.786745 43.682489 61.252492 3.778883 1.206732 3.300810
442 730 -1.00 -379.04  12.918045 65.698438 -23.090503 1.382218 0.489372 1.984611
443 731 -1.00 -379.03  81.455019 119.491120 62.733887 4.598049 1.342994 3.189813
444 733 -1.00 -378.95  -72.627614 46.388898 1.392444 1.244292 0.931414 2.613059
445 734 -1.00 -378.94  85.883931 39.350210 1.432777 4.556285 0.436704 2.832918
446 735 -1.00 -378.84  14.379065 82.111364 -33.765573 1.889034 0.628719 1.208715
447 736 -1.00 -378.83  13.912467 76.510551 -37.268767 1.627016 0.619451 1.263904
448 737 -1.00 -378.73  -38.908914 -20.784367 37.974260 0.237397 1.699908 0.843652
449 738 -1.00 -378.68  22.815789 134.423873 18.165177 5.300218 1.285712 2.538934
450 739 -1.00 -378.59  15.003303 120.883181 4.226349 5.406583 1.199148 2.324328
451 740 -1.00 -378.56  -40.374894 19.255499 -8.774401 0.983559 0.180838 4.448824
452 741 -1.00 -378.51  56.511582 127.168219 52.735614 3.156288 0.774861 6.189993
453 742 -1.00 -378.29  39.630273 -45.884498 67.044654 2.406133 1.304629 3.572729
454 743 -1.00 -378.24  79.451952 56.706078 125.673524 3.686708 1.544543 4.041329
455 744 -1.00 -378.11  25.684765 56.963001 -29.562526 5.437075 0.839752 1.879981
456 745 -1.00 -378.07  -32.964149 -45.992330 109.806513 1.878356 1.509236 3.624325
457 746 -1.00 -377.93  -12.404681 143.135608 73.425708 5.564111 2.124128 2.470617
458 748 -1.00 -377.74  109.189758 65.261796 77.328843 4.024073 1.322314 3.402394
459 751 -1.00 -377.68  -50.700688 55.468668 164.620438 1.045790 2.178759 3.996267
460 752 -1.00 -377.21  89.209940 40.513559 11.594941 4.242852 0.503073 3.061738
461 753 -1.00 -377.02  75.399417 127.675095 79.424167 4.617260 1.157887 3.628657
462 754 -1.00 -376.84  14.183176 -16.083233 12.712520 1.228040 1.630783 1.430617
463 756 -1.00 -376.69  0.464872 102.565855 -4.467799 5.547540 1.141266 2.015159
464 758 -1.00 -376.53  20.417944 132.944156 27.796909 3.255723 0.490302 0.079510
465 759 -1.00 -376.52  -60.231350 105.970761 114.486301 5.994094 2.488686 2.234046
466 760 -1.00 -376.45  4.412384 129.871690 17.152595 5.585072 1.339365 2.506850
467 761 -1.00 -376.37  -68.006225 46.932919 151.174149 0.980032 1.933428 3.916441
468 762 -1.00 -376.37  30.688148 55.082615 160.777877 1.601985 2.422491 5.052604
469 763 -1.00 -376.31  -9.819687 151.867796 16.067236 4.372265 0.284287 5.149125
470 764 -1.00 -376.15  40.120834 87.556592 152.014224 3.031015 2.322083 5.375415
471 765 -1.00 -376.10  -70.263519 33.610267 91.610771 0.110070 1.008004 5.220465
472 766 -1.00 -376.07  -53.725258 126.621329 5.100207 0.156233 0.858004 2.778528
473 767 -1.00 -375.98  -50.178959 56.642895 15.164784 0.001449 1.541193 1.704531
474 768 -1.00 -375.97  -36.818725 113.677904 124.014670 0.067910 2.266325 3.337510
475 769 -1.00 -375.95  46.935747 102.849531 16.525138 2.396194 0.359671 0.650957
476 770 -1.00 -375.64  -4.746838 112.372876 -1.813043 5.453947 1.295092 1.980146
477 772 -1.00 -375.47  97.961860 37.248336 35.417488 3.886262 0.813119 3.260384
478 773 -1.00 -375.43  -22.429504 82.602551 -3.216627 5.878233 1.216875 1.760147
479 774 -1.00 -375.23  -59.848230 96.073803 127.054345 6.282595 2.592748 2.526002
480 775 -1.00 -375.19  84.532986 89.259422 44.769272 2.603916 0.899118 0.253616
481 776 -1.00 -375.14  -31.550918 33.052832 2.293030 6.196585 1.235995 1.238853
482 777 -1.00 -374.95  24.996437 126.727821 13.906584 5.448540 1.056100 2.636904
483 778 -1.00 -374.94  -9.826751 137.607375 104.137643 4.380435 2.187673 0.444380
484 779 -1.00 -374.82  58.305128 -27.639190 112.274878 2.737510 1.858720 3.531809
485 780 -1.00 -374.81  54.270067 88.958972 143.930546 3.070134 2.161067 5.440346
486 781 -1.00 -374.76  24.262997 147.060437 59.333946 4.538725 2.066596 1.518969
487 782 -1.00 -374.68  76.522005 12.537668 64.317624 2.483086 0.651472 5.317477
488 784 -1.00 -374.57  56.383454 101.657319 20.509681 2.533202 0.516903 0.533418
489 785 -1.00 -374.53  -39.385655 1.735884 137.854827 1.746611 2.240990 3.392169
490 786 -1.00 -374.20  115.442225 47.104156 79.146996 3.890211 1.329858 3.366564
491 787 -1.00 -374.18  -64.733307 51.595055 -13.915473 1.101640 0.990452 2.323125
492 788 -1.00 -374.15  27.233343 131.455585 133.441762 4.910486 1.661081 4.028144
493 790 -1.00 -374.06  26.295357 54.583717 163.492040 1.700822 2.447856 4.982280
494 791 -1.00 -374.06  89.873470 2.753676 125.759137 1.694104 2.090609 5.873303
495 793 -1.00 -373.71  -39.998858 -8.269634 12.588759 6.144293 1.194006 0.632408
496 794 -1.00 -373.63  46.845696 132.487997 49.666656 3.207429 0.865579 0.046615
497 795 -1.00 -373.62  39.239368 63.661910 158.729171 1.981853 2.478781 5.237618
498 796 -1.00 -373.53  36.838119 141.913064 74.521075 3.889734 1.896773 0.516257
499 797 -1.00 -373.31  -53.363753 108.015909 118.152728 5.593203 1.279524 5.053150
500 798 -1.00 -373.18  -35.630011 46.616519 -5.911260 6.031628 1.281639 1.406300
501 799 -1.00 -373.07  52.301166 26.717394 -18.249743 5.404595 0.400248 1.897931
502 800 -1.00 -372.90  -3.328988 128.438945 13.724582 5.587995 1.395459 2.422259
503 801 -1.00 -372.86  -79.514168 42.805818 103.723664 0.071923 2.403505 1.643579
504 804 -1.00 -372.31  31.003506 89.316188 156.336297 2.887778 2.490159 5.396152
505 806 -1.00 -371.88  70.698363 -34.782987 92.340435 2.809476 1.940245 2.863711
506 807 -1.00 -371.82  71.005216 30.818372 132.552649 2.052676 1.811297 5.290697
507 810 -1.00 -371.66  -3.913701 -54.062489 89.072669 0.895009 1.177593 5.429802
508 811 -1.00 -371.52  -27.238179 113.453694 3.711454 5.651602 1.580212 2.012639
509 814 -1.00 -371.50  33.708367 133.330472 34.289348 3.208414 0.706860 0.203753
510 815 -1.00 -371.37  53.288018 125.951490 41.142662 3.025758 0.919741 0.226774
511 816 -1.00 -371.31  71.143123 125.563033 109.199917 4.533666 1.410487 3.818269
512 817 -1.00 -371.26  26.639944 141.253141 95.912283 3.927217 2.056751 0.316933
513 819 -1.00 -371.17  17.443766 120.969018 4.698908 5.236665 1.249387 2.235323
514 821 -1.00 -371.05  88.208974 108.839465 67.813122 4.446879 1.473618 3.135207
515 822 -1.00 -370.85  64.096297 31.694140 -12.400149 5.271001 0.353846 2.132014
516 823 -1.00 -370.63  36.982300 -36.563109 114.278583 1.233407 1.637461 5.544485
517 824 -1.00 -370.58  81.087245 65.748270 123.911248 3.820496 1.546017 3.976821
518 825 -1.00 -370.51  111.711078 78.446175 59.923331 4.142906 1.049281 3.432826
519 826 -1.00 -370.48  -24.201881 74.687197 141.339898 0.458052 2.267971 4.007682
520 827 -1.00 -370.48  -86.477069 95.267373 78.244431 6.254641 2.039360 2.371902
521 828 -1.00 -370.46  -48.933541 7.209011 138.634137 1.610220 2.255499 3.418243
522 829 -1.00 -370.39  -101.032788 25.464070 70.520414 1.049153 0.936826 3.696232
523 830 -1.00 -370.38  -28.992648 134.971598 38.803055 5.707010 1.848046 2.343373
524 831 -1.00 -370.22  -8.747054 104.282674 -6.072165 5.468093 1.346034 1.955226
525 832 -1.00 -370.18  -77.005955 87.737097 112.763499 0.046204 2.437598 2.341004
526 833 -1.00 -370.14  22.796112 -0.166651 159.548719 1.155739 2.049088 5.082700
527 834 -1.00 -370.08  -53.859057 -25.809425 94.139972 1.629847 1.971624 2.928323
528 835 -1.00 -370.02  77.753332 46.437142 0.611665 4.501845 0.556539 2.751581
529 836 -1.00 -369.93  111.748871 79.800228 67.497381 4.160616 1.164075 3.409400
530 837 -1.00 -369.74  -3.558019 92.492734 -11.760699 5.386725 1.183297 1.811818
531 838 -1.00 -369.65  -38.558644 -26.485595 45.411583 0.077202 1.332252 0.280748
532 839 -1.00 -369.62  63.259455 134.867943 53.189885 4.851964 1.332826 3.061380
533 842 -1.00 -369.27  39.332356 30.521762 -23.644483 5.105695 0.586347 1.909033
534 843 -1.00 -369.23  -5.316487 152.584652 14.419653 3.935140 0.398306 5.661308
535 845 -1.00 -369.17  108.796853 53.210536 90.148775 3.863723 1.388182 3.504461
536 846 -1.00 -369.04  91.885078 91.552550 55.003028 2.646644 0.968845 0.119547
537 847 -1.00 -368.93  -88.252926 61.274693 19.072247 0.744160 1.256590 2.607426
538 848 -1.00 -368.92  -29.365364 -5.771514 127.377577 6.150735 2.144592 6.090547
539 849 -1.00 -368.88  -26.605810 130.085718 26.072482 5.716174 1.696462 2.299682
540 850 -1.00 -368.73  23.556393 128.316899 11.638267 5.432174 1.210417 2.566041
541 851 -1.00 -368.71  34.024753 -28.277005 125.483486 1.284498 1.674847 5.397051
542 852 -1.00 -368.68  -67.330537 94.568666 121.552915 0.072744 2.474251 2.594569
543 853 -1.00 -368.63  52.404592 101.699922 143.396186 4.390568 1.698486 4.170021
544 854 -1.00 -368.62  56.027086 128.069961 12.370526 4.000397 1.615436 1.340077
545 856 -1.00 -368.37  -67.452721 23.658389 82.378174 0.299471 0.895766 5.116550
546 857 -1.00 -368.25  -4.200678 60.332510 167.499791 0.866445 2.230894 4.630799
547 858 -1.00 -368.23  -78.738202 48.107911 6.201298 1.106005 0.980022 2.674000
548 859 -1.00 -368.19  -9.317380 145.201834 54.961562 5.121725 0.667237 4.764567
549 860 -1.00 -368.00  -13.722280 52.144370 165.504588 1.003582 2.141417 4.530097
550 862 -1.00 -367.91  80.678330 61.051968 124.669378 2.439675 1.840704 6.170778
551 863 -1.00 -367.87  60.992103 123.925704 98.028326 4.167423 1.062091 4.436012
552 864 -1.00 -367.80  85.535339 70.142110 -7.406898 2.152121 0.827626 0.178339
553 865 -1.00 -367.75  36.641218 -29.952438 115.955437 1.164782 1.755038 5.640599
554 866 -1.00 -367.73  37.272729 10.764649 162.050733 2.556576 1.998752 4.300619
555 868 -1.00 -367.69  -95.168936 97.490539 29.873973 0.129982 1.655706 2.262590
556 869 -1.00 -367.66  42.845743 11.253652 -17.947198 5.185648 0.412462 1.821670
557 870 -1.00 -367.60  -50.798290 24.766032 33.218120 0.231758 1.720251 1.376904
558 871 -1.00 -367.49  35.656374 83.644832 152.272310 2.946306 2.394320 5.289012
559 872 -1.00 -367.38  -78.362912 82.423816 110.894360 0.155152 2.402951 2.469392
560 873 -1.00 -367.38  -59.821435 41.746841 -15.758261 1.301365 0.975982 2.292392
561 874 -1.00 -367.37  48.559775 106.993904 9.292733 4.544634 1.486163 1.969736
562 875 -1.00 -367.35  59.036093 48.743582 148.227595 2.012314 2.287711 5.446928
563 876 -1.00 -367.33  81.335890 121.828178 70.254872 4.623478 1.272081 3.336176
564 878 -1.00 -367.21  39.363283 10.545579 145.408485 1.528830 2.011373 5.240447
565 879 -1.00 -367.12  25.589939 142.940318 86.034697 3.994244 2.049590 0.509689
566 880 -1.00 -367.05  -25.970174 95.275055 -1.692038 5.782241 1.372942 1.907744
567 881 -1.00 -367.04  -12.071271 130.375705 14.355564 5.675661 1.520413 2.369615
568 882 -1.00 -366.83  80.999133 19.351252 118.781766 1.796364 1.773065 5.653047
569 884 -1.00 -366.60  51.886920 121.889012 40.698752 3.118242 0.509506 6.052420
570 885 -1.00 -366.53  63.864194 15.808297 -6.758602 5.316943 0.229367 1.983251
571 886 -1.00 -366.48  -68.157259 81.070292 93.116542 6.118138 1.090891 4.812535
572 887 -1.00 -366.47  -53.444078 38.501616 162.991167 1.165872 2.046185 4.017781
573 889 -1.00 -366.30  49.357545 -8.109243 134.758776 2.441176 1.683211 4.211879
574 890 -1.00 -365.94  -53.431120 63.195972 -20.853796 1.080854 0.902275 2.209151
575 891 -1.00 -365.78  15.191907 146.449711 114.396142 4.770416 1.280209 4.341035
576 892 -1.00 -365.74  39.990215 123.164636 48.595515 3.995928 0.456674 5.083360
577 893 -1.00 -365.42  102.305193 71.795930 108.131806 4.060660 1.593114 3.527649
578 894 -1.00 -365.41  82.018395 119.087897 84.812954 4.506240 1.231890 3.651314
579 895 -1.00 -365.35  -0.013734 39.434213 168.549511 1.333428 2.231517 4.614215
580 896 -1.00 -365.34  -46.591351 117.754316 62.039023 5.883084 0.858386 4.334264
581 897 -1.00 -365.31  90.215392 101.440179 98.591197 4.331883 1.433084 3.608326
582 901 -1.00 -365.03  -8.335204 117.506091 11.466048 6.227126 0.203384 3.618724
583 902 -1.00 -365.03  -22.099417 7.054788 -7.842100 6.095410 0.978777 0.880801
584 903 -1.00 -364.97  -76.039781 43.531889 84.067839 0.117500 0.885774 5.071045
585 904 -1.00 -364.95  -29.676513 82.301064 -0.318695 5.904180 1.306406 1.723480
586 905 -1.00 -364.80  -19.466541 -8.005132 127.177621 1.083497 1.473186 4.834196
587 906 -1.00 -364.78  2.592165 97.882209 -9.176131 5.435566 1.150324 1.978298
588 908 -1.00 -364.63  -2.328894 133.921568 109.002509 4.256420 2.164192 0.184302
589 911 -1.00 -364.19  -32.691685 118.279773 31.207936 6.073659 0.563554 3.894001
590 912 -1.00 -364.15  32.700245 140.633473 43.219582 4.518712 1.938651 1.596895
591 914 -1.00 -364.07  -45.005754 57.355551 10.515971 6.279902 1.449475 1.713642
592 917 -1.00 -363.83  -14.558773 128.077166 19.664487 5.710103 1.461056 2.411719
593 918 -1.00 -363.83  84.220174 126.359296 54.585686 4.466829 1.695959 2.667116
594 919 -1.00 -363.79  -23.795465 46.584255 -7.861675 5.942653 1.079917 1.293105
595 920 -1.00 -363.78  105.320971 51.995805 50.764870 3.862537 1.202917 3.165655
596 921 -1.00 -363.72  91.850324 100.826405 98.905748 4.311137 1.541642 3.499779
597 922 -1.00 -363.69  -72.626523 88.585365 -7.342095 0.363938 1.157421 2.331951
598 924 -1.00 -363.64  14.122909 145.216403 96.518223 4.310536 2.405588 0.937992
599 927 -1.00 -363.32  90.508210 113.005376 31.994541 4.742077 0.861562 3.149752
600 928 -1.00 -363.31  5.104867 160.663382 37.814185 4.068047 0.573658 5.440347
601 929 -1.00 -363.28  -58.179922 52.839861 161.030812 1.117430 2.177362 3.880683
602 930 -1.00 -363.22  -17.501853 120.112048 11.385957 5.839182 1.337857 2.397772
603 934 -1.00 -362.73  18.010224 150.174808 92.540654 4.868220 1.090730 4.154074
604 935 -1.00 -362.59  55.815901 125.388296 48.399396 3.078722 1.005616 0.185878
605 936 -1.00 -362.58  -18.751282 139.276113 0.826003 6.211227 0.473571 2.956407
606 937 -1.00 -362.58  -67.283904 27.189557 121.968431 6.022580 2.434076 0.765295
607 938 -1.00 -362.51  20.977647 163.836477 54.149779 5.094633 1.106232 3.481258
608 939 -1.00 -362.39  60.991276 71.260152 145.317666 2.572626 1.892659 5.778290
609 940 -1.00 -362.35  23.564419 126.901292 9.995415 5.139933 1.333163 2.302579
610 941 -1.00 -362.34  69.060515 142.050620 54.107617 4.779097 1.569258 2.817353
611 942 -1.00 -362.20  109.545720 87.140307 82.706987 4.207486 1.333678 3.424139
612 943 -1.00 -362.20  0.734353 81.586315 -13.705524 5.690791 1.015024 1.894862
613 944 -1.00 -362.17  64.400129 83.845445 -16.593123 5.552521 0.543412 2.322609
614 945 -1.00 -362.15  -19.952789 127.398091 27.995293 5.690976 1.585948 2.373217
615 946 -1.00 -362.10  83.545798 32.919028 5.802659 4.262108 0.491583 2.919258
616 947 -1.00 -362.09  -29.522149 119.344095 12.504343 5.771970 1.567586 2.211966
617 948 -1.00 -361.91  -10.405927 17.178289 -16.315925 5.806936 0.786574 1.049152
618 949 -1.00 -361.90  -8.575278 134.267762 17.580884 5.627703 1.505942 2.420944
619 950 -1.00 -361.90  12.622849 47.878697 165.127516 1.428838 2.341586 4.766133
620 951 -1.00 -361.85  0.368908 -25.570096 42.256235 1.044876 1.930247 1.315797
621 952 -1.00 -361.83  71.970998 44.945173 139.285253 2.153607 2.124879 5.544699
622 953 -1.00 -361.78  93.105439 103.639492 93.716938 4.358493 1.734391 3.212091
623 954 -1.00 -361.77  -78.250478 106.241622 60.515508 5.977656 1.914589 2.093813
624 956 -1.00 -361.65  -66.986796 49.561968 114.564979 0.264378 1.270991 4.731265
625 958 -1.00 -361.60  -17.448774 119.599994 13.600209 5.677705 1.442459 2.218380
626 959 -1.00 -361.11  -9.140946 129.515581 22.872660 5.204172 1.798619 1.887528
627 960 -1.00 -361.08  4.782643 54.360126 153.590808 2.758091 2.641825 4.784591
628 961 -1.00 -361.05  -84.369694 83.403101 56.255305 6.147563 1.864010 2.177769
629 962 -1.00 -360.98  105.095880 52.720848 42.685792 3.923474 1.085749 3.154105
630 963 -1.00 -360.96  35.653024 14.696403 -22.838797 5.067936 0.521656 1.822731
631 964 -1.00 -360.94  -1.916179 1.126783 143.471688 1.275964 1.728071 4.831284
632 965 -1.00 -360.77  -8.523435 121.635000 10.438817 5.558324 1.380025 2.231276
633 966 -1.00 -360.71  64.865764 116.710921 111.017255 4.371452 1.422572 3.951664
634 967 -1.00 -360.60  29.677621 150.307580 14.242778 5.044723 0.313406 3.808908
635 968 -1.00 -360.55  -26.403604 97.801274 -3.561436 5.786993 1.408467 1.947321
636 970 -1.00 -360.29  49.843567 121.884954 22.396907 3.197338 0.573380 0.250387
637 971 -1.00 -360.26  -31.401473 126.008015 42.368565 5.934603 0.678391 3.970638
638 972 -1.00 -359.99  -52.316272 27.127606 34.077447 0.142654 1.674659 1.288963
639 973 -1.00 -359.95  9.980093 145.790419 91.790324 4.368285 2.326827 0.959063
640 974 -1.00 -359.89  -42.040904 129.065640 57.515363 6.056774 1.495005 2.902689
641 975 -1.00 -359.88  -7.719115 126.465312 16.698102 5.691358 1.369357 2.469642
642 976 -1.00 -359.84  34.556086 36.495023 -26.550686 5.224437 0.650907 1.841298
643 977 -1.00 -359.79  -42.845995 47.763106 -1.836918 6.115718 1.406897 1.491205
644 979 -1.00 -359.71  11.955154 -24.746914 27.931978 1.308603 1.807147 1.558397
645 980 -1.00 -359.64  52.752836 96.581526 27.984896 2.988311 0.343861 5.935668
646 981 -1.00 -359.60  -18.742835 87.959956 -3.629415 5.758252 1.208844 1.763372
647 982 -1.00 -359.39  14.431490 73.186654 -37.128595 1.706874 0.677631 1.263745
648 983 -1.00 -359.25  -3.239945 97.340667 -9.522367 5.592670 1.168002 2.015501
649 986 -1.00 -359.21  27.844198 124.838089 10.231536 5.267640 1.151078 2.504082
650 987 -1.00 -359.16  6.830686 88.551990 -12.879814 5.326138 1.091209 1.901980
651 988 -1.00 -359.15  31.997695 124.066004 15.164444 5.391717 0.996511 2.709913
652 989 -1.00 -359.15  37.746433 104.172402 -0.731619 5.052611 1.078348 2.322282
653 990 -1.00 -359.11  -69.219473 83.098421 121.571020 0.122310 2.524096 2.444203
654 991 -1.00 -359.08  43.786227 115.377313 37.899237 4.240248 0.331054 4.606612
655 992 -1.00 -359.02  25.074413 147.270871 64.610568 4.590956 2.114372 1.626437
656 993 -1.00 -358.95  -72.568720 52.323982 94.585883 0.140157 1.017180 4.922646
657 995 -1.00 -358.75  -53.128811 23.727738 14.085534 0.122087 1.697612 1.491813
658 996 -1.00 -358.69  -35.233869 50.093199 -6.380274 6.128829 1.313089 1.555765
659 997 -1.00 -358.57  55.905510 17.157705 -13.062744 5.156179 0.341293 2.025435
660 998 -1.00 -358.57  -25.216427 119.395953 20.030893 5.919682 1.369911 2.481619
661 999 -1.00 -358.49  -3.411009 147.066437 55.781376 4.964345 0.600401 4.883354
662 1000 -1.00 -358.43  41.651218 -16.320776 139.842534 2.692509 2.067102 3.676965
663 1001 -1.00 -358.42  67.308037 129.985536 118.630164 4.813705 2.007804 3.229746
664 1004 -1.00 -358.29  19.991886 122.581054 10.936262 5.272474 1.245735 2.384068
665 1006 -1.00 -358.26  5.994545 145.092083 43.017230 4.628890 0.500506 5.220023
666 1007 -1.00 -358.26  27.336144 130.578987 26.687428 3.143436 0.565460 0.155497
667 1008 -1.00 -358.16  -79.704414 68.154407 112.601966 0.275443 2.439540 2.382152
668 1009 -1.00 -358.09  -42.088099 -22.396959 35.046668 0.004904 1.287146 0.315432
669 1010 -1.00 -358.08  72.498262 4.671082 7.682503 4.841044 0.061611 2.437311
670 1011 -1.00 -358.07  46.866395 153.460357 95.461541 5.038023 1.779492 3.120200
671 1012 -1.00 -358.04  40.239540 127.238775 129.959550 4.810673 1.696219 3.907376
672 1013 -1.00 -358.03  1.634696 -30.821496 76.370039 1.022110 2.225498 1.187774
673 1014 -1.00 -358.03  -86.608080 90.233688 76.196313 0.028807 2.034868 2.347458
674 1016 -1.00 -357.90  62.882133 52.331375 -14.516371 4.868208 0.670823 2.355854
675 1018 -1.00 -357.83  -89.227603 56.682864 20.933868 0.874508 1.170058 2.754338
676 1019 -1.00 -357.82  -17.455832 130.771883 19.633718 5.569923 1.633441 2.230751
677 1021 -1.00 -357.76  -61.014452 48.830236 -13.530457 1.270209 0.966354 2.337005
678 1022 -1.00 -357.75  -0.673365 145.199451 26.380772 5.286667 1.778968 2.101667
679 1023 -1.00 -357.71  -20.971738 125.043647 17.907652 5.675057 1.576853 2.239342
680 1024 -1.00 -357.68  86.237524 126.971336 65.321074 4.494615 1.671146 2.849524
681 1025 -1.00 -357.67  11.423162 4.170038 147.219100 1.439992 1.813270 4.853651
682 1026 -1.00 -357.63  51.394129 -42.701892 69.142445 2.545265 1.339500 3.565560
683 1027 -1.00 -357.57  109.536339 86.870366 70.988784 4.222604 1.283594 3.344534
684 1028 -1.00 -357.55  40.142653 101.389771 147.041992 3.193343 2.335627 5.597823
685 1029 -1.00 -357.55  40.700896 -36.780024 106.694468 2.478555 1.715607 3.668896
686 1030 -1.00 -357.36  -82.681969 67.879972 101.471691 0.280439 2.294177 2.433781
687 1031 -1.00 -357.32  77.480639 38.374996 47.199640 2.202829 0.880227 0.097220
688 1032 -1.00 -357.32  -40.462363 64.285393 10.438487 6.218431 1.394064 1.674640
689 1035 -1.00 -357.17  69.183203 12.165878 -0.195300 5.348424 0.133019 1.984120
690 1036 -1.00 -357.14  -53.054289 50.256260 164.239084 1.034828 2.095975 4.008114
691 1037 -1.00 -357.09  4.961103 82.261229 -36.312682 1.578953 0.565870 1.387499
692 1038 -1.00 -356.93  -26.536671 -0.692478 -6.127760 1.553388 1.547412 1.849892
693 1039 -1.00 -356.90  -23.083118 129.863214 116.331667 5.930197 2.486750 2.783582
694 1040 -1.00 -356.90  7.556113 75.057697 156.219003 2.760212 2.665246 4.979152
695 1041 -1.00 -356.88  0.355328 45.672267 148.823558 2.294773 2.562629 4.334523
696 1044 -1.00 -356.47  65.473066 22.225711 136.939627 1.877111 2.024003 5.480043
697 1045 -1.00 -356.34  -10.989658 -25.521761 60.015110 0.827079 1.985173 1.115644
698 1046 -1.00 -356.29  59.323481 90.823720 138.987450 2.792627 1.912039 5.925180
699 1047 -1.00 -356.26  98.133066 93.235046 58.354782 2.591329 1.617052 0.042638
700 1048 -1.00 -356.17  -79.895958 49.589082 105.461092 0.051717 2.422493 1.717426
701 1049 -1.00 -356.15  15.931953 125.707594 49.143038 4.883249 1.648399 2.375094
702 1050 -1.00 -356.09  -57.802660 60.645700 26.158487 6.217733 1.697846 1.742442
703 1051 -1.00 -355.94  29.896776 93.021779 155.245529 3.029885 2.472852 5.445267
704 1052 -1.00 -355.92  29.781683 -25.411896 114.377573 0.994345 1.829235 5.758520
705 1053 -1.00 -355.88  -17.836010 -9.054353 7.797793 1.043985 0.392459 5.045138
706 1054 -1.00 -355.87  -31.873694 3.891571 143.452373 1.837708 2.252023 3.526746
707 1055 -1.00 -355.76  -29.288728 112.803038 4.927800 5.724224 1.578936 2.079947
708 1057 -1.00 -355.61  44.479548 58.667536 157.396155 1.835366 2.409053 5.272921
709 1058 -1.00 -355.49  -36.471228 122.009609 -11.136238 0.652485 0.223763 2.666889
710 1059 -1.00 -355.40  -49.306144 62.801289 14.239047 6.158464 1.526426 1.649543
711 1061 -1.00 -355.32  52.839993 2.891673 -7.375254 5.193056 0.230299 1.885008
712 1063 -1.00 -355.15  -20.616856 5.499357 152.178822 2.057033 2.393437 3.570359
713 1064 -1.00 -355.14  52.504487 105.884482 20.901179 2.596231 0.418659 0.475699
714 1065 -1.00 -355.07  2.877396 105.277623 -3.657976 5.593635 1.120796 2.109343
715 1066 -1.00 -355.05  111.476168 79.043668 51.612518 4.196191 0.999801 3.342881
716 1067 -1.00 -355.00  58.947598 139.178166 57.839793 4.887706 1.436973 3.009496
717 1068 -1.00 -354.95  -85.413090 94.040408 71.726888 6.256725 1.957563 2.349120
718 1069 -1.00 -354.89  15.866305 132.974201 136.932492 5.028158 1.681413 4.069724
719 1070 -1.00 -354.89  -71.388614 36.666195 89.708250 0.006920 1.014548 5.340032
720 1071 -1.00 -354.80  -19.193937 129.339090 29.475402 5.840460 0.440822 4.019695
721 1073 -1.00 -354.61  -87.387679 17.595503 97.940057 1.129766 1.624617 3.416355
722 1074 -1.00 -354.48  84.615728 115.263856 77.834425 4.519612 1.274990 3.480078
723 1076 -1.00 -354.27  -62.140610 26.588598 153.305639 1.181595 1.920392 3.956623
724 1077 -1.00 -354.18  85.460471 107.959374 61.766268 2.919981 0.810257 6.098153
725 1078 -1.00 -354.16  49.995105 74.533577 154.022544 2.248106 2.420730 5.424661
726 1079 -1.00 -354.12  -17.168458 -21.077978 25.944915 0.465278 1.526328 0.913517
727 1080 -1.00 -354.09  60.259044 116.819131 44.457894 2.961418 0.711628 6.249801
728 1081 -1.00 -354.08  13.645295 148.751832 78.965122 4.501504 2.262554 1.255483
729 1082 -1.00 -354.07  75.711256 25.960697 1.740988 4.486780 0.316026 2.778860
730 1083 -1.00 -353.89  -65.199301 62.417342 155.354803 1.016284 2.222061 3.737872
731 1084 -1.00 -353.80  41.925801 105.519744 5.636283 4.624061 1.437668 1.959377
732 1085 -1.00 -353.69  30.000727 -48.529300 83.854334 1.302310 1.237519 5.427142
733 1087 -1.00 -353.67  56.264708 -20.416250 122.758205 2.732369 1.878192 3.683995
734 1088 -1.00 -353.60  23.985070 126.402244 19.557531 3.084875 0.606349 0.361140
735 1089 -1.00 -353.59  64.027538 144.784783 69.798936 4.708534 1.865702 2.660093
736 1090 -1.00 -353.59  41.049551 28.275658 -10.317546 3.354660 0.820108 2.188570
737 1091 -1.00 -353.52  94.266470 58.673994 16.958412 4.325485 0.697883 3.040247
738 1092 -1.00 -353.51  23.566387 113.366663 0.674383 5.244735 1.111583 2.292502
739 1094 -1.00 -353.31  40.398751 -20.670085 129.750029 1.385461 1.738643 5.362748
740 1095 -1.00 -353.28  83.676741 47.912372 113.552194 2.335771 1.700738 6.182100
741 1096 -1.00 -353.27  55.405415 150.623203 72.714311 4.876593 1.851084 2.738855
