1 1 -1.00 -570.08  53.143782 77.537587 -9.155787 2.628842 1.204434 1.145523
4 5 -1.00 -542.44  -13.221154 66.877675 -22.387464 2.305190 0.670856 2.117887
6 8 -1.00 -539.59  71.380438 12.158490 98.701714 3.501682 1.841272 3.815423
7 9 -1.00 -536.53  66.549623 12.560694 26.774672 3.340210 1.403175 3.005323
8 10 -1.00 -534.23  44.032029 70.437984 -13.894243 2.993351 1.279405 1.448506
10 12 -1.00 -528.19  -39.519005 52.320318 105.460986 0.652454 1.624553 4.579557
12 15 -1.00 -520.50  68.387355 5.651019 46.282536 3.215585 1.729904 3.079573
13 16 -1.00 -520.08  33.094610 78.102907 -15.636626 2.957856 1.095523 1.514114
19 28 -1.00 -497.85  27.150861 82.112942 -17.804758 2.688831 0.918452 1.295585
20 29 -1.00 -497.72  -24.029421 44.558280 -26.625469 2.059066 0.889495 2.258014
24 39 -1.00 -488.94  45.565855 72.330712 -10.805367 2.883078 1.267275 1.524952
25 40 -1.00 -488.13  -56.114122 19.274610 1.528202 1.900018 0.615130 3.114862
26 42 -1.00 -486.45  59.496602 5.106891 21.556075 3.141898 1.459335 2.841807
28 45 -1.00 -482.98  69.423552 1.276900 65.559947 3.212097 1.856917 3.180332
32 56 -1.00 -477.08  59.312684 9.373288 109.223355 3.380959 1.950729 3.965745
33 59 -1.00 -474.50  63.617749 11.769103 23.833879 3.113252 1.705214 2.727924
39 73 -1.00 -466.64  77.255028 10.743475 49.192746 3.201848 2.074343 2.826011
41 76 -1.00 -466.27  -13.131474 65.696204 -24.991104 2.940273 0.726010 1.968801
46 81 -1.00 -463.53  -62.642549 50.066653 74.213061 0.553126 1.115347 4.523495
47 83 -1.00 -462.54  -70.657723 112.189796 51.389887 0.184853 1.450241 3.321623
48 84 -1.00 -462.03  58.046168 79.255087 -4.486714 2.800535 1.348717 1.265852
53 94 -1.00 -459.36  61.725549 -1.801620 72.579608 3.162019 1.926710 3.368906
54 99 -1.00 -457.26  51.220992 23.148034 119.384505 1.520300 1.770386 5.411012
56 108 -1.00 -454.25  38.746971 -1.666048 14.824044 3.059622 0.991403 3.083816
58 113 -1.00 -453.23  57.101730 33.640714 125.168185 1.780261 1.854838 5.383350
63 124 -1.00 -451.16  -89.233965 70.934082 72.008225 0.509866 1.091177 4.129939
69 134 -1.00 -449.57  66.557727 5.668627 35.189247 3.117797 1.803182 2.853078
70 137 -1.00 -448.75  66.571224 10.092926 25.911453 3.272207 1.473751 2.914610
71 138 -1.00 -448.70  42.020479 94.196663 -8.941431 2.717580 0.950824 0.951997
74 143 -1.00 -447.27  -76.241859 102.231734 76.139986 0.175517 1.277100 3.965312
77 151 -1.00 -444.69  61.484076 83.461812 -0.852067 2.753740 1.338495 1.072053
80 154 -1.00 -444.53  -89.059650 71.157330 66.822138 0.619088 1.203637 3.864448
82 157 -1.00 -443.64  52.370145 3.121519 104.998009 3.240091 2.002892 3.905458
83 158 -1.00 -443.54  -22.041634 61.612869 116.626256 6.092781 1.810655 5.008494
87 167 -1.00 -441.12  -90.530939 66.677877 72.078303 0.369850 0.918806 4.411546
88 170 -1.00 -440.16  -26.803741 12.612804 -11.204147 2.734341 0.543379 2.784512
90 174 -1.00 -439.47  44.509315 10.409771 3.515763 3.085236 1.301624 2.680887
91 175 -1.00 -438.94  54.159633 -7.488799 46.694149 2.912527 1.686338 2.961296
94 182 -1.00 -434.74  29.397495 32.786603 -24.296857 3.374661 1.190689 2.320219
99 198 -1.00 -431.52  51.175654 3.866807 19.041211 3.137761 1.274613 2.944933
100 199 -1.00 -431.41  27.751791 7.876295 -1.551720 2.777311 1.232224 2.564067
101 200 -1.00 -431.38  8.424458 28.440975 -15.239172 2.918070 0.906866 2.465244
105 209 -1.00 -430.61  66.682291 31.231675 116.262350 1.877607 1.745013 5.478389
106 213 -1.00 -430.10  30.762020 5.884513 -2.283181 2.961749 1.179609 2.672304
108 215 -1.00 -429.23  -10.589155 53.614895 -18.728006 3.044298 0.649660 2.134863
112 221 -1.00 -428.53  -51.028611 0.230465 4.531867 2.068287 0.737355 3.163728
113 222 -1.00 -428.38  73.117030 12.947434 96.803165 3.501376 1.820180 3.775782
117 229 -1.00 -426.92  70.362768 17.786806 24.751891 3.431322 1.399050 2.973392
118 232 -1.00 -426.12  30.708634 75.140324 -16.004509 2.829710 1.025023 1.532140
119 233 -1.00 -426.10  -0.059180 68.620507 -22.050345 2.691207 0.725402 1.759061
120 236 -1.00 -425.62  -18.902328 57.969776 -20.811282 2.755535 0.617499 2.168915
124 242 -1.00 -424.57  56.520625 39.327034 -6.451215 3.934335 0.971068 2.763313
126 249 -1.00 -423.58  -92.248480 57.533856 63.626333 0.592024 0.883688 4.237130
129 256 -1.00 -422.12  31.111284 77.531242 -18.720353 2.543687 0.944755 1.331540
131 259 -1.00 -421.81  73.640784 4.950263 69.245169 3.287123 1.933637 3.185941
136 271 -1.00 -419.31  53.591409 18.104621 113.550456 1.543835 1.647758 5.454253
137 272 -1.00 -419.25  59.407559 0.640892 92.173645 3.255377 1.978880 3.685493
139 275 -1.00 -419.04  48.467191 -2.490062 25.910381 2.896691 1.489584 2.803742
140 277 -1.00 -418.76  38.814263 6.925937 3.530006 3.125611 1.072422 2.822998
144 284 -1.00 -417.17  -75.388723 114.225907 58.155608 0.254333 1.260326 3.672771
145 289 -1.00 -416.82  -81.367100 63.184075 30.784468 0.760615 1.342727 3.139746
147 291 -1.00 -416.71  -17.691870 44.576249 -28.227396 1.941013 0.958648 2.189297
148 292 -1.00 -416.48  53.286549 84.456874 -5.792775 2.699331 1.177953 1.047234
151 296 -1.00 -415.62  23.884569 -10.027090 102.056713 0.889070 1.544156 5.624567
152 297 -1.00 -415.49  32.136730 -13.523870 62.648014 2.554356 1.960265 2.920740
154 307 -1.00 -412.91  -45.003013 21.103740 -7.236287 2.132019 0.651772 2.878680
155 309 -1.00 -412.58  80.862792 22.161952 96.765944 3.696475 1.830452 3.714879
158 314 -1.00 -412.14  -28.741519 38.834535 -23.755861 2.097498 0.878306 2.376889
159 316 -1.00 -411.81  44.529677 -0.004964 12.053577 3.119383 1.088355 2.978674
162 320 -1.00 -411.33  -21.872509 67.133984 117.240475 0.069178 1.820094 4.777909
167 328 -1.00 -410.59  -47.691800 22.374417 76.673992 1.357544 1.328272 4.154130
168 329 -1.00 -410.40  69.664361 3.696951 70.980175 3.280591 1.953354 3.324723
169 330 -1.00 -410.29  47.681305 23.786464 122.861955 1.449690 1.833598 5.370755
172 335 -1.00 -409.70  -15.972853 62.717033 -22.400795 2.162622 0.692726 2.222172
173 337 -1.00 -409.53  -30.568955 40.248886 108.120703 0.925691 1.681132 4.701356
175 341 -1.00 -409.29  54.179340 20.740780 116.211970 1.418721 1.831804 5.529844
182 350 -1.00 -408.09  35.018658 92.392733 -13.117862 2.707285 0.897468 1.053620
183 351 -1.00 -407.62  62.648275 8.413779 20.184674 3.153410 1.533085 2.762770
186 354 -1.00 -407.12  -84.886156 55.317144 92.613595 0.181585 1.079907 4.839933
187 355 -1.00 -406.95  66.795511 6.729864 40.361891 3.234333 1.633522 3.077014
191 360 -1.00 -406.68  60.367919 17.194737 10.699629 3.157465 1.533779 2.606872
194 365 -1.00 -405.23  -89.639661 72.304613 59.594768 0.645401 1.162026 3.768871
208 392 -1.00 -402.53  18.053936 8.077062 -2.483124 2.855390 0.974782 2.715536
209 393 -1.00 -402.23  46.696513 74.248439 -12.465249 2.912801 1.283163 1.344214
210 396 -1.00 -401.99  55.085139 -3.324919 80.195765 3.095330 2.067358 3.423011
213 399 -1.00 -401.76  49.599608 81.787414 -9.767450 2.695388 1.182711 1.228700
216 404 -1.00 -401.17  -64.448670 38.470254 2.624406 1.755260 0.356886 3.273546
221 410 -1.00 -400.53  -8.543809 64.419155 121.572173 6.102000 1.998524 4.890292
224 414 -1.00 -400.29  -55.184465 53.217175 -7.957502 1.649155 0.533415 2.817958
225 415 -1.00 -400.18  57.993059 10.148300 18.686564 3.251573 1.273742 2.960165
226 416 -1.00 -400.16  84.959423 5.998547 74.184596 3.568796 1.859116 3.313955
230 428 -1.00 -398.50  -33.084677 21.595540 -20.446143 2.259084 0.935730 2.521360
231 431 -1.00 -398.32  6.102764 108.312515 -11.001282 2.580291 0.394204 1.059775
232 435 -1.00 -397.84  35.431142 78.282305 -15.908734 2.877065 1.093133 1.465217
237 443 -1.00 -397.29  69.996999 7.482443 44.479329 3.218827 1.783775 3.008823
238 444 -1.00 -397.12  -12.775653 59.609888 -29.238299 2.027375 0.837953 2.051722
239 446 -1.00 -396.97  70.724557 40.525879 115.855599 1.909302 1.861927 5.586745
241 450 -1.00 -396.30  80.315214 13.221039 59.839351 3.256278 2.256145 2.846492
242 453 -1.00 -396.06  -89.680236 60.383994 74.838568 0.474880 0.997920 4.360450
246 458 -1.00 -395.39  -33.079134 -9.181780 23.267417 1.068550 2.131577 1.372736
255 470 -1.00 -394.04  20.525527 -13.067218 17.802636 2.897321 0.739018 3.508862
257 475 -1.00 -393.79  73.169762 3.616528 67.818530 3.257134 1.917350 3.143028
258 478 -1.00 -393.58  -89.579206 69.349536 68.186308 0.580513 1.131877 4.012145
260 482 -1.00 -392.92  56.256750 -0.328366 92.406148 3.200001 2.002297 3.654905
261 486 -1.00 -392.69  40.530822 75.059512 -16.578215 2.582105 1.082671 1.280467
269 497 -1.00 -392.06  66.033990 12.180226 26.614142 3.227773 1.611018 2.859312
271 499 -1.00 -391.84  -86.168311 78.881746 75.624776 0.388650 1.137232 4.153603
272 500 -1.00 -391.71  38.356837 6.896074 4.341867 2.989263 1.273080 2.715168
275 503 -1.00 -391.54  72.403214 16.008533 23.680742 3.362284 1.475757 2.889164
276 504 -1.00 -391.49  19.676791 8.637207 -2.372285 2.789443 1.106592 2.643769
277 505 -1.00 -391.44  -80.001680 96.195668 69.823710 0.232589 1.154634 4.005113
283 511 -1.00 -390.99  79.973382 18.242611 26.970637 3.759715 1.252772 3.183938
285 514 -1.00 -390.63  -51.157336 130.269933 34.392621 6.239227 1.416334 3.222485
287 518 -1.00 -390.48  -74.356313 105.492224 46.593363 0.269170 1.423573 3.277380
290 524 -1.00 -389.69  -82.507994 66.523870 37.850440 0.709871 1.361289 3.242738
291 527 -1.00 -389.33  15.611023 75.543931 -22.446581 2.495329 0.831061 1.506046
293 529 -1.00 -389.18  65.223982 0.289058 58.928736 3.193126 1.766213 3.280749
294 531 -1.00 -389.07  70.089012 12.507879 29.004383 3.405864 1.363051 3.089601
296 534 -1.00 -388.60  49.572403 84.660469 -6.367347 2.772969 1.145890 1.084646
297 536 -1.00 -388.37  3.145307 48.194709 -27.059744 2.718706 0.988791 2.154975
300 539 -1.00 -388.03  -28.068810 60.465503 113.086698 6.193069 1.694402 4.983988
304 546 -1.00 -387.36  46.439506 4.599913 14.264818 3.148993 1.176018 2.938062
307 549 -1.00 -387.28  -60.760694 -5.408460 28.605215 1.750331 1.075459 3.481205
308 550 -1.00 -387.27  -7.821300 64.249886 -22.083743 2.672320 0.676933 1.869876
310 552 -1.00 -387.25  -22.739371 64.040251 117.570812 6.164365 1.763898 5.029873
312 554 -1.00 -386.86  -94.224722 53.944405 52.736618 0.953271 1.126033 3.685227
313 556 -1.00 -386.84  -53.334302 120.410790 85.805010 6.133396 1.508024 4.075722
314 558 -1.00 -386.22  21.041483 6.371114 -0.597793 2.686181 1.195296 2.606788
315 559 -1.00 -386.20  -69.530385 114.301360 70.547037 0.078255 1.294264 3.828165
317 561 -1.00 -386.14  53.597005 91.506865 -3.564804 2.777810 1.146391 0.943935
318 562 -1.00 -386.13  -3.622346 61.314954 -26.687476 2.903592 0.832855 2.004211
319 563 -1.00 -386.00  -63.161707 5.372677 20.197900 1.481108 0.342550 4.066404
322 571 -1.00 -385.09  76.554314 11.375182 88.067921 3.519906 1.796003 3.612677
323 572 -1.00 -384.94  58.917814 9.521063 21.924964 3.310133 1.232236 3.047832
329 578 -1.00 -384.24  57.215891 3.889276 25.814682 3.104777 1.522781 2.863570
331 580 -1.00 -384.12  56.625426 38.843709 125.230092 1.695997 1.996854 5.437405
333 582 -1.00 -384.02  65.210868 13.207620 107.778329 3.443933 1.876477 3.977093
336 586 -1.00 -383.38  -58.698970 128.081820 40.636258 0.020874 1.543363 3.204870
337 587 -1.00 -383.33  -59.434306 -9.454897 48.691277 0.825578 0.561505 5.021818
338 590 -1.00 -383.19  3.144895 59.343766 -23.276213 2.608422 0.803375 1.864728
339 592 -1.00 -383.11  56.527922 -5.582944 51.359313 2.959594 1.781610 2.967720
342 597 -1.00 -382.72  43.951070 67.240141 -14.572090 2.800838 1.226648 1.579136
344 599 -1.00 -382.48  -49.223836 22.505328 -3.894476 2.059569 0.573995 2.980018
345 601 -1.00 -382.36  35.183828 98.876460 -8.460349 2.803563 0.870495 0.924161
346 602 -1.00 -382.28  59.313830 10.181036 17.515986 3.202523 1.430307 2.821506
355 618 -1.00 -380.63  21.916535 24.644599 -22.931469 3.352266 1.043298 2.429335
362 633 -1.00 -379.67  54.437930 41.067412 -6.713903 4.030610 0.881422 2.776255
368 640 -1.00 -379.44  -70.822396 43.734673 8.711514 1.386692 0.435349 3.541719
369 641 -1.00 -379.43  -8.410067 86.523254 -17.042951 2.368134 0.524540 1.820543
378 654 -1.00 -378.54  75.420692 13.189844 93.841634 3.506406 1.703614 3.833239
380 656 -1.00 -378.43  -10.104333 60.240865 -22.412021 2.478309 0.656381 2.009847
382 660 -1.00 -377.93  47.689757 -6.953839 82.874952 2.976894 2.210845 3.345023
386 666 -1.00 -377.64  38.925815 12.046170 1.292573 2.891336 1.342459 2.538185
387 667 -1.00 -377.54  -65.722689 4.700433 24.617047 1.491489 0.473667 3.965884
389 671 -1.00 -377.42  44.959030 14.329476 116.493465 1.311137 1.748845 5.446403
391 673 -1.00 -377.27  -1.415821 61.857675 -23.674041 2.598146 0.735709 1.808037
397 681 -1.00 -376.04  4.006803 103.886614 -15.710185 2.691986 0.586418 1.304685
399 683 -1.00 -375.86  -86.305852 43.614702 55.188262 0.905952 1.152058 3.758531
404 694 -1.00 -375.04  -4.736486 42.995193 -24.998410 2.428541 0.848317 2.147010
406 697 -1.00 -374.88  76.717072 22.914859 30.035787 3.550500 0.644660 3.836909
409 703 -1.00 -374.38  -59.055866 37.836891 -2.352331 1.904240 0.414186 3.081582
415 709 -1.00 -373.91  9.964083 90.856240 -19.802831 2.636935 0.690676 1.354693
417 712 -1.00 -373.69  -60.287339 20.173846 6.715620 1.744404 0.651810 3.240440
418 714 -1.00 -373.55  46.166095 -0.780831 19.255682 3.030052 1.286179 2.937555
421 718 -1.00 -373.19  7.584659 101.131216 -15.466531 2.734140 0.621795 1.314992
423 721 -1.00 -372.67  60.025209 -0.654070 87.205515 3.223445 2.013733 3.557614
427 725 -1.00 -372.12  57.584966 -10.677174 58.465093 2.937817 1.802783 3.010320
429 728 -1.00 -371.83  -37.233907 8.309127 -10.947216 2.337067 0.769663 2.807152
431 730 -1.00 -371.73  3.793380 102.642897 -15.754829 2.393865 0.434897 1.284523
433 734 -1.00 -371.57  11.767835 12.880819 -12.805000 2.835252 0.969525 2.555176
436 737 -1.00 -371.46  68.951163 12.970717 23.498943 3.377561 1.330576 3.008290
437 738 -1.00 -371.40  70.118068 2.749983 66.516951 3.242572 1.873158 3.213803
438 739 -1.00 -371.37  46.840486 84.791195 -9.567863 2.677480 1.095415 1.080275
440 743 -1.00 -371.19  54.179778 1.074160 22.744523 3.051750 1.451409 2.868730
441 744 -1.00 -371.17  56.584636 1.021544 33.085953 3.082594 1.283648 3.079682
447 751 -1.00 -370.56  -23.302462 18.138173 -14.924268 2.978584 0.520365 2.599200
449 753 -1.00 -370.45  4.678736 40.640812 -19.801716 3.085879 0.838045 2.270375
451 755 -1.00 -370.38  -80.820561 19.034675 37.620672 1.177723 0.791651 3.673115
454 760 -1.00 -370.21  -89.079692 68.404585 76.512642 0.261011 0.945080 4.519405
457 766 -1.00 -369.98  56.373524 14.990443 109.035979 1.393260 1.774021 5.632666
458 767 -1.00 -369.93  52.130485 82.296365 -8.146179 2.662996 1.168827 1.120914
461 771 -1.00 -369.77  31.216405 -4.500111 13.376035 2.937912 0.993437 3.047835
465 775 -1.00 -369.21  -18.265384 48.837129 -30.594353 1.957663 0.958714 2.155034
466 776 -1.00 -369.15  42.597873 2.745364 13.880480 3.095485 1.095913 2.991997
467 777 -1.00 -369.06  48.643005 -10.568550 43.565776 2.822827 1.665029 2.922491
468 780 -1.00 -368.93  67.870687 4.039014 95.291496 3.376737 1.844587 3.729563
473 789 -1.00 -368.50  -69.362081 120.399846 51.301231 0.164727 1.168045 3.701700
478 798 -1.00 -367.65  12.983592 52.684662 -26.882871 2.954407 1.024881 2.068387
479 799 -1.00 -367.64  73.936738 15.225014 26.782957 3.322806 1.553759 2.856165
481 801 -1.00 -367.63  -83.772549 80.447700 90.995620 0.119983 1.109051 4.538253
482 803 -1.00 -367.51  -20.669738 60.973445 -28.014824 1.865090 0.817774 2.136173
489 811 -1.00 -366.73  -84.118194 48.305616 32.828603 0.954441 0.856467 3.580078
495 819 -1.00 -365.96  84.534475 16.541119 70.328585 3.610680 1.577049 3.554865
503 828 -1.00 -365.52  -69.341063 120.925114 53.344734 0.163193 1.263775 3.589787
504 829 -1.00 -365.43  65.501362 3.449077 38.997841 3.067189 1.887739 2.846738
507 832 -1.00 -365.20  -68.681375 112.385825 78.340694 0.056359 1.341832 3.928003
511 838 -1.00 -364.64  52.243164 14.030309 10.031747 3.083486 1.460565 2.655789
514 842 -1.00 -364.39  75.453286 10.797407 25.965467 3.664762 1.142447 3.231089
520 849 -1.00 -364.14  51.585164 8.896893 105.445072 1.265660 1.763450 5.709175
524 855 -1.00 -363.91  26.647335 10.260950 -12.194707 3.085516 1.074970 2.599803
525 857 -1.00 -363.61  -64.491191 111.659647 16.501563 0.184755 1.538288 2.843051
527 861 -1.00 -363.41  -17.153490 62.603378 119.222522 0.009124 1.871989 4.872767
529 864 -1.00 -363.17  22.178552 71.083505 -19.548810 3.092648 0.997743 1.370900
530 865 -1.00 -363.06  -79.947931 98.804574 62.186832 0.251984 1.105599 3.902476
532 868 -1.00 -362.69  -57.821539 -3.070434 21.394682 1.794472 1.033281 3.396137
533 869 -1.00 -362.62  32.804500 76.926175 -15.305636 2.947925 1.073680 1.505714
534 870 -1.00 -362.49  5.605014 54.636650 -25.251479 2.578299 0.881848 1.901539
535 871 -1.00 -362.45  4.552859 73.083108 -20.358437 2.553791 0.692379 1.668509
548 887 -1.00 -361.43  44.525151 83.810122 -11.772204 2.464019 0.941540 1.118140
549 888 -1.00 -361.38  -84.748670 41.637703 43.377577 1.010834 1.040880 3.608030
550 890 -1.00 -361.26  17.250676 77.670650 -24.019923 2.369790 0.795158 1.419751
552 894 -1.00 -360.71  -33.346013 21.361577 -14.892815 2.313803 0.733871 2.652641
554 897 -1.00 -360.66  -63.085404 -4.383290 33.330688 1.679197 0.854253 3.744937
557 900 -1.00 -360.54  -84.054972 61.467850 38.187092 0.767677 1.434350 3.202608
560 903 -1.00 -360.28  54.824371 30.314701 0.014930 3.727035 0.862852 2.869290
561 905 -1.00 -360.10  -29.184370 62.978583 113.441185 0.009532 1.684495 4.931076
563 907 -1.00 -360.05  54.117658 -14.542504 58.386133 3.033353 1.745295 3.380246
564 908 -1.00 -360.05  46.702146 75.515347 -12.161400 2.941538 1.285498 1.363234
565 909 -1.00 -359.94  26.442922 6.397229 -3.384785 3.351056 0.760155 3.018561
568 913 -1.00 -359.72  63.432322 -1.067824 82.830106 3.197015 2.050295 3.336144
570 916 -1.00 -359.48  23.089369 -11.042442 84.620838 2.468748 2.295085 2.984146
573 921 -1.00 -359.03  -75.264971 99.127631 83.687273 0.166225 1.328837 4.063282
574 922 -1.00 -358.99  52.210495 1.361964 7.304273 3.349940 1.223736 2.929564
578 930 -1.00 -358.51  45.769980 8.797336 4.642010 3.171263 1.173352 2.800015
582 939 -1.00 -358.02  -62.647691 121.298622 35.366900 0.019260 1.673532 2.959591
583 940 -1.00 -358.01  18.342335 -11.319151 84.105383 2.482426 2.105061 3.184185
588 946 -1.00 -357.57  -58.858668 122.712090 26.994178 0.113567 1.370120 3.132008
589 948 -1.00 -357.45  36.051708 -13.730315 70.947371 2.606828 2.101030 2.945325
590 949 -1.00 -357.29  -58.974207 129.493671 41.569696 0.037510 1.501753 3.223495
591 950 -1.00 -357.23  60.851731 9.886242 16.334928 3.095882 1.586271 2.675079
592 951 -1.00 -357.19  -44.673648 131.641793 33.946783 6.147553 1.364660 3.267234
594 953 -1.00 -357.14  -49.620451 -15.151020 40.496665 0.983654 0.468608 4.982435
597 958 -1.00 -356.79  84.335916 3.946330 50.090989 3.470468 1.819207 3.021092
598 959 -1.00 -356.79  31.811349 3.982094 5.392784 2.892174 1.243943 2.753173
601 965 -1.00 -356.57  -37.239673 17.336687 -16.166482 2.199342 0.941710 2.639670
603 969 -1.00 -356.35  -90.557297 59.772304 73.424306 0.713179 1.228113 3.942886
604 972 -1.00 -356.15  63.548906 -0.722758 47.038559 3.114176 1.741235 3.080763
612 982 -1.00 -355.72  -75.238561 62.219774 4.756842 5.247050 1.245625 0.874161
614 984 -1.00 -355.68  59.610512 -10.427449 38.553962 3.079608 1.528621 3.013514
615 985 -1.00 -355.66  16.767853 -21.540551 34.125474 2.633652 0.802022 3.836444
618 990 -1.00 -355.47  56.840116 80.981046 -3.935611 2.709605 1.231367 1.068612
623 995 -1.00 -355.00  50.081974 3.454382 11.199494 3.131635 1.230794 2.861314
624 998 -1.00 -354.75  36.275048 8.131790 2.420865 2.792172 1.366911 2.538972
625 999 -1.00 -354.71  -15.367545 53.134039 -21.797990 2.331147 0.667685 2.172001
627 1002 -1.00 -354.60  81.795676 13.970813 54.466536 3.132635 2.275714 2.639129
628 1003 -1.00 -354.60  74.253706 36.031008 108.751434 1.898910 1.774904 5.654205
631 1009 -1.00 -354.02  70.052309 2.246867 81.075235 3.281221 1.835721 3.416220
633 1011 -1.00 -353.96  -79.791651 50.031793 23.620068 1.016504 0.819191 3.437695
641 1026 -1.00 -353.07  36.610276 91.509381 -11.845933 2.752924 0.930571 1.030716
642 1027 -1.00 -353.05  39.231729 79.213117 -15.834155 2.215264 0.841753 1.255630
648 1036 -1.00 -352.76  -55.787139 13.499438 3.903136 1.869005 0.790320 3.164062
656 1046 -1.00 -352.28  59.826780 40.453905 -4.210862 3.874222 1.054301 2.755145
660 1051 -1.00 -352.04  -69.220454 -2.924562 48.830055 1.573566 1.159772 3.741009
661 1052 -1.00 -352.03  52.005796 98.812074 -2.805697 2.829420 1.089118 0.860422
664 1058 -1.00 -351.76  -91.229505 64.653686 63.517807 0.474743 0.897800 4.230241
665 1059 -1.00 -351.58  -76.854394 9.988157 50.711833 1.186714 0.809899 4.082066
667 1061 -1.00 -351.52  -15.882933 67.875289 -18.881018 2.344619 0.541965 2.041661
668 1062 -1.00 -351.36  -21.900028 67.084447 -25.636847 2.011422 0.680521 2.135949
670 1066 -1.00 -351.11  16.990624 -15.730057 23.862829 2.767184 0.780290 3.612724
675 1072 -1.00 -350.80  76.821075 7.292264 72.944695 3.335787 1.998452 3.169574
679 1076 -1.00 -350.69  65.436764 73.145482 -2.183508 2.365850 1.176227 0.980739
685 1085 -1.00 -350.08  77.075670 15.440782 103.535278 3.595107 2.175735 3.481699
686 1086 -1.00 -350.02  36.726866 66.975095 -17.743276 2.808740 1.154827 1.621391
687 1087 -1.00 -349.91  25.711909 81.012690 -19.325799 2.645637 0.919442 1.320432
690 1090 -1.00 -349.77  -79.803325 100.192781 52.318230 0.361374 1.442180 3.355275
691 1091 -1.00 -349.73  22.755735 8.625048 -1.705167 2.854100 1.048474 2.673533
693 1094 -1.00 -349.68  63.323309 15.569762 17.346473 3.403660 1.222107 2.993013
697 1099 -1.00 -349.57  11.403160 0.284738 -6.589502 2.903048 0.919260 2.802454
699 1102 -1.00 -349.27  38.324695 94.694081 -11.402831 2.698822 0.923402 1.005944
700 1103 -1.00 -349.23  56.457298 -8.093268 70.296987 2.981044 1.842766 3.179426
701 1104 -1.00 -349.14  15.355314 -13.621077 99.086687 0.739393 1.538925 5.674209
703 1110 -1.00 -348.97  59.247878 81.141419 -4.497644 2.271449 0.930095 0.942433
707 1115 -1.00 -348.48  -84.976801 87.446408 71.131021 0.395982 1.239269 3.922160
709 1119 -1.00 -348.16  -85.584786 54.325427 47.071543 0.804348 1.080709 3.671091
712 1123 -1.00 -347.99  15.644875 19.251747 -22.176806 3.321764 0.965548 2.481721
716 1127 -1.00 -347.90  51.460169 -12.379598 54.360420 2.837330 1.784668 2.953796
722 1135 -1.00 -347.51  28.247399 42.089373 -22.272428 3.717875 0.953130 2.362619
723 1136 -1.00 -347.37  17.816034 -17.183315 25.481485 2.716205 0.662475 3.778446
728 1143 -1.00 -347.21  -81.964055 66.973816 98.410985 0.077078 1.155667 4.802682
729 1145 -1.00 -347.14  -67.937439 15.633250 14.815765 1.583219 0.638681 3.471287
731 1147 -1.00 -347.10  7.096528 86.423840 -19.359472 2.520134 0.674360 1.611656
734 1150 -1.00 -346.94  79.344252 0.808906 41.340109 3.426786 1.662351 3.024625
735 1151 -1.00 -346.84  52.223732 80.734398 -8.319304 2.720666 1.218045 1.211295
736 1152 -1.00 -346.84  -1.638199 74.742343 -18.438963 2.499164 0.607595 1.725142
739 1156 -1.00 -346.63  -82.946304 70.520358 90.062113 0.629937 1.568767 4.026415
744 1161 -1.00 -346.21  60.464376 -0.761103 101.118825 3.287801 1.992534 3.731236
752 1172 -1.00 -345.58  -51.240217 132.336146 39.620470 6.187551 1.551877 3.183293
756 1177 -1.00 -345.45  -89.417739 70.195017 66.584285 0.028463 0.791134 4.815381
757 1178 -1.00 -345.44  57.467388 28.736740 0.004331 3.648186 1.136943 2.804122
761 1182 -1.00 -345.27  47.688990 70.868580 -11.129960 2.813791 1.274875 1.490955
762 1183 -1.00 -345.27  -18.492021 56.587873 117.622072 6.279487 1.835184 5.036357
766 1188 -1.00 -345.08  -72.474465 119.345531 56.010644 0.249274 1.443322 3.486388
767 1191 -1.00 -344.97  62.123024 81.942672 -0.210027 2.811252 1.390527 1.104108
768 1192 -1.00 -344.94  63.826169 0.036857 44.457671 3.141739 1.649802 3.103723
773 1197 -1.00 -344.77  34.081031 67.932236 -18.529130 2.904900 1.144716 1.494197
777 1203 -1.00 -344.53  33.234516 77.247520 -17.453790 2.563834 0.954039 1.295610
782 1212 -1.00 -344.19  -58.424422 -1.023284 19.545458 1.447490 0.294447 4.212474
795 1231 -1.00 -342.99  1.325169 90.162854 -19.674370 2.686888 0.623656 1.387769
800 1237 -1.00 -342.74  -67.020501 18.152770 19.012020 1.512828 0.832877 3.459813
801 1238 -1.00 -342.74  51.203125 77.546926 -8.977380 2.689459 1.183101 1.171670
806 1244 -1.00 -342.42  -36.026790 40.223634 102.588782 0.900940 1.577770 4.599637
807 1245 -1.00 -342.39  49.140602 -4.374345 91.342500 3.094566 2.064371 3.602368
808 1247 -1.00 -342.34  52.389263 1.260634 20.657150 3.080416 1.378624 2.907308
