0.0690285230242|-0.323423295153|0.942498588318|0.0482581203475|-2.41101845242|11.1725993109|16.6334639813
0.0641550966765|-0.111054966755|0.916865156857|-0.378033334602|-13.1021238875|13.5208346683|17.6643139226
0.122101091602|-0.859055479344|-0.492930976|-0.0642966541692|-4.83587545047|-0.107341401291|17.3020280651
0.193546005953|0.656663002745|0.727282686479|-0.0489238014992|-13.3337585619|3.35442043518|17.1684672067
0.23774210446|-0.114014306588|0.964601229329|0.00488856189723|-0.0913877244694|7.53134787986|18.7936200092
0.0126058850829|-0.0828164822331|-0.133167700868|0.987546902875|-7.03508725157|22.4053612387|10.2477917887
0.0293262217794|0.656929424756|0.753221318455|0.0155354121735|-12.8735004384|1.44821098028|17.6588402809
0.227252750329|-0.116397525925|0.96252215217|-0.0914270748147|-9.7322182755|3.16022628456|19.5160693288
0.100755274328|-0.306046473738|0.939248896412|-0.118302329635|-2.55788425724|12.5886195175|15.5299693049
0.0677697903534|0.0741228834174|-0.930374473572|0.352585298325|-3.69363321664|22.6399626433|6.80209862389
0.185991785983|-0.0998611529113|0.977399613142|-0.0111714777738|-8.35285361821|1.192433654|18.1648527241
0.115633260125|0.135587902054|0.786454506686|-0.591383275789|1.39795789461|23.4605316498|4.69188873356
0.14190721491|0.561632904049|0.81165760031|-0.075118328697|-9.33072399051|0.796318224129|19.9526873767
0.0402818786848|-0.680976606418|-0.730049321698|-0.0409416615311|-9.41779368543|-5.83988112839|16.7514797756
0.225572889701|-0.858522694368|-0.460455235967|-0.00605230193065|-5.38737605073|-0.0453494583614|19.2037459884
0.0727358873396|0.518212239281|0.851757706071|0.0259687485351|-13.1725790849|3.38817158745|17.0607591983
0.0345369876195|-0.552007235159|-0.814092002947|-0.177057672965|-11.0950070992|1.12237325696|18.7295122971
0.27247311578|0.042031454972|0.906608139499|-0.319458040068|-20.9441193241|15.0779833886|10.3096153685
0.113958570309|0.022740073465|0.346112569642|-0.930968539988|-10.9213118227|25.363057814|10.9492616647
0.463778429062|0.287888741292|-0.354022849452|0.759405993814|-3.88440851981|14.479004927|-18.8805603342
0.151146535181|-0.217282789763|0.961335218679|0.0760099434433|-5.89779812981|3.94623116141|18.820145385
0.123398433723|-0.7230071564|-0.679665128945|-0.00942288943444|-11.2606086568|1.05156602567|18.7157641825
0.0436612127673|0.477825011198|-0.217939967954|-0.849870065093|-3.79816864147|6.24832553866|25.1924758709
0.250711841051|0.605882970247|0.701972155365|-0.278000885275|-11.6173242065|6.80519306054|19.9345510212
0.0675182648528|-0.548019217218|0.228038336393|0.801944348821|-0.871019768008|3.27831895856|26.1217300675
0.0307906309251|0.0890700178667|-0.436847094193|0.894585426474|-5.51775375519|21.4023378004|-13.5135281437
0.018387628484|0.564976962952|0.823712913593|0.044271462958|-11.5514042261|2.97451999259|18.2761063738
0.166638902697|0.612003008879|0.772182628885|-0.0376534311651|-11.1780528564|1.14249074126|18.9554248671
0.0872609959532|-0.439507782968|0.893289866859|-0.035378539587|-3.60190155047|15.356937996|15.64881384
0.161043081745|0.256696882524|-0.345985583379|0.88795597437|-5.795814861|19.8874758985|-15.6850603891
0.132938572917|-0.310229703559|0.934643625271|0.111920331491|-3.61766063626|8.37057729472|18.0228366159
0.158536718391|0.0787671564741|-0.46241220186|0.86881344347|-1.32002246919|19.9936614727|-13.0881300603
0.256086320401|-0.830573445418|-0.492934983002|0.0397825439545|-6.4307423502|1.83235463275|20.8431316966
0.265007784046|-0.277796592174|-0.0629819863496|-0.921212894594|-10.3372263992|22.4208334405|7.1371535466
0.114765442096|-0.100924406408|0.441097390417|-0.884350750358|-7.50138784115|20.4535825119|-14.0987716819
0.315702552067|0.309841580835|0.76500888249|-0.468072113156|-8.02656592065|23.0808150577|8.52150102669
0.19244457505|0.477107132478|0.847114919592|-0.133154732089|-10.5198931157|6.20796783478|18.2192516254
0.0292084808929|-0.571814325756|-0.815583744199|0.0836564265511|-7.71531606424|-8.31857867692|19.0021327888
0.356988336902|0.373698086178|0.851162460721|-0.0918233802638|-9.60552193657|21.7842953476|9.92076134078
0.187379124318|0.593143657734|0.767789187726|-0.153523380209|-11.6066646025|3.03838032852|18.4638350655
0.113882244176|0.3456615103|0.906400250489|-0.214447057967|-6.43338996876|3.94590723102|20.6455005432
0.253364705623|0.294204037991|0.871871838159|-0.298479158065|-16.4439858174|10.4088538367|17.0107673201
0.0337767667593|-0.599925175807|0.255631082636|0.75736494707|-1.72050619612|6.11564761204|27.6255261153
0.187927272425|0.433128560989|0.856519025213|-0.208466182824|-7.56058585474|9.06720576636|18.4959601088
0.331500628027|0.143926465309|0.860021265147|-0.360216503921|-20.9678089745|9.94927671184|15.3949526542
0.113900195241|0.253252228298|0.776112523061|-0.566161996194|4.49946590286|25.4677547181|1.92776229662
0.103054624905|-0.855051752029|-0.504035815596|-0.0649164249939|-5.9334892907|-1.32275822587|16.9611347268
0.226628186814|0.659018863845|0.716912411583|-0.0192456788842|-13.357402946|3.3542381819|17.1783411714
0.174387305034|-0.148148943228|0.965562932777|-0.123811071031|-7.86986588246|2.75326672309|20.3833661142
0.15739259828|-0.134348224179|0.933756810194|-0.292021136362|-5.99995013422|11.0427546342|18.0799013282
0.243056716739|0.0552697258397|0.88493045611|-0.393404089584|-18.9700987808|14.0607102414|14.691306988
0.493510827585|0.666670713199|0.55643994913|-0.0487011933321|-17.4479826609|14.71685418|12.4492110405
0.0758955164701|-0.040140380652|0.492655977287|-0.865978468823|-5.49219073818|21.4833484239|-13.4335402422
0.0390538672854|-0.316638237942|0.942269803882|-0.101698763098|-2.55014028589|12.5909951284|15.4936305746
0.0474754761504|-0.682655763968|-0.723232779067|-0.0930673646839|-9.42552526004|-5.84372388598|16.7228356842
0.0916476075686|0.51477187916|-0.210285080449|-0.826069496709|-6.10595163795|6.71058754047|24.6065453638
0.193910646572|-0.797602143159|-0.571152439367|-0.00379122392052|-8.22224075477|2.04830340436|20.1577935242
0.0553718561828|0.500365281931|0.854233835447|-0.129819476808|-7.42027455414|-4.69114874659|20.2755012336
0.260474327615|0.527621196861|0.777897327226|-0.22055553852|-11.5649356701|6.82745182321|19.9188063881
0.275216675855|0.268086740197|-0.402084378144|0.831091712096|-13.911383971|19.1582620102|-14.7910429569
0.43230722314|0.121329686115|-0.576373094546|0.682776411406|8.16685628096|18.2617604355|-9.24391739502
0.141051080929|0.116723964204|-0.929815648108|0.319253769411|-2.88473800961|22.1227904346|8.65520324531
0.0993116465411|-0.360311837949|0.926179057074|0.0500492810441|-2.44784957768|11.1877864475|16.6548237145
0.344695715789|0.292813016256|-0.173884969879|-0.874762492496|1.53067660499|10.4635292803|21.7489775293
0.240943682144|-0.509851839802|-0.819545771011|0.101695490081|-8.95741814372|-12.964867084|15.4366945754
0.124577271208|0.14329532555|0.826899650307|-0.529324023161|-1.43332428939|22.6561247097|7.55072780766
0.0518609691886|-0.847033886878|-0.503852094029|-0.161174134706|-4.35564752325|-3.79744378321|15.0064495081
0.0355535662508|0.0167767285241|-0.92247297374|0.384054811227|-3.67383044306|22.6026054483|6.8345806518
0.240780250378|0.589644322136|0.737338316663|-0.225114751141|-9.661548301|6.2667214846|21.1370857674
0.112017368637|-0.178933716719|-0.0323775872692|-0.97692708325|-7.32396801141|21.227372748|7.3592632948
0.0759505443856|-0.344284237431|-0.411761315315|0.84032880343|-13.1750635225|20.4927392034|12.9183720957
0.0911153303109|-0.719028517171|-0.685109425566|-0.0729456172636|-11.2593794839|1.05201975014|18.7104428217
0.0299537046983|0.437925274405|-0.213536588687|-0.872769359513|-1.42404019774|5.66201800869|25.5816960994
0.0214422255896|-0.109349203942|0.911837463039|-0.395139751933|-11.2861737494|14.7601926738|17.9183408563
0.0186375010081|-0.221821897839|-0.0872487083196|0.970997091701|-8.58233611243|24.6945452969|8.94243696233
0.0837230178862|0.419615461|-0.275441598252|-0.860839849867|-1.99178323251|7.98685168725|24.8875536226
0.0876284580603|-0.408854102735|0.904915574936|-0.0792929899344|-3.57680837168|15.352705045|15.6262535239
0.134665261938|0.534758217019|0.833500758865|-0.0342841294012|-9.3109341744|0.800770188807|19.93642616
0.247416923096|-0.0891291399132|0.298868396693|-0.917343198613|-7.6276109389|18.9592661466|-16.0556888852
0.0700543795277|0.662054968767|0.746099994589|-0.0105071553986|-13.2998455517|3.31391233551|17.065281098
0.16074865275|0.472540305966|0.866419196427|-0.0135390523646|-11.5185429071|3.06561840855|18.4089706015
0.177638958954|0.0933171756277|-0.497363410436|0.84401773853|-1.33185839491|20.0044083264|-13.1069590722
0.21437055956|0.395845185769|0.837572157382|-0.309555703026|-9.51062074107|6.40395442477|21.0908960382
0.20250366164|-0.176164621662|0.962963143919|0.0256958469408|-0.443833021763|9.21441575083|18.0093653785
0.208868693739|-0.714913766516|-0.667201164736|-0.0107135893467|-12.3050326453|1.20612013931|20.3537669107
0.101054557202|-0.282362986611|0.953858137442|0.0146210087651|-6.62660905149|7.19565700202|17.5383440031
0.221480242291|0.0732205968899|0.745054989104|-0.624882636722|-7.72668985283|24.6153963547|2.22948452252
0.187241039753|-0.284976502104|-0.142544873221|-0.929198657661|-8.08780643381|21.5886017323|5.26885574764
0.0191369023713|-0.106405732472|0.822416265147|-0.558518653123|1.34786570899|23.5832576618|4.51416067764
0.21802738733|0.622380096526|0.742014854889|-0.120503232095|-14.5281849341|3.75040032017|18.7490927078
0.0268013209647|0.74455748312|0.647650591228|0.159576173677|4.09258269903|-4.28769650934|17.1597184763
0.0197864106366|0.112003052737|0.914757015119|-0.387664052269|-1.5192715|25.7544563976|1.99657606373
0.0105370450185|-0.514808298032|0.810099649338|-0.28035681747|-6.80911691043|21.1996038448|9.39696514746
0.190391781866|-0.157453672675|0.965494629647|-0.0823372970235|-8.32685513177|4.50040466441|19.9134193984
0.0263286800907|0.631308791684|0.773732043654|0.0457682725322|-12.8495561862|1.45566272593|17.6458435097
0.0923170436996|0.1805934082|-0.928467857675|0.311144695634|-6.53872780736|21.0215045011|9.37842147279
0.0663742485606|-0.567047992462|0.319316825813|0.756364857807|-1.70857853385|6.11642321282|27.6210807408
0.0788110109421|-0.544712886075|-0.794383578943|-0.256965806682|-11.0943119028|1.12884610991|18.6655155386
0.0814410288792|-0.0586555096431|0.424160452315|-0.900008222571|-5.49648788088|21.4725530922|-13.4517797669
0.671969482789|-0.0319026040867|-0.711855168212|-0.201746022371|-10.9610101418|26.2301432597|-22.4172168751
0.296589291438|0.679424381668|0.545510513359|-0.390941915908|-8.27284929306|22.8655228306|8.62511595394
0.0401975945032|-0.669006800043|-0.737430066108|-0.0837314307349|-8.64501421941|-7.59919100405|16.5059720335
0.0834395516422|0.0763045317699|-0.452575655044|0.884528538892|-3.4399212629|22.2479481593|-12.8158306378
0.208412436581|-0.783402815584|-0.585452471085|0.00947042305764|-9.57406555077|0.668029459403|19.6754024571
0.0504331497881|-0.300667208264|0.951837242483|-0.0325820671357|-2.53853611981|12.5716820303|15.5376496187
0.118082119529|0.583910168772|0.803163385314|0.00583989237947|-13.2391187173|3.35757086656|17.0991999821
0.040444529229|0.138381487393|-0.403606916294|0.903502219766|-5.54078472969|21.399184622|-13.5509710825
0.165541682874|0.467263584876|0.851299879397|-0.171898833091|-10.4980959108|6.21841667232|18.2036127115
0.198518088541|0.616210879608|0.762120135943|-0.00690063511431|-12.2371943911|1.28822463666|20.6710721284
0.15359187893|0.364974636635|0.877925217899|-0.269166047481|-8.65193946772|5.83872762847|19.3026018003
0.113469123589|0.240390847293|-0.39815487798|0.877957682164|-5.61589684852|21.3820050884|-13.6351832313
0.305811196796|0.776874248553|0.549193368235|0.0365042208032|0.343162424433|11.243978453|16.4083058016
0.506514881388|0.386558689817|-0.294239388765|0.712346991542|-13.9954384027|20.6791321406|-12.5471264063
0.468428320225|0.267298687661|-0.393166402251|0.744678790169|-1.96841075603|15.5460532884|-18.3166962062
0.414769909889|0.118215579382|-0.543341016345|0.720257966703|8.17631614565|18.2412650753|-9.23207613907
0.0395565436554|-0.278961718311|0.941028024973|-0.187301617149|-3.12181610247|13.9238183258|14.1386428237
0.0330646155062|-0.714903179729|-0.698356797617|0.0108608488367|-11.6965220689|2.90501441435|18.2541392124
0.208976846516|0.697338940042|0.684047810679|-0.0461050217122|-12.1130920075|4.76201705118|17.7497018286
0.132693520277|-0.339547574779|0.930980376383|0.019375575568|-0.515880116312|9.32248031481|17.9504258061
0.155145226572|0.106024548485|0.949706974005|-0.25049035374|-18.2648793911|16.1877927524|13.1744906484
0.250448950706|-0.229959996238|-0.00475621822144|-0.940410070984|-9.4927751535|22.0058168503|9.28757071083
0.22390486669|0.587248646114|0.755681997122|-0.184256227943|-11.989945551|4.85746380498|17.8033956486
0.0593429677027|-0.308098176797|-0.692469701731|0.649645778731|4.80228811462|27.3006600731|1.97665972387
0.168798847115|-0.0989900129824|0.923403156273|-0.330203781819|-6.15334613727|12.5732835618|16.9836695183
0.26821684692|-0.241978257705|-0.0435203568362|-0.931457043759|-15.2490700712|18.6936053717|8.65386209469
0.158858335638|-0.0233942978835|-0.568369999255|0.806952464506|-3.59803520022|20.8737553186|-14.8538895482
0.150265710557|0.356732997633|-0.175870300728|0.905114038093|-13.5994233937|25.3549129012|-13.6344892057
0.0912680776135|0.333746775584|0.903324176884|-0.253552083907|-6.42034723272|3.95694080316|20.6246685809
0.22675889062|0.317164817854|-0.334199556752|0.858077817046|-7.81751104931|18.6875011437|-16.3088683416
0.130472870562|-0.398693318711|0.906583443126|0.0461186330338|-2.76096527809|12.3005847481|18.321027024
0.247148810914|0.0636519023851|0.925519030675|-0.279786390741|-20.0124657295|14.6153473135|12.5831926102
0.337898856726|0.261678751072|0.598513738442|-0.67759124755|-2.53230410726|25.6367289534|-2.89280752055
0.0456622120609|-0.826032541312|-0.554921059803|-0.0874518179949|-4.78849429495|-2.53698443904|15.132768065
0.234476095237|0.66523696385|0.698409078416|-0.121266243762|-13.6842871587|5.17612652645|16.4332144367
0.105666015789|0.565163246269|0.815570534437|-0.0653444835634|-10.0737376589|1.01290172811|17.2141641633
0.0839459300515|-0.477092448109|0.275121141855|0.830448212768|0.895172948019|4.89521772876|25.8358770765
0.187985100283|-0.876430133922|-0.442801951633|-0.0214068693258|-5.40733778818|-0.0402886778625|19.220311714
0.53445793522|0.324826601979|-0.278640975334|0.728835784654|-14.1476132751|19.0292132242|-14.7921318644
0.413077006365|0.305870241677|0.382816753275|-0.767634102604|1.08394607127|23.2907033736|-5.71834060688
0.125435511167|-0.0959776153365|0.947374326318|-0.278453076346|-4.17095246344|10.8254681|18.7203746749
0.0493792177698|-0.583434997376|-0.809839513389|0.0364041102543|-8.5455450443|-7.54565664509|16.5430619697
0.150018200265|-0.0973057092189|0.983095801259|-0.0393545942682|-7.83945117755|2.69377923319|20.4021485228
0.151157977939|0.136492755655|0.802173792782|-0.561282637833|-1.43864137684|22.675095134|7.55776683335
0.114724021171|-0.447883220429|0.88308529058|-0.0799961835697|-3.6194844154|15.3661380711|15.6379838922
0.173850968428|0.563872608233|0.804640977941|-0.0661545091402|-11.5860587952|3.02410621955|18.4300758517
0.367533614972|0.411148919704|0.817712840446|-0.164988842839|-9.62076118105|21.7941437543|9.93340611595
0.522450854607|0.688898720245|0.498981511023|-0.0590009273022|-18.3787318871|15.1999830139|10.4000207618
0.164926105261|0.035806384603|0.718355111256|-0.674894967204|-8.34186902688|26.495933488|2.32326948923
0.0695599148491|-0.25208637228|0.89268387894|-0.367054997837|-12.0029316625|10.9324628245|17.4939914289
0.070324259872|-0.882158401498|-0.464242261765|-0.0364715715618|-3.71807468488|1.10924659483|17.5550080865
0.116706502849|-0.103830348473|0.919188274418|-0.361513163108|-4.80877731501|13.5489579375|19.2091269511
0.280539131638|-0.669870869784|-0.687110824433|-0.0212020843799|-11.7009478177|-0.825349987183|20.7037539747
0.125046393664|0.376695360367|0.906476044973|-0.144101300478|-9.68175068514|2.7581325098|19.4924117813
0.264004308442|0.25032066024|0.61287736768|-0.701443243867|-0.377864203162|25.8349783285|-2.13404225259
0.119192800775|0.40437065632|-0.216371591302|-0.880602511369|-1.973883114|7.99594091609|24.8663851236
0.124886183518|-0.138546126457|0.937181484574|-0.294786833121|-0.958348761541|13.4468049844|17.5083208588
0.103141855124|-0.358718501702|0.888420576855|-0.267192202129|-14.8814428246|13.6314287934|12.9412943489
0.15102805521|-0.0238536450173|-0.539396769517|0.828053534015|7.1390419715|22.1826846839|-5.56664625477
0.0725940135103|-0.0149958991263|0.943839636348|-0.321981324102|-2.97232310697|14.8781078567|18.5733774569
0.349717310711|0.897996167931|0.217383721262|-0.155064511418|-8.81696436005|17.6556627328|13.7400253119
0.194288414564|0.0729140416957|0.774275017367|-0.597857635203|-7.12842544025|24.4680104655|4.59576154834
0.0875835943696|-0.334991949973|0.91051964079|-0.225972323939|-7.00188113242|15.4889706903|14.0918348831
0.0847466752793|0.128061668017|0.766457256165|-0.623667767874|1.40377362736|23.447509773|4.65998204655
0.152817012097|0.567115322444|0.788888075261|-0.180783784044|-9.80913128348|2.64145741995|19.5426486469
0.121586613505|-0.336925727456|0.897089950315|-0.258703248217|-13.7968401839|11.3713072014|15.9578414895
0.185673577313|-0.763451046811|-0.618186631035|-0.0226519539923|-9.54098437738|0.669072012202|19.6711058703
0.0714720650315|-0.594423116858|-0.799702854908|0.0450360513018|-4.84361212288|-11.5761069842|18.3404852465
0.13081437183|0.220382972998|0.844091950193|-0.470985907385|1.4621193318|25.3606931982|5.15390611895
0.0125541577152|0.475991127112|-0.832303246327|0.283806529502|-6.76843635425|21.1877726794|9.38880348422
0.20986109548|0.318953723208|0.874770328601|-0.29833490452|-6.55796623906|11.6964921617|19.8812724804
0.226866142144|0.664065887572|0.709619655787|-0.0631521546123|-12.7847145718|3.30800784591|20.1174003438
0.0450207309412|-0.692647310972|-0.717977811729|-0.0521603130127|-10.1213391247|-4.05909435179|16.7999800551
0.0862390469801|-0.366221198831|0.926485180396|0.0083708309062|-2.59565291745|12.5963127591|15.5802303522
0.11153737674|0.554646934491|0.817468586719|-0.108033797382|-9.31079464846|0.801533441435|19.9374663969
0.152608303561|0.63212838977|0.738291780987|-0.179024162218|-13.1600276028|-4.9959648811|22.0704151445
0.370261221503|0.313433186659|0.758464033849|-0.435199465428|-10.3658507758|22.4006826696|7.77992395323
0.321865452425|0.245859682423|0.868150664569|-0.286827597526|-18.0862507988|10.725678263|15.0615032805
0.00603687124719|0.0603178281006|0.6572216148|-0.751255658773|16.9153998531|19.7405783274|-3.57163899536
0.144900479924|-0.126048856392|0.410288507633|-0.891503716888|-7.51355685142|20.4741391852|-14.1104221006
0.138848367704|0.421325338447|-0.300448914928|-0.844355694886|-2.48049211788|10.2136684977|24.0000753715
0.0836256042903|-0.336412894919|0.937366089771|0.0343210749799|-3.88116638242|9.95162218861|17.0998857892
0.222433613998|0.558779475177|0.736342704645|-0.309980978128|-9.61696970516|6.30435937736|21.1358919945
0.138633138178|0.124866240638|-0.932782238981|0.308393530396|-6.44147524297|24.1947637057|6.6390535274
0.230808710539|0.589509240776|0.739069133387|-0.230180386335|-13.1010522777|5.35509555612|19.4105847114
0.0453772421888|-0.54098761892|-0.83224247084|0.112453420565|-5.92723697017|-8.32581805033|19.6342687903
0.124587249004|-0.835111113149|-0.535395366635|-0.0204755333344|-4.29071225659|-1.62870883781|17.4299364686
0.246950963773|0.321075991861|-0.410893203153|0.816757127024|-16.3769039963|22.2423596101|-11.4026727868
0.239501258979|0.137252719612|0.939847651607|-0.201214387349|-18.9754698775|13.9507908639|14.7640724581
0.168126491136|0.596801469488|0.784459835569|0.0135740699238|-11.6316233565|-0.769952022332|21.058475335
0.117871812652|-0.18937508303|0.334461175925|-0.915630403333|-9.47424799887|17.5527028495|-16.6622666639
0.137583768179|0.202906283574|-0.907769167966|0.340374623776|-5.95693660928|22.3871121526|6.08837889525
0.0866607109458|0.0579419083145|-0.647681902663|0.754745526255|7.13709222575|22.3105081394|-5.58500623895
0.0719715063266|0.844067022988|0.526087304671|0.0748539300665|-4.1130737404|2.64189574084|17.3071038341
0.31569331004|0.317580061566|-0.386362311149|0.806352778265|-13.9693895359|19.152151313|-14.8153309856
0.026520339782|-0.55565621473|-0.828782101395|-0.0605233097048|-11.5386429075|2.97629079418|18.2341428357
0.193387790193|0.306034157534|-0.3012496987|0.882152410902|-7.79367058344|18.6827769169|-16.2948001005
0.148045173288|0.476374525183|0.864000370607|-0.0682150864131|-13.1584908221|3.45115712434|17.1420645269
0.308971091488|0.784388510539|0.536834821247|-0.0328618906309|0.344355414203|11.2713696913|16.4450889916
0.20366474116|0.375723196302|-0.315522232639|-0.847229882428|-2.59660027399|11.3772989291|21.1511584183
0.262433474215|0.42274472072|0.840566723133|-0.214156850638|-6.91509866521|14.8829807404|17.4229878315
0.649432643609|0.282032965417|-0.366250295115|0.603784207446|-14.0494160086|20.6910611835|-12.5423680403
0.158778808717|-0.201287437836|-0.0740339418559|-0.963738363211|-7.33202940779|21.2520985532|7.3443338062
0.281674863911|-0.166519978135|0.936757144914|-0.124162874387|6.60558348986|12.3505690754|19.896840075
0.142619689725|0.25775860437|-0.431494793319|0.852661931433|-5.63679667003|21.3889366917|-13.6526030053
0.0453743361495|-0.29058315147|-0.721031143132|0.627388788818|3.18577683482|27.3513590422|3.71921407043
0.223426836682|-0.1257768556|0.961363068527|-0.100208191871|-7.88285610784|2.73339486727|20.4302662497
0.104357265317|-0.0717343815456|0.958747737052|-0.254492664682|-4.35934733213|12.3947205617|17.6531094931
0.0953549942205|-0.222631122219|0.927955632496|-0.283268693322|-2.38242717544|10.6145288447|19.1830613699
0.0126828543804|0.418948509394|-0.906941336645|0.0421746792037|-4.11756708727|11.461048538|16.0210097014
0.14139303268|-0.0133478989114|-0.611545507586|0.778358488138|6.58551498374|20.354776423|-5.12443140171
0.0205782902708|0.353016357916|-0.919721725242|0.170493205527|-1.64678453159|18.6976254348|11.7665258508
0.119098717197|0.137996148736|0.869692887362|-0.458701253724|-0.81949498662|21.9020827202|9.65096362527
0.0771995455216|0.32230121894|0.630571451366|-0.70181322242|1.87251599513|27.7009768569|-1.48299855062
0.442416507876|0.08091392762|-0.547025783437|0.706033541789|8.17124548234|18.2157303206|-9.22476949633
0.455355513337|0.670271096853|0.569297439146|-0.138882824635|-21.3607349391|9.61418853018|15.5198096224
0.212855300316|-0.189431432523|0.00679795288352|-0.958520809026|-11.7395503068|21.1716167673|8.4973742828
0.085445110354|-0.72235822737|-0.679464519204|0.0960504638779|-4.54177960155|9.28288160862|21.4181939488
0.215495019311|-0.162161332013|0.962684506942|0.0224530431406|-1.85048023043|7.98115551059|18.4799525428
0.391644174608|0.634642653298|0.609048590074|-0.270006218519|-13.7983082162|22.9310152528|7.51832086801
0.154651509341|-0.704280282233|-0.689727468091|-0.0659409923906|-9.4553686102|-5.84680145288|16.6507582742
0.394125768845|-0.530316983443|-0.74935426299|0.0435541495452|-12.1276186008|-15.3799338209|13.935845481
0.130290411734|0.23914849999|-0.311233318735|0.910475823332|-5.77289213344|19.8832147295|-15.6655278183
0.26538365133|0.628420519241|0.723262021327|-0.107476588658|-2.44764454233|15.8204143557|14.8743110869
0.245569926717|0.537011381064|0.788898130764|-0.170158534833|-11.5702439209|6.79788779194|19.9014717989
0.645574188252|0.280874197103|-0.257889448505|0.661692288918|-11.6207528853|15.7183533235|-17.189895077
0.347868350214|-0.573625027656|-0.724113280138|0.160005925183|-11.8490285895|-13.9687908646|15.6339751446
0.521314409816|0.351105521099|-0.367217768042|0.685643719439|-13.9759954371|20.7140837336|-12.562450014
0.277310598144|-0.53199742478|-0.798804168126|0.0446035107291|-8.98957763348|-12.975843768|15.395560098
0.518995296933|0.331651493554|-0.296223475722|0.7300019322|-15.8146363717|17.3709408107|-15.206800427
0.112105869281|0.492066316472|0.86312698563|-0.0177431942643|-9.75445230734|2.63767417313|19.4708967272
0.483357078651|0.431942710882|-0.277092194054|0.709232927202|-12.1376174775|22.1129236027|-12.0131224341
0.431161348325|0.367656670567|0.392098825362|-0.724697851141|1.15898043282|23.7161427093|-3.51481197918
0.092156476331|0.655035745753|0.736153157601|0.14322668819|4.94486436092|-0.00206033771967|19.4941365377
0.139693125395|0.456364129586|0.852913941783|-0.211554767985|-10.4781086892|6.22887692334|18.1869345047
0.00848233103098|0.141935082075|0.896885841845|-0.418781887425|-1.51644825257|25.7256873316|1.99226250045
0.131595727681|0.0144167843387|-0.451227397215|0.882535300591|0.653440816444|19.3388345244|-14.0987454561
0.00611444690762|-0.643776896063|-0.765004623926|0.0167882996859|-11.1653650064|1.09106546561|18.815738897
0.920675910271|0.0782278429468|0.291020246879|-0.248079601622|-14.4052835776|19.5494582079|-14.2260169133
0.0724237185556|0.616139085489|0.779002180956|-0.0910111772755|-0.690913353009|-2.6893280123|20.0143549689
0.231568739052|0.709339282358|0.480967320522|-0.460308742246|-4.35510076686|24.1625846645|7.86464602896
0.10709747398|-0.339053831897|0.932128025451|0.0686292525938|-0.504753706816|9.31126290685|17.9569858293
0.209527102218|0.556514588077|0.78703601714|-0.164207839088|-9.20925643295|4.37561316428|21.7971502513
0.0809754076891|0.357036065912|0.917328975838|-0.156447374779|-7.80816267271|2.33104311777|20.375691825
0.0821618528415|-0.0797259637877|0.913759100492|-0.389791619847|-2.99547291395|14.9311751734|18.5353761944
0.0741581341768|-0.476069208918|-0.833696419399|-0.26983135425|-10.5122591444|-0.712727850906|19.0609655088
0.0182758200046|-0.581262539074|0.338170753536|0.739892151955|-2.33683729792|8.60335320367|26.8889294194
0.0672076021101|-0.756113787938|-0.650537712861|-0.0239950423003|-8.74567022607|-7.62218899392|16.5111851508
0.102767971959|0.0809130264257|-0.683565703364|0.71807364196|7.00650196898|22.7509962092|-3.60450042235
0.107723285273|-0.40393068127|0.906025798756|-0.0659768938887|-1.76977248987|15.1154144989|16.1983097278
0.107438797737|0.436114097438|-0.888899988844|0.0901011020403|-4.13325978922|11.4688613758|15.9278520454
0.0414337387589|0.184763392459|0.784742595155|-0.590190472177|-0.84563805118|25.4527833585|4.38711887335
0.468049648833|0.651601881006|0.596161317622|-0.0305973572052|-18.0347004336|12.6326744241|13.8448596334
0.0783098945544|-0.323956334436|-0.596397253102|0.730226109015|5.80035762603|27.0439591159|-2.51227436475
0.144593937516|-0.436025206615|0.887810406934|0.0277000680595|-5.03927124931|13.6800430037|19.3584458201
0.0593329354667|-0.0984927704722|0.484178532837|-0.867381072697|-3.42903881522|22.3732493577|-12.7759775443
0.110830935105|0.196277521716|0.552564050354|-0.802411745022|5.13758366222|23.0301341288|-4.21165136433
0.0957522259648|-0.162000061031|0.895089065227|-0.404231439599|-4.83113508716|13.5818355234|19.1547682159
0.0445468361338|0.198154589399|-0.903685249933|0.376965923055|-6.54935055731|21.0370296103|9.38162057446
0.258983844871|0.679779845909|0.54045654146|-0.422768797316|-8.25038157928|22.8551669004|8.61512366705
0.0519327480436|-0.674023973976|-0.724392046888|-0.135095649789|-8.65650881566|-7.60307341363|16.4734901137
0.057536970673|0.426940535814|-0.896208927536|-0.105928438532|-3.9230457246|9.99732125853|17.0425147729
0.130920749583|-0.730385945853|-0.62780409866|-0.235070502477|-6.86898745187|-13.266098057|13.6462452468
0.158945912899|-0.0889098032352|0.980014654541|-0.0800157518648|-8.28351792379|4.44879034124|19.9001246267
0.0837669590413|-0.304641191602|0.941256133496|-0.119221357602|-3.14840752364|13.9350416334|14.2014444355
0.437650501754|0.218628194223|-0.407236842674|0.771246980528|-1.91421103174|15.5368928896|-18.2990690137
0.192060201435|0.387961298383|0.856889409446|-0.279891854046|-9.08374264104|4.51781226759|21.7699653194
0.270354983915|0.662254566802|0.692514081667|-0.0935484800237|-14.962679573|5.69451468484|17.9132301288
0.244978936009|0.4393118235|0.800709724849|-0.325352699662|-5.7295285282|16.3383477936|16.5194035341
0.0813797486126|-0.425599485601|0.899485148732|-0.0562928199888|-5.35652802043|15.4847657475|14.9609648812
0.102991813554|-0.653191431538|-0.748473482789|0.0502104139416|-8.71145934588|-11.5714070308|16.8211478822
0.398360651632|0.236913134435|-0.164414650833|-0.870717394196|3.17187122729|11.8265227396|20.8494519107
0.111341777972|0.513950708056|-0.850086963294|-0.0284575649705|-5.64937953046|10.2078228876|16.3831173137
0.160751922915|0.16708471978|-0.404766207936|0.884537072489|-3.67493994976|20.8837648776|-14.9670983808
0.165509476187|0.0572062004773|-0.562395125859|0.808112483711|7.11178679837|22.2239209886|-5.62709964996
0.369729794448|0.42207263064|0.80187575348|-0.205304285254|-8.14050796096|22.931705627|8.5982573167
0.088476208368|-0.559414651675|-0.820863337624|0.073556705945|-4.81090261958|-11.553937613|18.3315813285
0.4974212596|0.463534624047|0.720068494951|-0.138596916941|-19.5457282062|16.4816947685|11.2330126786
0.303637293687|0.697915430809|0.470403037961|-0.446586416271|-6.75377440159|23.8573558412|7.20231560409
0.222681357901|-0.153034282077|0.273734737821|-0.923072486137|-9.46563727722|17.6066785256|-16.615212563
0.101775722736|0.141722059345|0.71977799004|-0.671919790756|4.51351073067|25.5372753952|1.83930225362
0.0760937026102|-0.260854399486|0.921744067947|-0.276681412269|-11.7920903928|9.20149081736|18.6401103756
0.129560812259|0.665505045168|0.731552942173|0.0717448505466|4.31870249741|1.99097222606|19.5338516964
0.113022138066|-0.278793475781|0.953131133937|0.0322681838418|-4.97368953782|7.03133660872|18.1878499677
0.0916186629777|-0.232414413211|0.912083916764|-0.325103814045|-2.38745380642|10.6203664269|19.156502354
0.211260912842|-0.00527446266729|-0.300330050326|0.930130564824|-1.61360955375|23.2344512207|-15.1506307615
0.20356045662|-0.806749084224|-0.554575596232|-0.0128438182643|-4.13521920748|-3.41636801271|19.2832972379
0.546728881345|0.362076298521|-0.235199069143|0.717404824508|-14.187379683|19.0186352469|-14.7807126369
0.269550385859|-0.154250843965|0.433261125937|-0.846069774529|-11.7334802683|22.5308797487|-11.7517351248
0.38796187456|0.632671857305|0.667972942217|-0.0549913932186|-15.0740321826|12.9609060519|13.2924787046
0.154206381941|-0.126815202952|0.979866158309|-0.000779660559163|-7.10479692301|2.4651288515|18.5770198635
0.242418629737|-0.194572074727|-0.0802616822034|-0.94706545606|-11.7401942269|21.1687015936|8.49555068397
0.39513891235|0.250314900581|-0.358777771283|0.807766179861|-15.6576171203|17.3985342912|-15.1964667798
0.161808223273|-0.279391234528|0.938257962648|0.124220096916|-1.89026788455|8.02626000946|18.4788750649
0.0315238004243|0.65743586972|0.751726875152|-0.0411221641624|-11.1826777031|1.09360199375|18.8549225891
0.201617587577|-0.129764462382|0.968728069954|-0.0638549854412|-0.419669460794|9.21062801174|17.9809207769
0.0451226115958|-0.325554727952|0.940048484013|-0.0910325037303|-0.930379324963|12.3255659459|15.9256970499
0.380385975155|0.294504635386|0.569158307376|-0.666807581531|-0.449594168594|25.8858389036|-2.05255784675
0.113663056983|-0.318744365462|0.902398639293|-0.266757258133|-5.8831649594|16.7226754415|13.1991804885
0.00147085687198|-0.14938551555|-0.711885867093|0.686221769224|1.48548646455|25.3355043164|4.99225861033
0.0973398572785|-0.307849785774|0.946047943124|0.0273267432011|-0.480370485928|9.30685826332|17.931549652
0.0171370667235|-0.204767996553|-0.158044583446|0.965814836382|-9.17190130963|22.8724041681|12.5119187091
0.245990209103|-0.754218966184|-0.608067951987|0.0299321539615|-9.54447862508|0.671706849156|19.6539854313
0.140027563607|0.571804922768|0.79778790782|-0.130253083895|-9.81381044187|2.62070428848|19.5216137451
