0.00547940351585 68.6372 0.558426
0.00602734348212 70.8991 0.191772
0.00657528333829 72.7212 0.13019
0.00712322307437 72.4627 0.104294
0.00767116268034 72.2215 0.0903222
0.00821910214619 72.9114 0.0803692
0.00876704146192 73.0022 0.0732949
0.00931498061752 72.5999 0.0683091
0.00986291960298 71.9487 0.0628207
0.0104108584083 72.0003 0.0576564
0.0109587970234 72.3434 0.0523643
0.0115067354384 72.7009 0.049495
0.0120546736433 72.3643 0.0475801
0.0126026116279 72.5098 0.0456273
0.0131505493823 72.1669 0.0442845
0.0136984868966 72.216 0.0426167
0.0142464241606 71.9651 0.0417725
0.0147943611645 71.5818 0.0405525
0.0153422978981 71.6741 0.0395628
0.0158902343515 71.8504 0.0388706
0.0164381705146 71.6259 0.0377896
0.0169861063775 71.4513 0.0373023
0.0175340419302 71.12 0.036402
0.0180819771626 71.2005 0.0357118
0.0186299120647 71.4009 0.0351785
0.0191778466266 71.4497 0.0344492
0.0197257808382 71.0611 0.0340716
0.0202737146894 70.6235 0.0332881
0.0208216481704 70.446 0.0327501
0.0213695812711 70.24 0.0322179
0.0219175139815 70.0017 0.0317499
0.0224654462915 70.1279 0.0313093
0.0230133781912 70.4363 0.0307486
0.0235613096706 70.2469 0.0304615
0.0241092407197 69.9661 0.0299352
0.0246571713284 69.7813 0.0294672
0.0252051014867 69.5586 0.0290968
0.0257530311847 69.3555 0.0285973
0.0263009604123 69.3006 0.0284068
0.0268488891595 69.3287 0.0278792
0.0273968174163 69.0281 0.0276614
0.0279447451728 68.7109 0.027382
0.0284926724188 68.6294 0.0270212
0.0290405991445 68.4683 0.0268773
0.0295885253397 68.1804 0.0264029
0.0301364509945 67.9657 0.0261879
0.0306843760989 68.039 0.0258699
0.0312323006428 68.2417 0.0256577
0.0317802246163 67.6902 0.0254325
0.0323281480094 67.3451 0.0250631
0.032876070812 67.2872 0.0249093
0.0334239930142 67.1268 0.0245946
0.0339719146059 66.8509 0.024378
0.0345198355771 66.624 0.0241447
0.0350677559178 66.6328 0.0237997
0.0356156756181 66.1527 0.023676
0.0361635946678 65.9769 0.0233735
0.0367115130571 65.5635 0.0232273
0.0372594307758 65.5093 0.0229834
0.0378073478141 65.3464 0.0227336
0.0383552641618 65.2844 0.0226454
0.0389031798091 65.0949 0.0223212
0.0394510947458 64.7193 0.0221026
0.0399990089619 64.325 0.0218327
0.0405469224475 64.0633 0.02167
0.0410948351926 64.0021 0.0215323
0.0416427471872 63.7381 0.0212772
0.0421906584211 63.5524 0.0211679
0.0427385688846 63.5704 0.0209549
0.0432864785674 63.1883 0.0208395
0.0438343874597 63.0242 0.0206798
0.0443822955515 62.6186 0.0204704
0.0449302028326 62.4027 0.0203983
0.0454781092932 62.4059 0.020205
0.0460260149231 62.228 0.0201017
0.0465739197125 61.9365 0.0199277
0.0471218236513 61.6794 0.0198103
0.0476697267295 61.2978 0.0197034
0.0482176289371 61.0415 0.0194847
0.048765530264 60.7526 0.0193675
0.0493134307004 60.4633 0.0191661
0.0498613302361 60.1756 0.0190737
0.0504092288613 59.9469 0.0189347
0.0509571265657 59.7019 0.0187833
0.0515050233396 59.5962 0.0187283
0.0520529191728 59.2481 0.0185575
0.0526008140554 59.062 0.0184878
0.0531487079774 58.8831 0.0183582
0.0536966009287 58.4699 0.0182187
0.0542444928993 58.1579 0.0181592
0.0547923838794 57.8257 0.0179825
0.0553402738587 57.6065 0.0179223
0.0558881628274 57.4025 0.0177946
0.0564360507754 57.091 0.0177727
0.0569839376928 57.0797 0.0180195
0.0575318235695 56.9056 0.0180711
0.0580797083956 56.4355 0.0181595
0.058627592161 56.0389 0.0181051
0.0591754748557 55.7043 0.0181558
0.0597233564697 55.5108 0.018141
0.0602712369931 55.4793 0.0181174
0.0608191164157 55.1798 0.018214
0.0613669947277 54.8123 0.0184809
0.061914871919 54.5531 0.0186577
0.0624627479797 54.2719 0.0186586
0.0630106228996 54.0508 0.0187075
0.0635584966689 53.8616 0.0187948
0.0641063692774 53.3183 0.0187251
0.0646542407153 53.1053 0.0188233
0.0652021109725 52.9735 0.0187853
0.065749980039 52.8101 0.0188442
0.0662978479048 52.4436 0.0188675
0.06684571456 52.0307 0.0188539
0.0673935799944 51.8295 0.0189792
0.0679414441981 51.5881 0.0189337
0.0684893071611 51.3917 0.0190461
0.0690371688735 51.2192 0.0189501
0.0695850293251 50.9339 0.0185444
0.0701328885061 50.5745 0.0184499
0.0706807464064 50.3344 0.0183032
0.0712286030159 49.9443 0.0182959
0.0717764583248 49.5342 0.0181693
0.072324312323 49.2539 0.0181693
0.0728721650005 49.0683 0.0181528
0.0734200163473 48.713 0.0180358
0.0739678663534 48.4061 0.018053
0.0745157150088 48.1312 0.0179465
0.0750635623036 47.7873 0.0179274
0.0756114082276 47.538 0.017845
0.076159252771 47.1552 0.0177215
0.0767070959237 46.8835 0.0177067
0.0772549376757 46.7004 0.0175769
0.077802778017 46.3723 0.01758
0.0783506169377 46.1613 0.0174475
0.0788984544277 45.8894 0.0173997
0.079446290477 45.4293 0.0173541
0.0799941250756 45.2628 0.0172605
0.0805419582136 44.9708 0.0172265
0.0810897898809 44.698 0.0171247
0.0816376200676 44.249 0.0170921
0.0821854487636 43.8919 0.0170133
0.082733275959 43.4547 0.0169303
0.0832811016437 43.1842 0.0168893
0.0838289258077 43.2198 0.0167967
0.0843767484411 43.0076 0.0167504
0.0849245695339 42.5709 0.0166165
0.0854723890761 42.1908 0.0165552
0.0860202070576 41.8517 0.0164628
0.0865680234685 41.5188 0.0163797
0.0871158382988 41.2832 0.0163297
0.0876636515384 40.9377 0.016209
0.0882114631775 40.5482 0.0161554
0.0887592732059 40.3121 0.0160704
0.0893070816138 39.9987 0.0159953
0.089854888391 39.8369 0.0159425
0.0904026935277 39.5017 0.0158897
0.0909504970138 39.2496 0.0158617
0.0914982988393 39.0092 0.0157815
0.0920460989943 38.6426 0.0157546
0.0925938974687 38.3632 0.0156944
0.0931416942525 38.0792 0.0156377
0.0936894893358 37.8069 0.0156094
0.0942372827085 37.4337 0.0155438
0.0947850743607 37.0154 0.0155035
0.0953328642824 36.6986 0.015432
0.0958806524635 36.4365 0.0153942
0.0964284388942 36.2483 0.0153654
0.0969762235643 35.9369 0.0152959
0.097524006464 35.6137 0.0152691
0.0980717875831 35.3593 0.0152048
0.0986195669118 35.145 0.0151757
0.09916734444 34.8892 0.0151338
0.0997151201577 34.5027 0.0150591
0.100262894055 34.2446 0.0150484
0.100810666122 33.8879 0.0149748
0.101358436348 33.6044 0.0149738
0.101906204724 33.3651 0.0149304
0.10245397124 33.0973 0.0149001
0.103001735885 32.7495 0.0149037
0.10354949865 32.4377 0.0148447
0.104097259524 32.1512 0.0148344
0.104645018498 31.971 0.0148024
0.105192775562 31.6829 0.0147906
0.105740530705 31.3809 0.0147635
0.106288283918 31.1279 0.0147162
0.106836035191 30.7758 0.0147116
0.107383784513 30.4992 0.0146779
0.107931531875 30.2495 0.0146636
0.108479277267 29.9893 0.0146265
0.109027020678 29.777 0.0146035
0.109574762099 29.4737 0.0145872
0.11012250152 29.1388 0.0145533
0.110670238931 28.7949 0.0145366
0.111217974321 28.5942 0.0144909
0.111765707681 28.3537 0.0144839
0.112313439001 28.2428 0.0144781
0.112861168271 27.9559 0.0144256
0.113408895481 27.578 0.0144137
0.11395662062 27.4267 0.0143787
0.114504343679 27.1911 0.0143753
0.115052064649 26.8853 0.0143298
0.115599783518 26.5936 0.0142983
0.116147500277 26.2648 0.0142955
0.116695214915 25.9884 0.0142435
0.117242927424 25.7479 0.0142426
0.117790637793 25.5709 0.0142015
0.118338346012 25.4084 0.014183
0.11888605207 25.1948 0.0141701
0.119433755959 24.7966 0.014128
0.119981457668 24.5477 0.0141232
0.120529157186 24.4039 0.0140763
0.121076854505 24.1457 0.0140656
0.121624549614 23.8545 0.0140471
0.122172242502 23.508 0.0139992
0.122719933161 23.3359 0.0139945
0.12326762158 23.2736 0.013964
0.12381530775 23.1164 0.0139593
0.124362991659 22.7411 0.0139227
0.124910673298 22.3786 0.0138913
0.125458352658 22.1655 0.0138746
0.126006029728 21.9014 0.0138346
0.126553704498 21.566 0.0138367
0.127101376958 21.3869 0.0137918
0.127649047099 21.1335 0.0137679
0.12819671491 21.01 0.0137604
0.128744380381 20.8734 0.0137284
0.129292043502 20.6227 0.013709
0.129839704264 20.3104 0.0136564
0.130387362656 20.0827 0.0136612
0.130935018669 19.9899 0.0136326
0.131482672292 19.7588 0.0136016
0.132030323515 19.506 0.0135878
0.132577972329 19.3351 0.0135554
0.133125618723 19.1396 0.013559
0.133673262688 18.9254 0.0135197
0.134220904214 18.727 0.0135081
0.13476854329 18.4493 0.013482
0.135316179906 18.2408 0.013445
0.135863814053 18.0848 0.0134477
0.136411445721 17.9469 0.0134056
0.136959074899 17.8088 0.0134001
0.137506701578 17.5964 0.013383
0.138054325748 17.4716 0.0133593
0.138601947398 17.2069 0.0133411
0.139149566519 16.9056 0.0132966
0.139697183101 16.7046 0.0132977
0.140244797133 16.56 0.0132657
0.140792408607 16.2321 0.0132419
0.141340017511 16.0593 0.0132313
0.141887623836 15.8889 0.0131921
0.142435227572 15.7563 0.0131926
0.142982828709 15.5538 0.0131486
0.143530427237 15.4495 0.0131508
0.144078023146 15.1481 0.0131219
0.144625616426 15.0164 0.0130973
0.145173207067 14.9717 0.01309
0.145720795059 14.8295 0.0130541
0.146268380392 14.6184 0.0130481
0.146815963056 14.4394 0.0130328
0.147363543041 14.2805 0.0129996
0.147911120338 14.1319 0.0129909
0.148458694935 13.9278 0.012969
0.149006266824 13.7323 0.0129535
0.149553835994 13.5507 0.012916
0.150101402436 13.3518 0.012907
0.150648966139 13.2181 0.0128922
0.151196527093 13.1345 0.0128651
0.151744085288 13.0536 0.0128696
0.152291640715 12.892 0.0128268
0.152839193364 12.6455 0.0128174
0.153386743224 12.4824 0.0127917
0.153934290285 12.5208 0.0127829
0.154481834538 12.3583 0.0127705
0.155029375972 12.1549 0.0127371
0.155576914579 11.9991 0.0127317
0.156124450346 11.7938 0.0126988
0.156671983266 11.6488 0.0126862
0.157219513327 11.4808 0.0126732
0.15776704052 11.2475 0.0126449
0.158314564835 11.1082 0.0126413
0.158862086261 10.9289 0.0126047
0.15940960479 10.7897 0.0126001
0.15995712041 10.7319 0.0125782
0.160504633112 10.6947 0.0125533
0.161052142887 10.4626 0.0125558
0.161599649723 10.3337 0.0125145
0.162147153611 10.2892 0.0125159
0.162694654541 10.1341 0.012492
0.163242152504 9.88031 0.01247
0.163789647488 9.74113 0.0124573
0.164337139485 9.749 0.0124268
0.164884628484 9.67302 0.0124388
0.165432114476 9.45207 0.0124031
0.165979597449 9.31989 0.0123909
0.166527077395 9.23732 0.0123709
0.167074554304 9.10442 0.0123474
0.167622028164 8.97842 0.0123509
0.168169498968 8.89557 0.0123185
0.168716966703 8.75663 0.0123083
0.169264431362 8.61267 0.0122944
0.169811892933 8.40432 0.0122709
0.170359351406 8.44174 0.0122755
0.170906806773 8.44126 0.0122331
0.171454259022 8.28987 0.0122367
0.172001708143 8.10256 0.0122024
0.172549154128 8.09827 0.0121917
0.173096596965 8.05129 0.0121735
0.173644036645 7.94531 0.012151
0.174191473159 7.85546 0.0121561
0.174738906495 7.61654 0.0121123
0.175286336644 7.56454 0.0121012
0.175833763596 7.43691 0.0120798
0.176381187342 7.41856 0.0120701
0.17692860787 7.29574 0.012066
0.177476025172 7.16589 0.0120278
0.178023439237 7.08376 0.0120228
0.178570850056 6.99206 0.0120052
0.179118257617 6.93227 0.0119903
0.179665661912 6.92417 0.0119781
0.180213062931 6.76015 0.0119456
0.180760460663 6.6174 0.0119468
0.181307855099 6.54126 0.0119207
0.181855246228 6.40492 0.0119098
0.182402634041 6.47527 0.011894
0.182950018527 6.4111 0.0118779
0.183497399678 6.32087 0.0118764
0.184044777482 6.31168 0.0118468
0.184592151929 6.12663 0.011839
0.185139523011 5.97075 0.0118114
0.185686890717 5.93363 0.0118056
0.186234255037 5.94545 0.0118002
0.186781615961 5.94528 0.0117744
0.187328973478 5.81869 0.0117729
0.18787632758 5.63589 0.0117372
0.188423678257 5.65793 0.0117346
0.188971025497 5.64227 0.0117231
0.189518369292 5.41705 0.0116931
0.190065709631 5.31092 0.0116899
0.190613046505 5.29093 0.0116636
0.191160379903 5.30193 0.011667
0.191707709816 5.28603 0.0116432
0.192255036233 5.13732 0.0116245
0.192802359145 5.03411 0.0116189
0.193349678541 4.99193 0.0115922
0.193896994412 4.94648 0.0115993
0.194444306749 4.94074 0.0115743
0.19499161554 4.91408 0.0115621
0.195538920776 4.86067 0.0115595
0.196086222446 4.78148 0.0115285
0.196633520542 4.63723 0.011525
0.197180815053 4.64326 0.0114961
0.19772810597 4.66463 0.0115056
0.198275393281 4.56723 0.0114897
0.198822676978 4.58409 0.0114618
0.19936995705 4.48885 0.0114714
0.199917233487 4.39125 0.0115386
0.20046450628 4.34585 0.0117734
0.201011775419 4.18091 0.0118798
0.201559040893 4.11586 0.0119806
0.202106302693 4.0626 0.0120772
0.202653560808 4.05696 0.012132
0.203200815229 4.10404 0.0122104
0.203748065946 4.04619 0.0122613
0.204295312949 3.9988 0.0123271
0.204842556228 3.94716 0.0123837
0.205389795773 3.95876 0.0124161
0.205937031575 3.98664 0.0124845
0.206484263622 4.00601 0.0125223
0.207031491905 3.8993 0.0126008
0.207578716415 3.76995 0.0126487
0.208125937141 3.65397 0.0126527
0.208673154074 3.64351 0.0126899
0.209220367203 3.62908 0.0126833
0.209767576519 3.63313 0.0127149
0.210314782011 3.74835 0.012705
0.21086198367 3.62524 0.0128643
0.211409181486 3.60198 0.0132185
0.211956375448 3.67181 0.0134233
0.212503565548 3.53328 0.0136145
0.213050751774 3.37024 0.0137443
0.213597934118 3.37661 0.0139147
0.214145112568 3.41697 0.014038
0.214692287116 3.45789 0.0141593
0.215239457751 3.40684 0.0142991
0.215786624464 3.28639 0.0143902
0.216333787244 3.17768 0.0145389
0.216880946081 3.0649 0.0146218
0.217428100966 3.14538 0.0147531
0.217975251889 3.22808 0.014894
0.218522398839 3.18726 0.0149556
0.219069541807 3.08429 0.0151097
0.219616680783 2.91796 0.0151416
0.220163815757 2.95398 0.0152531
0.220710946719 2.96194 0.0150687
0.221258073659 2.87387 0.014569
0.221805196567 2.75335 0.0143227
0.222352315433 2.79625 0.0140952
0.222899430248 2.82253 0.0139758
0.223446541001 2.91627 0.0138304
0.223993647683 2.97937 0.0137189
0.224540750283 2.94914 0.0136274
0.225087848791 2.79812 0.0134971
0.225634943199 2.67573 0.0134354
0.226182033495 2.70618 0.0133264
0.22672911967 2.88317 0.0132628
0.227276201714 2.86439 0.0131978
0.227823279617 2.78145 0.0131067
0.22837035337 2.7785 0.0130637
0.228917422961 2.80153 0.0129721
0.229464488382 2.64379 0.0129522
0.230011549622 2.60549 0.0129225
0.230558606671 2.59369 0.0128864
0.23110565952 2.48965 0.0128694
0.231652708159 2.48635 0.0127991
0.232199752577 2.51006 0.0127737
0.232746792766 2.48903 0.012709
0.233293828714 2.52746 0.012665
0.233840860412 2.5023 0.0126243
0.23438788785 2.43196 0.0125519
0.234934911018 2.37174 0.0125234
0.235481929906 2.40389 0.0124605
0.236028944505 2.41154 0.0124307
0.236575954804 2.31992 0.0123809
0.237122960794 2.28563 0.0123282
0.237669962464 2.33572 0.0123073
0.238216959805 2.37077 0.0122492
0.238763952807 2.37329 0.0122274
0.239310941459 2.24067 0.0121755
0.239857925752 2.22106 0.0121358
0.240404905677 2.28283 0.0121066
0.240951881222 2.24942 0.0120577
0.241498852379 2.17414 0.0120383
0.242045819137 2.23013 0.0119843
0.242592781487 2.24702 0.0119605
0.243139739418 2.24323 0.0119228
0.243686692921 2.31136 0.0118803
0.244233641985 2.16683 0.0118686
0.244780586601 2.11293 0.011807
0.245327526759 2.09574 0.0117948
0.245874462449 2.11697 0.0117521
0.246421393661 2.07646 0.0117174
0.246968320385 2.09122 0.0116993
0.247515242611 2.12682 0.0116505
0.24806216033 2.2225 0.0116469
0.248609073531 2.15407 0.0115988
0.249155982205 2.13111 0.0115783
0.249702886342 2.17902 0.0115542
0.250249785931 2.10216 0.0115078
0.250796680963 1.97198 0.0114939
0.251343571428 1.93091 0.0114477
0.251890457316 2.01989 0.0114371
0.252437338618 2.04987 0.0114079
0.252984215322 2.05812 0.0113714
0.25353108742 2.04929 0.0113617
0.254077954902 1.95801 0.0113171
0.254624817757 1.95009 0.0113067
0.255171675976 1.87985 0.0112625
0.255718529548 1.82688 0.0112442
0.256265378464 1.87144 0.0112262
0.256812222715 1.95014 0.0111868
0.257359062289 1.91846 0.0111786
0.257905897178 1.87245 0.0111413
0.258452727371 1.87603 0.0111331
0.258999552859 1.83431 0.011104
0.259546373631 1.87251 0.0110757
0.260093189677 1.83137 0.0110708
0.260640000989 1.86689 0.0110335
0.261186807555 1.82341 0.0110222
0.261733609366 1.85906 0.0109926
0.262280406413 1.81646 0.0109674
0.262827198684 1.73203 0.0109591
0.263373986171 1.71914 0.0109207
0.263920768863 1.73937 0.0109103
0.264467546751 1.73247 0.0108765
0.265014319825 1.73003 0.0108655
0.265561088074 1.78453 0.0108504
0.266107851489 1.70369 0.010813
0.26665461006 1.65388 0.0108096
0.267201363777 1.64688 0.010771
0.267748112631 1.63005 0.0107658
0.26829485661 1.67131 0.0107426
0.268841595707 1.64705 0.0107135
0.269388329909 1.63819 0.0107092
0.269935059209 1.6185 0.0106761
0.270481783595 1.5617 0.0106665
0.271028503058 1.60185 0.0106455
0.271575217589 1.67952 0.0106275
0.272121927176 1.60606 0.010621
0.272668631811 1.63674 0.0105839
0.273215331483 1.59792 0.0105796
0.273762026183 1.66767 0.0105479
0.2743087159 1.71562 0.0105411
0.274855400625 1.66476 0.0105224
0.275402080348 1.6902 0.0104983
0.275948755059 1.63001 0.0104901
0.276495424748 1.63735 0.0104594
0.277042089406 1.53814 0.0104506
0.277588749021 1.52138 0.010423
0.278135403586 1.50059 0.0104074
0.278682053089 1.47713 0.010393
0.27922869752 1.50824 0.0103746
0.279775336871 1.51698 0.010363
0.280321971131 1.5081 0.0103326
0.28086860029 1.46979 0.0103196
0.281415224338 1.48549 0.0103104
0.281961843265 1.49098 0.0102899
0.282508457062 1.47504 0.0102733
0.283055065719 1.47456 0.010249
0.283601669226 1.50033 0.0102377
0.284148267572 1.49499 0.0102235
0.284694860749 1.52037 0.0102069
0.285241448746 1.51103 0.0101919
0.285788031553 1.50678 0.0101753
0.28633460916 1.46283 0.0101591
0.286881181558 1.43644 0.0101408
0.287427748737 1.423 0.0101189
0.287974310687 1.44011 0.0101115
0.288520867398 1.44077 0.0100959
0.28906741886 1.43504 0.0100773
0.289613965063 1.40847 0.0100599
0.290160505998 1.40031 0.0100407
0.290707041654 1.33179 0.0100272
0.291253572022 1.30696 0.0100023
0.291800097091 1.40957 0.00997854
0.292346616853 1.38373 0.00995702
0.292893131297 1.38205 0.00994018
0.293439640413 1.35305 0.00991799
0.293986144191 1.3231 0.00988798
0.294532642622 1.25904 0.00986722
0.295079135696 1.21373 0.0098457
0.295625623403 1.31895 0.00982954
0.296172105732 1.35935 0.00981376
0.296718582675 1.32365 0.00978117
0.29726505422 1.23144 0.00976895
0.29781152036 1.19836 0.00974765
0.298357981082 1.28129 0.00974989
0.298904436379 1.28653 0.0097426
0.299450886239 1.26464 0.00973461
0.299997330653 1.29288 0.00973396
0.300543769612 1.2686 0.00972076
0.301090203104 1.27874 0.00971451
0.301636631122 1.30219 0.00971074
0.302183053653 1.25222 0.00970443
0.30272947069 1.20839 0.00969755
0.303275882221 1.14904 0.00968853
0.303822288237 1.15145 0.00967828
0.304368688729 1.21391 0.00968163
0.304915083686 1.20023 0.00967415
0.305461473098 1.14769 0.00967062
0.306007856956 1.13004 0.00965817
0.30655423525 1.05336 0.00965295
0.30710060797 1.1122 0.00965268
0.307646975106 1.1887 0.00964372
0.308193336648 1.11851 0.0096364
0.308739692586 1.09137 0.00962841
0.309286042912 1.0886 0.0096281
0.309832387613 1.15399 0.0096212
0.310378726682 1.10239 0.00961632
0.310925060108 1.11275 0.00960543
0.311471387881 1.1628 0.00960769
0.312017709992 1.13808 0.00959977
0.31256402643 1.00631 0.00958234
0.313110337185 0.973092 0.00958287
0.313656642249 1.04704 0.00957206
0.31420294161 1.10612 0.00957809
0.31474923526 1.09096 0.00956761
0.315295523188 1.04639 0.00956005
0.315841805385 1.07702 0.00956215
0.31638808184 1.03215 0.00954591
0.316934352544 0.961956 0.00954814
0.317480617487 0.980051 0.00953213
0.318026876659 0.976948 0.00953035
0.318573130051 1.00008 0.00952684
0.319119377652 0.99991 0.0095122
0.319665619453 0.942541 0.00951866
0.320211855444 0.970024 0.00949929
0.320758085614 1.01318 0.00950855
0.321304309955 0.963461 0.00949489
0.321850528457 0.905338 0.00947864
0.322396741108 0.881224 0.00948328
0.322942947901 0.91784 0.00946906
0.323489148824 1.01247 0.00947737
0.324035343868 0.931173 0.0094618
0.324581533024 0.905607 0.00945551
0.325127716281 0.981246 0.0094624
0.32567389363 0.903355 0.00944386
0.32622006506 0.875999 0.00944767
0.326766230562 0.910396 0.00942922
0.327312390127 1.00102 0.00943564
0.327858543743 0.955592 0.00943078
0.328404691402 0.946005 0.0094182
0.328950833094 0.96279 0.00942282
0.329496968809 0.988682 0.00940341
0.330043098536 1.01926 0.00941465
0.330589222267 0.974283 0.00939936
0.331135339991 0.877406 0.00938778
0.331681451699 0.86778 0.00943117
0.33222755738 0.95225 0.00960078
0.332773657025 0.91087 0.00971637
0.333319750624 0.860978 0.00978378
0.333865838168 0.830115 0.0098514
0.334411919646 0.801817 0.0099175
0.334957995049 0.820455 0.00996241
0.335504064366 0.863391 0.0100245
0.336050127589 0.809764 0.0100558
0.336596184707 0.738907 0.0101064
0.33714223571 0.681543 0.0101229
0.337688280589 0.736572 0.0101309
0.338234319333 0.930086 0.010164
0.338780351934 0.936611 0.0101634
0.33932637838 0.820888 0.0101911
0.339872398663 0.756304 0.0101926
0.340418412773 0.768855 0.0102053
0.340964420699 0.77831 0.0102243
0.341510422432 0.744231 0.0102259
0.342056417962 0.763504 0.0102504
0.34260240728 0.736291 0.0102421
0.343148390375 0.708719 0.0102617
0.343694367238 0.786191 0.0102768
0.344240337859 0.845555 0.0102827
0.344786302227 0.850955 0.0103064
0.345332260334 0.854123 0.0102998
0.34587821217 0.849982 0.0103258
0.346424157724 0.818977 0.0103269
0.346970096987 0.762034 0.0103304
0.34751602995 0.758899 0.0103463
0.348061956601 0.765534 0.0103392
0.348607876932 0.763371 0.0103655
0.349153790933 0.704714 0.0103569
0.349699698594 0.651377 0.010371
0.350245599904 0.637573 0.010381
0.350791494855 0.563372 0.0103799
0.351337383437 0.574414 0.0104039
0.351883265639 0.64983 0.0103934
0.352429141453 0.675567 0.0104142
0.352975010867 0.647415 0.0104231
0.353520873873 0.672831 0.0104223
0.35406673046 0.678129 0.0104386
0.354612580619 0.716908 0.0104292
0.35515842434 0.671494 0.0104558
0.355704261613 0.671286 0.0104528
0.356250092429 0.680368 0.010459
0.356795916777 0.686749 0.01047
0.357341734648 0.710194 0.0104621
0.357887546032 0.712075 0.010491
0.358433350919 0.704666 0.0104733
0.3589791493 0.657956 0.0104924
0.359524941164 0.622757 0.0104936
0.360070726502 0.70806 0.0104999
0.360616505304 0.740724 0.0105198
0.361162277561 0.706222 0.0104985
0.361708043262 0.654111 0.01052
0.362253802398 0.69066 0.0105252
0.362799554959 0.691166 0.0105301
0.363345300935 0.629432 0.010537
0.363891040317 0.575136 0.0105271
0.364436773094 0.595048 0.0105536
0.364982499257 0.639762 0.0105484
0.365528218796 0.605917 0.0105602
0.366073931702 0.686188 0.0105668
0.366619637964 0.767051 0.0105639
0.367165337572 0.724119 0.0105841
0.367711030518 0.71246 0.0105659
0.368256716791 0.700991 0.0105859
0.368802396381 0.717462 0.0105859
0.369348069279 0.69325 0.0105946
0.369893735475 0.667357 0.0106043
0.370439394959 0.65775 0.0105892
0.370985047721 0.60855 0.0106126
0.371530693752 0.613059 0.0106065
0.372076333042 0.658591 0.0106166
0.372621965581 0.728798 0.0106199
0.373167591359 0.717459 0.0106159
0.373713210366 0.606754 0.0106394
0.374258822594 0.525543 0.0106201
0.374804428031 0.568652 0.0106378
0.375350026668 0.639367 0.0106407
0.375895618496 0.730857 0.0106471
0.376441203505 0.732436 0.0106711
0.376986781684 0.784527 0.0106472
0.377532353025 0.740473 0.0106689
0.378077917517 0.749264 0.0106637
0.378623475151 0.616895 0.0106652
0.379169025916 0.661388 0.0106781
0.379714569804 0.758517 0.0106658
0.380260106804 0.698852 0.0106943
0.380805636906 0.597901 0.0106777
0.381351160102 0.531165 0.0106903
0.38189667638 0.554005 0.0106931
0.382442185732 0.530083 0.0106859
0.382987688148 0.50193 0.0107129
0.383533183617 0.532477 0.0106955
0.38407867213 0.59026 0.010709
0.384624153678 0.636286 0.0107063
0.38516962825 0.682903 0.0107103
0.385715095837 0.596485 0.0107253
0.386260556429 0.597876 0.0107102
0.386806010017 0.639117 0.0107344
0.387351456589 0.585156 0.0107253
0.387896896138 0.60188 0.0107348
0.388442328653 0.755588 0.0107448
0.388987754124 0.804424 0.0107358
0.389533172542 0.777907 0.0107581
0.390078583896 0.710358 0.0107439
0.390623988178 0.665362 0.0107571
0.391169385377 0.635603 0.0107533
0.391714775483 0.584372 0.0107521
0.392260158488 0.5647 0.0107698
0.39280553438 0.670845 0.0107564
0.393350903151 0.610093 0.0107617
0.393896264791 0.603323 0.010746
0.394441619289 0.628296 0.0107437
0.394986966636 0.596552 0.0107408
0.395532306823 0.633435 0.0107179
0.39607763984 0.65621 0.0107261
0.396622965677 0.642607 0.0107026
0.397168284323 0.747129 0.0107086
0.39771359577 0.71254 0.0106955
0.398258900008 0.600082 0.01068
0.398804197027 0.616495 0.0106969
0.399349486817 0.684984 0.0106829
0.399894769369 0.679102 0.0107026
0.400440044673 0.664585 0.0106913
0.400985312718 0.650828 0.0106999
0.401530573496 0.618997 0.0107109
0.402075826997 0.608179 0.0106904
0.40262107321 0.688721 0.0107139
0.403166312127 0.689407 0.0107027
0.403711543737 0.65583 0.0107169
0.40425676803 0.711512 0.0107213
0.404801984998 0.611909 0.0107005
0.40534719463 0.591656 0.0107289
0.405892396917 0.681618 0.0107139
0.406437591848 0.748525 0.0107367
0.406982779414 0.682779 0.0107272
0.407527959606 0.63613 0.0107207
0.408073132413 0.665653 0.0107414
0.408618297826 0.616959 0.0107205
0.409163455836 0.554387 0.0107373
0.409708606432 0.616236 0.0107285
0.410253749605 0.639223 0.0107377
0.410798885344 0.57613 0.0107456
0.411344013641 0.692518 0.0107366
0.411889134486 0.67303 0.010754
0.412434247869 0.642713 0.0107385
0.412979353779 0.608529 0.0107544
0.413524452209 0.657905 0.0107552
0.414069543147 0.577002 0.0107416
0.414614626584 0.771903 0.0107719
0.41515970251 0.942132 0.0107609
0.415704770916 0.60047 0.0107645
0.416249831792 0.54474 0.0107526
0.416794885128 0.637209 0.0107586
0.417339930915 0.713353 0.0107781
0.417884969142 0.653162 0.0107619
0.418429999801 0.683556 0.0107827
0.418975022881 0.669093 0.0107592
0.419520038372 0.708116 0.0107734
0.420065046266 0.648931 0.0107765
0.420610046552 0.73559 0.0107734
0.42115503922 0.624969 0.0107827
0.421700024262 0.625657 0.0107638
0.422245001666 0.699519 0.0107868
0.422789971424 0.711989 0.010782
0.423334933526 0.71911 0.010781
0.423879887961 0.705333 0.0107967
0.424424834721 0.713328 0.0107811
0.424969773796 0.60158 0.0107956
0.425514705176 0.607204 0.0107786
0.426059628851 0.576436 0.0107888
0.426604544812 0.584688 0.0108016
0.427149453048 0.669441 0.0107926
0.427694353551 0.611186 0.0108042
0.42823924631 0.596235 0.0107791
0.428784131316 0.695494 0.0108101
0.42932900856 0.683522 0.0108035
0.42987387803 0.702135 0.0107981
0.430418739719 0.733918 0.010811
0.430963593615 0.767369 0.0107945
0.43150843971 0.72357 0.0108193
0.432053277994 0.690946 0.0108072
0.432598108456 0.715918 0.010809
0.433142931088 0.664093 0.0108158
0.43368774588 0.729229 0.0108014
0.434232552821 0.710042 0.010829
0.434777351903 0.640855 0.0108029
0.435322143115 0.630623 0.0108158
0.435866926448 0.636269 0.0108231
0.436411701893 0.649159 0.0108113
0.436956469439 0.660346 0.0108255
0.437501229077 0.674047 0.010806
0.438045980797 0.739489 0.01083
0.438590724589 0.739892 0.0108276
0.439135460445 0.753272 0.0108198
0.439680188353 0.754735 0.0108316
0.440224908305 0.659798 0.0108134
0.440769620291 0.664446 0.0108371
0.441314324301 0.667994 0.0108228
0.441859020326 0.719325 0.0108275
0.442403708355 0.688769 0.0108351
0.44294838838 0.761601 0.0108294
0.44349306039 0.790441 0.0108501
0.444037724375 0.783625 0.01083
0.444582380327 0.869745 0.010845
0.445127028236 0.896212 0.0108443
0.445671668091 0.768104 0.0108379
0.446216299883 0.727844 0.0108487
0.446760923603 0.773359 0.0108276
0.44730553924 0.737663 0.0108513
0.447850146786 0.703851 0.010841
0.44839474623 0.686322 0.0108449
0.448939337563 0.684397 0.0108436
0.449483920775 0.767847 0.0108412
0.450028495857 0.797221 0.0108643
0.450573062798 0.735095 0.0108391
0.45111762159 0.690498 0.0108476
0.451662172222 0.661964 0.010847
0.452206714685 0.630819 0.0108436
0.452751248969 0.679933 0.0108733
0.453295775065 0.770812 0.0108619
0.453840292963 0.678281 0.0108701
0.454384802653 0.664601 0.0108557
0.454929304125 0.742619 0.0108565
0.455473797371 0.739897 0.0108701
0.45601828238 0.681497 0.0108417
0.456562759142 0.661884 0.010872
0.457107227649 0.601893 0.010845
0.45765168789 0.708283 0.0108649
0.458196139855 0.730891 0.0108615
0.458740583536 0.622188 0.0108487
0.459285018922 0.591269 0.0108731
0.459829446004 0.648995 0.0108492
0.460373864772 0.631174 0.0108754
0.460918275216 0.742544 0.0108638
0.461462677327 0.746313 0.0108638
0.462007071096 0.774661 0.0108789
0.462551456512 0.753885 0.0108581
0.463095833566 0.716014 0.010882
0.463640202248 0.627897 0.0108617
0.464184562549 0.618217 0.0108719
0.464728914459 0.661649 0.0108761
0.465273257969 0.659549 0.0108633
0.465817593068 0.757479 0.0108821
0.466361919747 0.761928 0.0108663
0.466906237997 0.693303 0.0108762
0.467450547807 0.65035 0.0108688
0.467994849169 0.619925 0.0108692
0.468539142073 0.670408 0.0108847
0.469083426508 0.644523 0.0108746
0.469627702466 0.701688 0.0108831
0.470171969936 0.707147 0.0108853
0.470716228909 0.651358 0.0108814
0.471260479376 0.636991 0.0108911
0.471804721327 0.596788 0.0108809
0.472348954752 0.521563 0.0108838
0.472893179641 0.614056 0.0108877
0.473437395986 0.770342 0.0108936
0.473981603776 0.816303 0.0108954
0.474525803001 0.778991 0.0108856
0.475069993653 0.657289 0.0108906
0.475614175721 0.691165 0.0108955
0.476158349196 0.664715 0.0108918
0.476702514068 0.733788 0.0108954
0.477246670328 0.731819 0.0108957
0.477790817966 0.692197 0.0108992
0.478334956972 0.725387 0.0108996
0.478879087337 0.748567 0.0108967
0.479423209051 0.689619 0.0109012
0.479967322105 0.673037 0.0109002
0.480511426489 0.722807 0.0109015
0.481055522193 0.715044 0.0109021
0.481599609207 0.659259 0.0108941
0.482143687523 0.664165 0.0109015
0.482687757131 0.706269 0.0109062
0.48323181802 0.768623 0.0109046
0.483775870181 0.738399 0.010904
0.484319913606 0.751926 0.0110491
0.484863948283 0.759514 0.0114065
0.485407974204 0.68136 0.0116222
0.485951991359 0.613128 0.0117845
0.486495999738 0.65697 0.0119465
0.487039999332 0.750095 0.0120973
0.48758399013 0.798038 0.0122274
0.488127972125 0.760974 0.0123425
0.488671945305 0.712191 0.0124051
0.489215909661 0.704982 0.0124731
0.489759865185 0.679915 0.0125892
0.490303811865 0.764308 0.012693
0.490847749693 0.834024 0.0128075
0.491391678658 0.782978 0.0129151
0.491935598752 0.754047 0.0130154
0.492479509965 0.748715 0.0131239
0.493023412287 0.722414 0.0132249
0.493567305709 0.697648 0.013325
0.49411119022 0.788869 0.0134389
0.494655065812 0.855021 0.013548
0.495198932475 0.74869 0.0136398
0.495742790199 0.800606 0.0137433
0.496286638974 0.704207 0.0138504
0.496830478792 0.718235 0.0139537
0.497374309642 0.880976 0.014058
0.497918131514 0.887384 0.0141699
0.498461944401 0.777795 0.0142612
0.49900574829 0.738997 0.0143701
0.499549543174 0.646407 0.0144615
0.500093329043 0.769262 0.0145749
0.500637105886 0.806399 0.0146963
0.501180873695 0.682243 0.014792
0.50172463246 0.578368 0.0148898
0.502268382171 0.568916 0.0150007
0.502812122819 0.621706 0.0151156
0.503355854394 0.539593 0.0152271
0.503899576886 0.548905 0.0153345
0.504443290286 0.634654 0.0154563
0.504986994585 0.737648 0.0155798
0.505530689773 0.714589 0.0156976
0.50607437584 0.674721 0.0158196
0.506618052776 0.706975 0.0159108
0.507161720573 0.760668 0.0160563
0.50770537922 0.835516 0.0161895
0.508249028708 0.875896 0.0163071
0.508792669028 0.847164 0.0164294
0.509336300169 0.7852 0.0165489
0.509879922123 0.76289 0.016693
0.51042353488 0.707655 0.0168255
0.510967138429 0.702093 0.016942
0.511510732763 0.630409 0.0170748
0.51205431787 0.640939 0.0172125
0.512597893742 0.603471 0.017356
0.513141460369 0.592709 0.0174896
0.513685017741 0.554666 0.0176054
0.51422856585 0.634237 0.0177861
0.514772104684 0.574811 0.0179309
0.515315634235 0.639699 0.0180865
0.515859154494 0.551991 0.0182277
0.51640266545 0.633152 0.0183873
0.516946167094 0.65445 0.0185544
0.517489659417 0.665754 0.0187185
0.518033142409 0.66842 0.0188724
0.51857661606 0.778924 0.0190706
0.519120080361 0.664727 0.0192316
0.519663535302 0.534349 0.0194226
0.520206980875 0.66773 0.0195873
0.520750417068 0.617842 0.0197591
0.521293843874 0.601449 0.0199874
0.521837261281 0.677269 0.0201718
0.522380669281 0.640705 0.0203746
0.522924067865 0.628101 0.0205684
0.523467457022 0.550589 0.02078
0.524010836743 0.545944 0.0209325
0.524554207018 0.609997 0.0210388
0.525097567839 0.690573 0.0211408
0.525640919194 0.657995 0.0212646
0.526184261076 0.855574 0.0213799
0.526727593474 0.978582 0.0215267
0.52727091638 0.829141 0.0215967
0.527814229782 0.722359 0.0217361
0.528357533672 0.78344 0.0218526
0.528900828041 0.711402 0.0219646
0.529444112878 0.622001 0.0220668
