1 1 -1.00 -679.52  194.099748 84.631125 -88.239866 3.782168 1.322242 2.824405
5 13 -1.00 -575.78  10.182813 -97.237076 183.228493 0.457193 0.955882 0.053631
7 20 -1.00 -565.80  226.965102 141.676423 -42.140675 3.703844 1.601764 2.587158
8 22 -1.00 -562.95  205.417609 98.422368 -82.678964 3.761588 1.394945 2.795350
11 30 -1.00 -546.24  215.657434 78.331417 -88.729671 3.702538 1.376235 2.887898
12 31 -1.00 -545.81  174.295386 91.858829 -88.850126 3.858792 1.279560 2.747981
18 49 -1.00 -516.01  168.453049 62.555470 -95.139824 4.058730 1.228785 2.861714
42 125 -1.00 -482.82  28.136733 -136.337667 103.955503 0.958358 0.580039 5.989662
49 141 -1.00 -477.88  -10.513505 -75.672572 160.738069 0.452939 0.850603 6.184989
50 146 -1.00 -477.11  7.548446 -5.643075 -7.170913 4.982071 0.719164 1.806078
57 173 -1.00 -470.58  200.457479 150.618738 -39.772203 3.729041 1.507103 2.465793
62 188 -1.00 -468.32  226.139837 124.304046 -58.004070 3.708519 1.546305 2.689905
65 198 -1.00 -466.41  13.491490 -71.842895 213.047725 0.435346 1.120111 6.234156
70 205 -1.00 -465.31  13.641297 -82.013620 204.092252 0.640414 1.089597 6.065873
85 254 -1.00 -453.13  176.010622 71.943090 -91.924466 4.100487 1.302798 2.878286
90 263 -1.00 -451.02  7.022524 -109.104870 155.056534 0.509216 0.815784 0.039450
92 268 -1.00 -450.69  223.715866 88.263508 -82.940515 3.746754 1.442550 2.894595
95 279 -1.00 -449.35  26.666413 -116.386435 187.824028 0.627312 1.001161 0.033189
96 288 -1.00 -447.96  183.971400 104.822582 -82.417390 3.850314 1.351265 2.730935
106 312 -1.00 -443.66  -6.842700 -80.123368 158.791344 0.444357 0.834944 6.208077
107 313 -1.00 -443.56  236.755746 129.996745 -48.021996 3.627189 1.577905 2.623854
131 376 -1.00 -433.81  176.972302 95.133618 -84.472624 3.841333 1.288831 2.729192
139 390 -1.00 -432.18  -13.350687 -72.525195 153.896901 0.446204 0.813489 6.165447
140 391 -1.00 -432.00  17.358515 -12.486141 -18.895849 4.938880 0.697504 1.917484
147 408 -1.00 -429.97  5.026949 -81.390949 191.207197 0.370512 0.994290 0.048724
154 419 -1.00 -428.88  18.538948 -102.796953 192.732892 0.581789 1.005618 6.255108
157 428 -1.00 -428.28  -2.590546 -68.201664 190.197423 0.418282 0.994759 6.196403
164 447 -1.00 -426.43  93.362227 68.158686 -74.295603 4.161743 1.012788 2.484749
173 466 -1.00 -423.43  19.495753 -58.805894 226.281590 0.312282 1.214387 0.005273
179 476 -1.00 -422.31  184.894984 55.759713 -102.431994 3.695221 1.187200 2.899589
185 488 -1.00 -420.91  195.147258 66.855261 -96.706673 3.727436 1.260304 2.895986
187 490 -1.00 -420.81  38.402295 72.449259 247.331868 0.580361 1.976857 5.340698
188 491 -1.00 -420.53  -0.365023 -24.577913 7.758422 5.167829 0.629197 1.617077
199 513 -1.00 -418.32  -5.150045 -92.201914 146.927565 0.523534 0.779065 6.187605
200 516 -1.00 -418.18  27.301227 -122.685440 179.650942 0.576130 0.959955 0.117095
201 518 -1.00 -417.86  237.915523 143.166146 -36.300001 3.649130 1.634971 2.575948
214 545 -1.00 -415.30  188.528205 149.589902 -42.615264 3.789959 1.484186 2.463839
215 548 -1.00 -415.04  204.175609 128.655932 -61.711975 3.720979 1.455407 2.609459
216 550 -1.00 -414.79  225.623026 121.529636 -58.649477 3.613743 1.486773 2.629431
227 564 -1.00 -413.12  23.812205 -84.646306 218.846045 0.644907 1.168485 6.112132
235 578 -1.00 -411.81  195.118879 111.811560 -74.005410 3.774465 1.392121 2.687665
255 617 -1.00 -408.97  195.594155 112.905786 -74.379083 3.870808 1.439442 2.750120
271 645 -1.00 -406.62  52.115738 -97.717610 239.212032 0.681931 1.298007 6.264723
290 672 -1.00 -404.32  49.320143 -142.502565 179.656517 0.789226 0.967059 0.072809
304 692 -1.00 -402.53  218.143732 107.832397 -74.794250 3.778330 1.484230 2.803543
316 711 -1.00 -401.42  11.450320 -55.005591 218.941962 0.275403 1.163088 0.003122
321 721 -1.00 -400.40  66.366333 -158.155613 65.462316 1.693084 0.546094 5.438065
337 743 -1.00 -398.86  168.908469 44.990989 -105.397354 3.680969 1.094763 2.902061
338 744 -1.00 -398.85  147.841948 48.402468 -97.469960 4.084628 1.122542 2.822330
349 763 -1.00 -397.74  208.289401 69.826370 -92.818394 3.851385 1.351212 2.958026
351 765 -1.00 -397.60  4.816393 -108.905800 144.701817 0.607612 0.767792 6.203940
353 771 -1.00 -396.70  259.144456 134.361202 -36.682852 3.624398 1.713305 2.671058
354 772 -1.00 -396.70  166.210143 86.184917 -89.302444 3.753781 1.194347 2.712220
363 784 -1.00 -395.68  15.834404 11.991922 -18.933526 4.839990 0.761327 1.923881
374 803 -1.00 -394.39  -5.421066 -87.795184 161.015698 0.432131 0.852782 0.006074
376 805 -1.00 -394.24  34.129408 22.721517 260.010612 0.792457 1.858552 5.521988
380 810 -1.00 -393.70  220.175010 142.293559 -44.742615 3.785211 1.614760 2.626004
383 813 -1.00 -393.62  3.535461 -86.496991 181.136449 0.484900 0.946699 6.221665
396 845 -1.00 -391.55  39.964298 -140.120549 174.733210 0.662507 0.936354 0.151574
401 851 -1.00 -390.91  85.896269 66.284009 -71.721653 4.120379 0.947440 2.445764
409 860 -1.00 -390.43  4.671922 -91.681970 180.396042 0.334005 0.947838 0.146030
413 867 -1.00 -389.71  25.508708 -114.341920 188.371460 0.615206 1.001237 0.028287
424 885 -1.00 -388.86  171.357541 95.672037 -87.539356 3.829170 1.262602 2.715899
427 888 -1.00 -388.75  204.222300 140.207896 -49.106419 3.727725 1.496608 2.541580
429 890 -1.00 -388.64  174.013879 88.378271 -85.733057 4.034845 1.345458 2.789347
437 902 -1.00 -387.57  -11.479398 -66.197344 168.364470 0.482870 0.897837 6.098725
439 905 -1.00 -387.48  49.099914 -134.791886 193.590016 0.820926 1.037773 0.003950
440 907 -1.00 -387.46  61.544782 -142.993458 30.781394 1.956848 0.503443 5.028226
452 930 -1.00 -385.77  98.382293 170.631692 17.450560 4.003209 1.117256 1.806681
467 954 -1.00 -384.69  184.872317 80.677271 -92.004980 3.745746 1.249070 2.788735
474 972 -1.00 -383.65  38.072713 61.476099 -40.280547 4.415344 0.877138 2.127138
479 980 -1.00 -383.16  14.048100 -113.558567 173.408519 0.539833 0.909686 0.050447
481 982 -1.00 -383.02  13.950134 -73.699472 212.462262 0.435346 1.120111 6.234156
482 983 -1.00 -382.98  15.490496 -100.962823 191.052316 0.564136 0.991700 6.254428
499 1006 -1.00 -381.56  47.655827 53.749657 262.746845 0.717901 2.026583 5.450532
513 1031 -1.00 -379.98  62.540263 -79.685666 258.640870 0.668793 1.436063 6.233560
519 1038 -1.00 -379.59  184.327839 55.824295 -100.515180 3.695221 1.187200 2.899589
522 1045 -1.00 -379.26  -3.536433 -85.581282 163.190384 0.570236 0.869320 6.105818
540 1079 -1.00 -377.59  14.971650 -84.250690 203.178438 0.420274 1.069905 0.037355
541 1080 -1.00 -377.59  -1.525831 -91.588638 164.741074 0.440895 0.866864 0.019143
558 1103 -1.00 -376.57  197.772747 144.269619 -47.409208 3.800139 1.525824 2.548704
561 1106 -1.00 -376.42  17.396182 -13.532560 -20.441041 4.913749 0.658674 1.918330
579 1145 -1.00 -374.32  22.477479 -113.245822 182.757478 0.607374 0.974063 0.023992
588 1160 -1.00 -373.13  53.885053 -109.143975 231.016491 0.750965 1.245886 6.258003
608 1188 -1.00 -371.52  8.657526 -95.592334 184.672530 0.619478 0.981850 6.163222
609 1189 -1.00 -371.47  16.298150 -72.220395 216.722372 0.660687 1.175256 6.010236
620 1206 -1.00 -370.26  5.358634 -107.257823 148.638069 0.486424 0.784002 0.051240
621 1207 -1.00 -370.24  10.955385 -56.842218 217.206011 0.362608 1.149193 6.208296
623 1212 -1.00 -369.95  235.756752 150.242434 -31.106436 3.655822 1.656247 2.537229
626 1218 -1.00 -369.75  15.397612 -111.635451 172.846762 0.536434 0.905084 0.056894
653 1258 -1.00 -367.81  -12.941932 -66.399506 165.658610 0.503357 0.882863 6.070435
658 1266 -1.00 -367.49  148.015875 72.378923 -95.429154 3.818361 1.102465 2.726229
669 1281 -1.00 -366.54  -6.283079 -75.491500 172.792790 0.360583 0.911949 0.014147
678 1297 -1.00 -365.52  5.052593 -82.692649 186.179372 0.383092 0.979664 0.034617
683 1309 -1.00 -365.12  11.946272 1.384890 -13.835214 4.952358 0.798140 1.889402
