0.602074189747|0.214736316259|0.220655188538|-0.73668600658|0.880370036857|-21.6442759847|17.6915568802
0.611097832015|0.229344636481|0.259709762511|-0.711696084491|2.25282660834|-22.945363234|15.8503322773
0.547231813448|0.207638564747|0.202559751192|-0.785107072938|0.950065446838|-23.1893004042|18.9606795015
0.558012859812|0.220223446131|0.243142580334|-0.762236818638|2.42116347335|-24.5831580844|16.9871134083
0.567157425347|0.218594752127|0.147673734001|-0.780218724143|-0.580310297872|-21.585294274|20.7661041599
0.56287212078|0.22382769509|0.360271149884|-0.709422890186|3.7976792715|-25.7530764462|14.8839571211
0.508761340476|0.232342164956|0.273805852821|-0.782438094536|0.939828269882|-25.8910209639|15.093931157
0.702805048091|0.159804258234|0.283615575381|-0.632526575591|8.51699043773|-25.3323629817|17.5730024895
0.683330375408|0.23125929544|0.220394965759|-0.656509554679|2.40821970742|-24.5892593132|16.9828470103
0.581207571676|0.234972117325|0.244001541561|-0.739898040559|0.934178370726|-25.8965591147|15.0880681507
0.120419936939|0.235713591801|0.926746696337|0.26660589314|11.4585095592|26.7243186298|-20.8505762479
0.650370233003|0.16030183168|0.26932424212|-0.691943881677|6.67893828418|-22.6409559421|18.4737849252
0.512307201989|0.238045454033|0.390810679591|-0.726734274217|2.30361610801|-26.9851473612|12.8820456756
0.569213105041|0.259262233761|0.327826510492|-0.70803200084|2.30772428197|-26.9920089406|12.8697286357
0.607406418782|0.212251078502|0.204441729131|-0.737706243357|5.31904918037|-21.3572070032|20.3356743564
0.137092711859|0.190611139571|0.916420662427|0.324108240105|13.1232506186|27.7378710344|-18.3929002201
0.635040613905|0.238308542855|0.25096455092|-0.690615125287|3.80823182209|-25.7678897152|14.8627835769
0.394896469374|0.061297470336|-0.30171392147|-0.865602742716|-1.8472714719|-19.1458866284|30.4089067679
0.538074170462|0.210533724538|0.410444705481|-0.705469263439|5.09397475214|-26.7158888936|12.6472318501
0.613826805145|0.278196524415|0.264259034574|-0.689920654667|2.31485670945|-26.9990776515|12.8592216097
0.159287112183|0.207103507197|0.922975574443|0.282580682603|14.7934494062|25.3534632961|-20.4736964893
0.673731306681|-0.248473328284|-0.18519295542|-0.670858182325|-5.18510763077|16.4092717765|24.2948218441
0.581084592798|0.153608395228|0.0492885067165|-0.797694051648|-0.689258881971|-19.4665690108|25.3170376551
0.374712632467|0.03835428884|-0.34421672251|-0.86001990648|-2.92577071261|-16.1296564841|32.0144703591
0.68219316844|-0.161328598128|0.0229359769173|-0.712782930016|-5.53517416053|5.89742499251|28.7162817629
0.596178076523|0.198676254596|0.164529323799|-0.760282545205|3.87963434726|-19.9148205233|22.0387138958
0.706163361411|0.386168716913|-0.378465113261|-0.457133664395|1.36128497086|-30.9563478827|25.35144778
0.704032189717|-0.136179543356|0.0541039131556|-0.694886015398|-5.77054261657|3.36009033868|31.1390562025
0.669247769242|0.166976267328|0.221288605774|-0.689389369275|4.94756534435|-19.9440179418|18.9695299789
0.69373525942|0.139750803682|0.249803283731|-0.660908028507|7.11756289377|-24.1556331737|19.707566659
0.799319670025|0.165105603365|0.245576956069|-0.522991552032|14.0699447149|-28.5101656802|16.8872377593
0.516827488089|0.249098991061|0.427752014197|-0.698474949128|3.57429684882|-27.854031181|10.5484354331
0.531029955514|0.250615915122|0.324993906736|-0.741335153637|2.41645575707|-24.5672014767|17.0065962054
0.645577888258|0.233192490706|0.322883246217|-0.651610974265|3.53940150211|-24.046024839|13.8774315767
0.591109284272|0.017864868137|-0.112593394298|-0.798494450885|-1.98950982217|-20.1573537293|32.0905465256
0.676192687496|0.415130309607|-0.381057110438|-0.474579554982|-0.611294595709|-32.7797920115|22.9863743232
0.235740319456|0.134644317259|0.924515068202|0.267524388197|17.1052022402|24.0307432576|-23.6380034146
0.646419037093|0.134139469919|0.336501882031|-0.671502430735|9.95173439149|-23.3797221648|19.409375415
0.50998315154|0.122740541471|-0.3412842165|-0.779985274344|-0.775303715888|-23.1911323229|30.1039435394
0.637838867217|0.174004773324|-0.190176303084|-0.72575263835|-2.56032887595|-23.7867041408|26.8720793555
0.704988862784|0.0664298818639|0.302053424996|-0.638233109916|12.2291254264|-22.3502849366|22.4648291793
0.724539596742|0.135834829223|0.301970946148|-0.604487236926|11.96937925|-25.9791587281|18.3533699264
0.572370839306|0.017928894963|-0.244128726712|-0.782605482879|-3.10461123821|-16.9886721181|33.7872151108
0.539877491721|0.182650833859|-0.217794348639|-0.792298295167|-2.58266046883|-29.1790395488|24.2349248216
0.239649979392|-0.534432540407|0.733580170335|0.344688092081|16.4773569439|18.8425416493|-22.7785317218
0.568735759719|0.141998729682|-0.321186672408|-0.743784322135|-1.8218443742|-19.128293732|30.4151642839
0.544242993681|0.224879447727|-0.225006674308|-0.776273659437|-0.616571363827|-31.1787533512|21.7824849182
0.468317510008|0.0929617931699|-0.263568277502|-0.838193639874|-2.71361498508|-25.1377583142|28.3742799502
0.708115261443|0.214783412569|-0.374245320048|-0.558910818127|3.26258567897|-24.4763515986|31.4863917188
0.510740131395|0.147878141743|-0.236984944473|-0.813089607282|-0.702418606732|-27.4192273725|26.3244076836
0.752913552082|0.252773081954|-0.392560080844|-0.463814116924|3.27055881496|-24.4620306283|31.4938890497
0.642081345801|0.175290294775|-0.229205348818|-0.710260350861|-0.734152773518|-21.9404204682|28.5028362877
0.549411093527|0.123308240551|-0.362765665895|-0.742525150934|1.1559423359|-21.0692062689|31.6061343148
0.790943527363|0.134351821871|0.224281202603|-0.553223161699|7.1091290517|-24.1694585509|19.7017032011
0.794100434952|0.136551065478|0.216287511196|-0.551342015656|11.9782536029|-25.9956232467|18.3373841105
0.638667448008|0.152922103822|-0.327893488792|-0.679120446626|1.15865058208|-21.050536584|31.6024829686
0.579403478145|0.183271506134|-0.246733833767|-0.754867922108|-0.693955288789|-27.4112094361|26.3279191707
0.734950748504|-0.159872253655|0.0686958755463|-0.655415239728|-5.29728331945|0.372806298796|29.3885816836
0.870669058822|0.136170774359|0.166308194352|-0.442418913148|9.04990481436|-26.9475057892|18.6558161837
0.600995162716|0.15716163716|-0.309810306976|-0.719807340813|-0.770859785382|-23.1726431359|30.1015230342
0.218513169317|0.12284824572|0.91652431996|0.311678479015|15.6103755932|26.7670621439|-21.6256023179
0.650295207324|0.167799435763|-0.24401817326|-0.699581749196|-3.67293423447|-21.0771877858|28.9099315814
0.886037130046|0.120477409178|0.186836819342|-0.406835840353|11.9723078016|-26.0146574702|18.3307574783
0.635174423877|0.118922691364|0.30137308053|-0.701131308004|8.56722480942|-22.152385973|21.3940289533
0.113297325021|0.172015352746|0.908173883644|0.364409977402|11.8409636558|31.5456088|-17.0518146232
0.705404097884|0.349749228319|-0.412366381104|-0.458295214588|-0.688238176728|-28.8184366835|27.7666083441
0.75883368346|0.288586476708|-0.360141038136|-0.459551649936|5.25633938733|-26.5940319864|29.4439249929
0.570561681648|0.179520512224|0.331278089603|-0.729716781001|6.6833643083|-22.6253223063|18.4885611661
0.71546773095|0.114018523098|0.269638773657|-0.634350560889|10.5736294255|-24.8551939174|20.6137241762
0.661920569461|0.16371324996|-0.438037891384|-0.585817324107|1.2347727938|-22.16057002|33.2928063907
0.683593092638|0.164246965081|0.331750533849|-0.629019078764|8.51089262014|-25.3250255314|17.5832382885
0.345201671357|-0.608000778035|0.611011515627|0.371262424401|15.5884645612|24.8002882356|-16.8846595032
0.623367063049|0.157317871941|0.112693776398|-0.757604583299|2.38686486234|-18.322324279|23.56548328
0.200369493496|0.0203951535059|0.94085180517|0.272459142805|11.8386095712|31.561503628|-17.0367279055
0.630231657711|0.178578644271|0.238398080611|-0.71699656944|6.69079520443|-22.6413109282|18.4701621723
0.515980876234|0.0268986298624|-0.158191035246|-0.841436744765|-1.97975400443|-20.166526228|32.0922007642
0.636686120893|0.227333805752|-0.124999024995|-0.726171720721|-0.665080757753|-25.9407143643|24.9318624338
0.578593617585|0.222073510968|0.269379010445|-0.737121245215|0.936487553787|-23.1774060993|18.9729198881
0.502844725399|0.211442827807|0.456979722973|-0.702572875579|5.43167122135|-28.4894327769|13.5082638763
0.608062484537|0.323424803327|-0.35221996336|-0.633717215249|-0.62128312993|-32.8098346003|22.9648438108
0.675567147552|0.212323278703|0.183217667238|-0.681879124832|0.936888743242|-23.195068197|18.9568067919
0.873763410093|0.168272222931|0.190868158006|-0.414477150675|10.446862941|-27.9922509943|16.2452492828
0.137029967133|0.246436827154|0.910582381444|0.302210861707|13.8465911205|29.2993692479|-19.4151209298
0.710942784757|0.143917057835|0.200863272959|-0.658408826522|5.29429854536|-21.3735841611|20.327917413
0.447999526172|0.0225397591094|-0.357431306017|-0.819164968299|-1.95536218839|-20.2138571464|32.1125878653
0.436749855625|0.0362966398711|-0.252156476631|-0.862756761109|-1.85798947123|-19.13589933|30.4022850245
0.601235571858|0.157289808576|-0.381083786061|-0.684507743749|0.0164638879929|-17.9522935094|33.4678258999
0.142971022737|0.188543657897|0.899477651734|0.367356134772|13.1208555691|27.7299093822|-18.4028347062
0.644755086132|0.12338895574|0.310936128701|-0.68730253046|7.11018391602|-24.1464818987|19.7185730869
0.413039508478|0.0623240525221|-0.1782128937|-0.890928864407|-2.58387182277|-23.8097061267|26.865456049
0.550689059395|0.317051117721|-0.0782207949435|-0.768180744261|-4.20263329903|-29.0665206114|20.8068741997
0.550390654774|0.241321087705|0.112811767648|-0.791269716877|-0.568194895124|-21.5889833373|20.7652240897
0.53104807876|0.199058773966|0.373651740236|-0.7339944956|4.04884778579|-27.4673726344|15.8829505987
0.569401829545|0.169170096093|0.244701485778|-0.766344712226|2.56860377614|-26.2254192403|18.1220536341
0.356299297422|-0.119927137825|0.883227099763|0.280318002479|19.9132805661|30.0637102525|-16.8035446024
0.590400378906|0.11260509297|0.038098355436|-0.798308211744|0.92586828646|-17.6873900502|26.5756992837
0.531029955514|0.250615915122|0.324993906736|-0.741335153637|2.25779378015|-22.9315493609|15.8666536036
0.684139512866|0.153591587614|0.331094949821|-0.631457746292|10.4418112213|-27.9590724505|16.2721045228
0.472189487348|0.0185439569739|-0.230716738337|-0.85056627981|-3.10842690343|-16.9875905522|33.786100545
0.839556825498|0.196037064311|0.146076148092|-0.485155196958|4.04676410867|-27.516277017|15.8379571285
0.516422852381|0.214950974483|-0.20333397641|-0.80359119591|-4.44169848972|-30.7211454051|21.9600671434
0.689113052771|-0.213184382076|0.0123794991232|-0.692475535843|-5.54256309919|5.88469915921|28.7215637185
0.595952471472|0.225282434552|-0.189484551533|-0.74711718034|-2.54943616626|-23.7796538874|26.8778450582
0.561259394605|-0.0154568353339|-0.272668678259|-0.781281492233|-3.12814778142|-14.0155102586|35.1098457436
0.574612242981|0.282291636231|-0.0892945940387|-0.762993235754|-2.44275536584|-27.6054214195|22.9586239159
0.772855663405|0.241067407008|-0.358295448973|-0.464978494198|5.22039445096|-21.9847540288|33.0030681685
0.670971468284|0.212336755721|-0.300140900346|-0.643914459271|3.09291812544|-23.2544568334|29.8951310907
0.508761340476|0.232342164956|0.273805852821|-0.782438094536|0.999432712796|-27.6143327265|16.1071660196
0.493296167739|0.0142776160804|-0.274709724452|-0.825220944878|-3.12332661596|-14.0129583824|35.1100457621
0.540196909912|0.130077805575|-0.355089698642|-0.751783458808|-1.92764363642|-20.1918114974|32.1164869976
0.659056942208|0.190693643128|-0.365761254232|-0.628886783372|3.25676064293|-24.4863594439|31.4827495043
0.516533713578|0.244208777449|0.313795282094|-0.758345249006|2.46887203611|-28.7913030638|13.7296856179
0.530424367328|0.18764849392|-0.208552931362|-0.799964816785|-0.66488428731|-32.8157352068|22.9306076697
0.636657779086|0.293513770344|-0.358430045872|-0.616477445787|1.35151182962|-30.9882794302|25.3325925648
0.535796427749|0.131893780043|-0.264705788036|-0.790858435232|-0.744328344704|-28.8609984105|27.7185171096
0.666252391581|0.162492684444|-0.261973273955|-0.67902421308|-0.730972944959|-21.9474536802|28.5046839879
0.705958307142|0.170631180581|0.123166386053|-0.676267632034|5.2945516085|-18.0415951767|23.3109243775
0.530746747007|-0.0848136328913|-0.265438975058|-0.800410325232|-3.31470056488|-14.7521819094|36.9663364637
0.718080896805|0.247525925221|-0.33963263701|-0.554743556849|5.24903632994|-26.6081790789|29.4354174528
0.621293476249|0.15131671496|-0.413496316641|-0.648165460564|0.0174000750105|-15.025103369|34.8674022334
0.494156276099|0.11124527155|-0.230171124066|-0.83093641032|-2.56577479571|-23.8126483754|26.8712782576
0.628621845508|0.169870576136|-0.240604025449|-0.719783485258|-2.55229711677|-23.7978994108|26.875721955
0.414194925225|-0.182280416006|0.82733363396|0.332769397596|9.60194217541|28.977677668|-18.6359427093
0.475508193968|0.100720185101|-0.138896214312|-0.862818198366|-0.760972128293|-21.9400990673|28.493061138
0.522333648506|0.155109677814|-0.058888877832|-0.836445244803|-0.684076281961|-25.9426249951|24.9251179303
0.608821367782|0.0466213112619|-0.0734622264392|-0.788521589276|-0.833290931718|-23.1426087922|30.0804937431
0.661809936135|0.231857377619|0.153830605908|-0.696122050766|2.58356389617|-26.2338429864|18.1139248897
0.638746621513|0.249421374193|0.249837175538|-0.683646924458|0.926205580821|-25.8956194905|15.0899255252
0.643316046673|0.2676561207|0.286544158756|-0.6575690916|2.30363772823|-26.9988804259|12.8612997785
0.386330926582|-0.00428536639046|-0.393206482333|-0.834337289741|-0.0323184485541|-15.0618573534|34.8580507025
0.590014528863|0.148409783827|-0.286933231549|-0.739950479713|3.07883594569|-23.2710438039|29.8881466713
0.596768475363|0.152037481886|-0.287180520896|-0.733675227422|-1.82474406132|-19.1180231568|30.4114190791
0.140745726828|0.181130679425|0.934376755244|0.27262134291|9.70550525892|25.4888419159|-23.1613751259
0.388143134379|-0.0595493978122|-0.332322684998|-0.857531579296|-3.11796698834|-17.0221113411|33.7984982986
0.661611578434|0.115507974373|0.254019618687|-0.695989985891|8.57169769812|-22.1613574885|21.3847483221
0.555905899294|0.160583579594|-0.266045263378|-0.77097435945|-3.67040747162|-21.088873662|28.9121946755
0.563378489604|0.348770267334|-0.2984853426|-0.686928291984|-2.59424650963|-34.3644538967|20.4049796672
0.123128997679|0.22361039288|0.88763348545|0.383333324452|11.8310870928|31.5453752073|-17.0573203981
0.961282385367|0.103761403781|0.0949398219111|-0.236972945467|25.3499571627|-17.8398179844|25.2312223506
0.695320650037|0.22423166341|-0.384212991169|-0.564472968506|1.18097765342|-21.0373424073|31.618012542
0.666582936546|0.316012366291|-0.384152390299|-0.555184936831|-0.694330230927|-28.8316207496|27.7559253781
0.593604072195|0.148976086847|0.349949257611|-0.709207901901|9.96031647385|-23.3716174685|19.4139333493
0.638985458239|0.147340768203|0.0675434160055|-0.751948248977|2.54772220272|-19.5489405508|25.1406058442
0.461391647046|0.0147082814089|-0.17558230211|-0.869524162793|-1.98021348512|-20.172862381|32.0929639065
0.570561681648|0.179520512224|0.331278089603|-0.729716781001|7.12780293593|-24.1309273416|19.7277661918
0.615131246707|0.179689131657|-0.261200127745|-0.72187246696|-3.66748452423|-21.0804992217|28.9129591114
0.547231813448|0.207638564747|0.202559751192|-0.785107072938|1.0102482515|-24.7314804808|20.2327093716
0.572501546252|0.274154086889|0.364654145727|-0.681255363418|3.57859034247|-27.8595934459|10.5355635627
0.563046124878|0.0546484715936|-0.10367037735|-0.818073993397|-1.98220326578|-20.1493549962|32.0910802555
0.518467330035|0.217607474167|0.124625876238|-0.817500462291|-0.613402626546|-23.024835935|22.1567473993
0.880631269965|0.0881634036099|0.163001091593|-0.43605782273|10.574862242|-24.8925588987|20.5943101681
0.809000067003|0.133938621796|0.273045985993|-0.503016129675|14.0584443413|-28.5153922834|16.8899001031
0.598830248288|0.181324453219|0.265490573143|-0.733511098739|0.927077132384|-23.1840880502|18.9678320195
0.619316280284|0.169815157494|-0.29948323693|-0.705634429473|1.10213549138|-19.944800292|29.9301006997
0.673055362845|0.133105619205|0.289026563929|-0.667639886485|9.95655213472|-23.3875863932|19.3993679276
0.608278210709|0.211190441726|0.267274646071|-0.716910370456|4.05687549484|-27.482960894|15.8611820686
0.818734444253|0.149057740654|0.157517138373|-0.531642785019|7.12288328527|-24.1767556938|19.6928739806
0.687666401766|0.185907574262|-0.0791450744889|-0.697344499439|-0.683905769322|-25.9376480883|24.9262517907
0.587591430793|0.216700294677|-0.220749448585|-0.747694438722|-0.61977850855|-31.1761527497|21.7807368148
0.587643045692|0.201497780675|0.251214919977|-0.742270408419|6.69863341292|-22.6343989601|18.4749975723
0.149457401002|0.241008268456|0.895144517093|0.34393864764|13.1134339127|27.7377588649|-18.3985288959
0.722162516051|0.128797888089|0.273362306222|-0.622226208039|7.10709155898|-24.1574645255|19.7107143274
0.396556595785|0.0248821878866|-0.36021081688|-0.844021273706|-0.0244532911187|-17.9822934829|33.4585180001
0.822560226688|0.222279850222|0.124629896356|-0.508383448384|4.05717919294|-27.5118604232|15.8383652331
0.689023236557|0.166154767675|0.168665130306|-0.684975653933|6.69651913255|-19.4807460356|21.7527774497
0.474193928752|0.0655034686916|-0.221776817927|-0.849508361674|-1.85431570385|-19.123791894|30.4004013875
0.599975747617|0.206868651029|-0.292313754878|-0.71539299144|-0.764141954347|-23.160115363|30.1040887327
0.62845071704|0.384592884199|-0.249675437243|-0.628331270678|1.33542742294|-34.5758247691|20.1589405251
0.641783419553|0.271946556276|0.16512782607|-0.697776406862|1.00550996879|-27.6281247075|16.0933966836
0.26461432652|0.053643214652|0.898823873659|0.345278594563|18.0093834781|25.2876259294|-24.9041038824
0.724315973248|0.0998617008675|0.338354062396|-0.592377025262|11.9567155848|-25.9822302224|18.3590770984
0.737694395104|0.127724256824|0.256804468818|-0.611183244573|12.68029523|-27.5109770744|19.4304602907
0.5002351829|0.144645225278|-0.24565921202|-0.817614867858|-4.69048506938|-32.3516788287|23.1196311231
0.549590870344|0.129829675551|-0.404124320008|-0.719567692826|-3.05667113178|-17.0021177776|33.8141015022
0.366365440239|-0.0158053931995|-0.357059671488|-0.859089602278|-1.96916004324|-20.2211500544|32.1124515083
0.227827347449|0.0875581377475|0.88421285771|0.398241000561|16.4352169271|28.1704773684|-22.7876893938
0.730451316438|0.376694116709|-0.429542842093|-0.374212992235|1.36596025106|-30.9558248982|25.3591355414
0.324069667563|-0.588610516804|0.673477689824|0.308130348041|16.9988901756|22.4771597148|-18.6964352248
0.685465272576|0.159892481188|0.174276096535|-0.688621519216|5.65742169314|-22.7931753548|21.6893337146
0.778782772759|-0.109597021514|0.0048725986063|-0.617626216666|-5.51192063939|-2.5128861099|31.286891962
0.529862288831|0.22586940967|0.408440484083|-0.70809980625|4.04737470639|-27.4611875078|15.8942682181
0.704052791281|0.223567623649|-0.385452351901|-0.552949969853|5.2235281859|-22.0017563325|33.0061273626
0.594962907685|0.23486131257|-0.0986023112705|-0.762323347766|-2.45125320514|-27.6140663988|22.9519822495
0.643659994725|0.162151699659|-0.401773302585|-0.63086199031|1.22764466784|-22.1586009039|33.2854828722
0.744661814657|0.152703178599|0.288344053376|-0.582252718259|14.06699556|-28.5018612592|16.8949862456
0.37785731397|-0.103735367785|-0.401621960332|-0.827745507224|-6.61258336216|-10.2256160552|38.0329775537
0.401574093608|0.103462614292|-0.150494195519|-0.897432577914|-2.57681420786|-23.79835629|26.8662844
0.837073166812|0.202678317323|0.194293224631|-0.469553144971|4.03607565466|-27.5103952189|15.8446460526
0.56203210327|0.159678430368|-0.287017118149|-0.759107296539|-2.69459456549|-25.1269828675|28.3809576857
0.615767095898|0.207310492003|0.116498686516|-0.751186594366|2.39635813626|-18.3137810206|23.5706172957
0.503261999505|0.139967816694|-0.101331546921|-0.846680747237|-2.57712463297|-23.7783830701|26.8669404567
0.553858413947|0.155205293882|-0.224843006861|-0.786509883166|1.3068400558|-30.9980427645|25.30069236
0.674795625124|0.344439148378|-0.481953524252|-0.440151494192|-0.678441376832|-28.8294782958|27.7812577265
0.788089697818|-0.147581510103|-0.0314505030421|-0.596779014316|-5.62634394609|0.387555700131|31.3512632056
0.77868721193|0.182701388291|0.227484412327|-0.555443310196|10.4533773548|-27.9741501997|16.2536539958
0.271247077829|0.105943345207|0.875519513424|0.38557309552|19.914215812|26.4904914677|-22.0326473181
0.6429871832|0.119527484183|0.149323354753|-0.741608521048|4.11769048146|-21.2544149816|23.5077004255
0.61460031618|0.228453468666|0.303969081914|-0.691142721329|5.44123314275|-28.5083998556|13.4725378975
0.552142416834|0.208622155717|0.261357584929|-0.763745874278|0.990592317923|-27.6197786369|16.1016783841
0.560385806806|0.234102304877|0.215614661056|-0.764639899769|5.32756383663|-21.3515596|20.3404622077
0.54982854649|0.212560523779|-0.187066760912|-0.785819712248|-2.63363414137|-34.3683313263|20.3741128904
0.507136463373|0.221591991092|0.492070094704|-0.671994508087|6.70150843474|-29.2869262175|11.0185892188
0.99373000389|0.0510007924026|0.0994962969887|0.000292282777065|28.7077946761|-9.24400169624|26.189675478
0.778215502542|0.260873492369|-0.307201590657|-0.481614820454|5.24298283679|-26.5933627858|29.4319451396
0.682098040273|0.187833812305|-0.328670920564|-0.625648582182|3.25007474538|-24.4791499994|31.4765715547
0.606442625559|0.325749598409|-0.405726157872|-0.601249387409|-2.67318177776|-30.7057111369|25.5614930359
0.511555389964|-0.0327581170812|-0.21328590757|-0.831713358313|-3.2897130272|-17.8748618489|35.5706553017
0.473599029093|0.128602754242|-0.156026779928|-0.857216970894|-2.60192971411|-29.1764483894|24.2269901591
0.101198073828|0.311497194884|0.910812898867|0.251293276255|10.1491624328|30.6365958609|-19.6281962978
0.797488138339|0.159578207179|0.253841963704|-0.523556799655|8.50917580231|-25.3459963675|17.566079417
0.855413684289|0.249754841006|0.144998258309|-0.429959827439|5.43930285296|-28.539426914|13.4452341618
0.705006003778|0.128215945475|0.204758820926|-0.666784096403|7.56762804796|-25.6701795379|20.938719379
0.565373114862|0.129148710583|-0.173119313567|-0.796054994844|-0.75145825074|-21.9408086602|28.495782868
0.968101249806|0.10726857324|0.122901913658|-0.190180290613|28.0034206663|-15.8903147527|23.6754011391
0.574386012491|0.153264730547|-0.310342376243|-0.741807414719|-0.732618214048|-28.8641142876|27.7253412928
0.761695134647|0.325223384747|-0.327950764725|-0.454421134835|7.18117196243|-28.5155358377|27.1645534658
0.654319552728|0.168647037065|-0.279628039113|-0.682079364552|-1.82262454077|-19.1094176854|30.4115123652
0.607406418782|0.212251078502|0.204441729131|-0.737706243357|4.96708456019|-19.9371814672|18.9719850803
0.618007815111|0.112940125085|-0.439573291768|-0.641939397273|-0.0137076931599|-11.9836374837|36.0133010903
0.435528667464|0.00969350852277|-0.18947959447|-0.879953577747|-0.0470449454336|-17.9432007434|33.439053646
0.923136536992|0.163896104841|0.0666316982328|-0.341346184508|21.2817400501|-22.9662939888|24.8646595049
0.550665536901|0.190191782942|0.0573816376741|-0.81074157401|-0.680420084401|-19.4596270808|25.3212220238
0.512143889793|0.0497021906981|-0.122529017652|-0.848660690866|-1.97945711707|-20.1548472336|32.0914702917
0.900757582452|0.127892330863|0.112756663759|-0.399456210542|9.05921613106|-26.958008993|18.6489841431
0.591094898105|0.172911903117|-0.331543502174|-0.714693781532|-1.92132492296|-20.1757961761|32.1160846395
0.590487245062|0.136505661539|0.122154055319|-0.785983081596|2.54070952432|-19.5390540796|25.1453467192
0.609440809987|0.24744737215|-0.147606666635|-0.738623022321|-0.656126184505|-25.9431273119|24.935464097
0.715184889552|0.21935598114|0.240135417971|-0.618650554296|2.39729470721|-24.5906179767|16.9841606132
0.603234610272|0.153952437306|0.363346996986|-0.693098558503|8.51676250139|-25.3159600204|17.590471434
0.587591430793|0.216700294677|-0.220749448585|-0.747694438722|-0.658418735521|-32.8095895746|22.9341631589
0.476261292251|0.0722522821005|-0.316670731338|-0.817113478746|-2.9168962807|-16.1147103883|32.0111918205
0.620076936746|0.168901439021|0.189199468137|-0.742415286527|6.70174904047|-19.4740294896|21.7565678313
0.192550121415|0.163656664087|0.913310138781|0.319383057538|14.7894792503|25.3454429103|-20.4831681591
0.646162307249|0.111019739279|-0.327214884712|-0.680499308893|-8.65404029327e-06|-17.9486631721|33.4559071981
0.657887974381|0.148171298906|-0.289596307722|-0.679236820189|1.15134302759|-21.0433933933|31.5969255481
0.543595576174|0.0580649694099|-0.375437614214|-0.748451004893|1.19844724631|-22.1819476678|33.2752062866
0.0933641421456|0.238726772884|0.735063564068|0.62767365856|15.4445459299|36.1570944683|-5.84729975791
0.414815471936|-0.112725026491|-0.330408684505|-0.840268584352|-6.95448906649|-10.7105700624|39.929306507
0.764783659427|0.162250010578|0.0943140460196|-0.616348723584|5.29288180235|-18.0503912885|23.3067218523
0.731747088006|0.117805973037|0.224025820208|-0.632835194811|8.56893041113|-22.1710527026|21.3791556767
0.59290714299|0.189900198816|0.285379482947|-0.728668364206|4.95061729473|-19.9274882765|18.9835721203
0.549043038012|0.0558881108421|-0.0477842243391|-0.832553259186|-0.833271508323|-23.1350135183|30.0811525315
0.566701787449|0.207132152343|0.364262793512|-0.709406775292|5.43503854836|-28.5015710462|13.4837682779
0.487846360964|0.0735081524206|-0.103515393298|-0.863647522414|-0.819127814676|-23.145877668|30.0819492509
0.784737330437|0.246740330042|0.214057599086|-0.526769281586|3.792547573|-25.7803178576|14.8549277297
0.568117117629|0.211184721632|0.228851634986|-0.76175513334|-0.553300355548|-20.1373540346|19.3839069882
0.239385149862|0.159311457836|0.953589914557|0.0893357950835|10.2270975551|26.9653176417|-24.4364053551
0.534864443654|0.0897217562395|-0.402387769704|-0.737532450923|0.00325270000473|-17.9736842309|33.4675730249
0.695649514559|0.118506907579|0.317640421707|-0.633350162428|10.5675545681|-24.8471972349|20.6234603727
0.364270948592|-0.0354062849034|-0.266502072094|-0.891644389076|-1.98375146108|-20.2020042636|32.1004317765
0.567157425347|0.218594752127|0.147673734001|-0.780218724143|-0.622731471827|-23.0199593703|22.1589212319
0.971217974374|0.0674993266926|0.0845345021037|-0.21221075633|26.0094332145|-14.5055413665|26.6390778083
0.813860005514|0.242504667678|0.0242949425198|-0.527478088026|2.55396969046|-19.5412496113|25.1444202153
0.821918352696|0.124340732009|0.235826616931|-0.503364093487|7.10126122374|-24.1745683228|19.7025256935
0.773092558266|0.15594634804|0.196742815049|-0.582495405659|9.05721129141|-26.9290883466|18.6626454413
0.55004186516|0.172531524544|-0.121094446441|-0.80809835704|5.68678771031|-1.59136927289|33.3606412325
0.753823209061|0.207466006087|0.0991746407521|-0.615526454697|3.87463028433|-19.9284743095|22.0302079169
0.505532645748|0.236602145167|0.375352352229|-0.73997755416|3.55573563715|-24.0330143449|13.8915110914
0.574101466272|0.316657604205|-0.327013443452|-0.680586273682|-2.73254703526|-36.0858106165|21.4283738122
0.985188918976|0.1024228844|0.0326846566866|-0.133581660028|26.0248880062|-14.5020462655|26.6361171485
0.540027945945|0.232558825798|0.344397752306|-0.731899172256|2.45756932622|-28.7891630593|13.7344347191
0.676777910085|0.112739062097|0.361745153322|-0.631190944443|11.9613790394|-25.9719836027|18.3653974904
0.645366636749|0.108174694432|-0.399196672815|-0.642216595916|0.00822619162086|-15.0293840906|34.861762926
0.823505022806|0.132729113005|0.22700632419|-0.50268338818|11.9715324301|-25.9992278327|18.3383602877
0.607883618269|0.115382470604|0.0406603050533|-0.78454517506|-0.74453688599|-20.6853311993|26.9047656877
0.0633048049318|0.280007814738|0.887613943596|0.360179972365|8.65532314123|32.6165830814|-16.9363730336
0.107754022965|0.154705811256|-0.929640480333|-0.316581363674|-6.10671102507|-2.87695914859|35.4408170188
0.0886064666442|0.197808018889|0.894756358615|0.390425332747|8.65924390547|32.6092518077|-16.943575424
0.682303184945|0.121386971406|0.214889327469|-0.688149797593|5.64327645601|-22.7933393027|21.6926509497
0.625431954304|0.187437457321|0.132077200012|-0.745826845431|1.00898797463|-24.7482387645|20.2206172187
0.551204951909|0.0999371480656|-0.214357581148|-0.800147795618|-1.84725858474|-19.1143046203|30.4010459071
0.678162839585|0.17305908847|0.258481064861|-0.665832752283|9.06009745177|-26.9106308602|18.6751725638
0.166979246521|0.106504820995|0.92899112129|0.312650205341|11.8372171642|31.5553401765|-17.0429358502
0.102942881019|0.209912302793|0.874834996354|0.424267978451|10.3283202632|33.4118931844|-14.221222383
0.766419126862|0.403592838196|-0.445997154393|-0.225390951927|5.27062731954|-26.5569325934|29.4809971651
0.262433470283|-0.124520345638|-0.155028337186|-0.944240208775|-0.118424509909|-11.9622843611|35.9774773825
0.613894137064|0.150817709923|-0.435329843082|-0.640996048798|1.22988844065|-22.1687271765|33.2913905355
0.577404512989|0.104083701042|-0.0250911627391|-0.809407836081|-0.780767962175|-21.9117531556|28.4924100905
0.823694696992|0.252522592265|0.153520698371|-0.483932621049|5.44271272882|-28.5352139404|13.4473938589
0.61145506442|0.18331111873|-0.233478365513|-0.733490007282|1.31323556117|-30.991428851|25.3035313046
0.673553530782|0.214564854918|0.230393917406|-0.668734780782|4.05448114769|-27.490665685|15.8542813793
0.773004253389|0.269210027214|0.13978354816|-0.557181249823|4.06626609167|-27.4982313231|15.8463970981
0.497735325158|0.151375909265|-0.125114814675|-0.844802440416|-4.46568097752|-30.7139550384|21.9499996658
0.552890699276|0.19778047956|0.296138242865|-0.753323899576|7.1399414463|-24.1326065803|19.722544241
0.123128997679|0.22361039288|0.88763348545|0.383333324452|11.2082902787|29.8720556225|-16.1561405033
0.567187025236|0.229616028776|-0.135449963563|-0.779248782549|1.29637761575|-34.5884905699|20.1272536336
0.973730578462|0.105268919775|0.0512630082244|-0.195292905876|25.3610860437|-17.8438880836|25.2279546367
0.701810518706|0.149599614441|0.276981231017|-0.639033135961|11.9799545258|-25.9769544314|18.349777822
0.294299987245|-0.540186818181|0.691026559506|0.379562923676|15.3852980738|21.4445202145|-21.1578482003
0.544419861899|0.222884950578|-0.127425451998|-0.79855623907|2.59037655691|-3.04779103993|33.6442535982
0.45476234762|0.040811532448|-0.264015428609|-0.849600776519|-3.09910787195|-16.9927910656|33.7897974309
0.786524566721|0.381710774465|-0.352142256836|-0.334173340577|5.25768704718|-26.5614540448|29.457959246
0.49059424531|0.00356781658239|-0.322329353026|-0.809572940093|-3.11926234159|-14.0249781914|35.1159909959
0.556241155467|0.261800743565|0.273046579816|-0.739933586807|0.946009617789|-23.1715279578|18.9788244331
0.523823610509|0.189515197574|-0.0908670917925|-0.825491360701|5.73089554639|-4.54632729511|33.0933226239
0.882977267431|0.109216539232|0.187112871928|-0.416427263659|9.04062148602|-26.9537423452|18.6570761795
0.234568403653|0.185808512591|0.902297671135|0.310341381902|18.9160278086|25.1713246666|-20.9085041555
0.532453226189|0.281769861048|-0.103841701658|-0.79140142047|-2.43772699361|-27.6112832572|22.9593838262
0.544975307076|0.245816059814|0.381556451674|-0.704975924129|3.81353531341|-29.7151042813|11.2440063352
0.665397390337|0.117226079251|-0.34747218499|-0.650205690481|-3.0638636929|-16.9855684679|33.8031849226
0.326274102359|-0.009007821058|-0.398362990123|-0.857187842535|-0.0369779125114|-15.0655176406|34.8591701847
0.650018157277|0.232005814122|-0.447334708049|-0.568806958817|-0.781790166913|-24.3827267739|31.7238915823
0.706951239936|0.25585666199|-0.392553460194|-0.529772681211|1.24135840309|-22.1280521025|33.2934231393
0.591474974406|0.266547762039|-0.243322816094|-0.721043446937|-0.679123523604|-27.3945118952|26.3374558876
0.617725184771|0.206109806263|-0.166704560073|-0.740367431424|-0.660936272928|-25.9539022219|24.9313064839
0.579078799165|-0.104597970594|-0.382412434053|-0.712381736983|-11.7734622701|17.0427867047|29.1588120824
0.801975641598|0.224054947657|-0.290592218038|-0.471370993517|5.23476144721|-26.5979997347|29.4252937622
0.0821578526663|0.29430296278|0.846613539219|0.435753793506|10.3196730371|33.4137883673|-14.2242704005
0.767755505958|0.216725308567|0.19783454545|-0.569599083851|10.4660928924|-27.9701621726|16.252450904
0.455631492863|0.0610214413758|-0.209688075455|-0.862964215606|-0.76115404693|-21.9629346784|28.4950433329
0.584828474596|0.146991501963|0.234844258635|-0.76237610655|0.988333496411|-24.7350929216|20.2318445007
0.250447143494|0.144908136982|0.930924406183|0.222839875527|18.3191873443|21.1217572455|-25.458078393
0.695045265373|0.262906078654|-0.378679066759|-0.551719708991|5.25808543092|-26.6122323513|29.4440095141
0.667305755167|0.246147405685|0.30942188118|-0.631167634819|5.43331269049|-28.5087269364|13.4747637957
0.578410879592|0.24216187229|-0.284767570913|-0.725055799601|-2.67895936962|-25.1104118508|28.3894777331
0.633374251639|0.178649618909|0.352757109597|-0.665194552483|7.98524946317|-23.7367168577|16.4843283535
0.666252391581|0.162492684444|-0.261973273955|-0.67902421308|-0.77769549001|-23.158219771|30.0958661263
0.448669272633|-0.0902213560507|-0.347248073812|-0.818519862887|-6.61109041137|-10.2119347861|38.023129587
0.951524556367|0.132408002195|0.0836418342769|-0.264713398122|25.3553770286|-17.831514957|25.2314799061
0.626068733616|0.354291563174|-0.288568238091|-0.631857421432|-0.627063578892|-32.7911877683|22.9612139794
0.615561017236|0.110158256271|0.344954017457|-0.699968941079|10.5732999593|-24.8373303595|20.6296848044
0.710746908163|-0.154778134109|-0.063891053313|-0.683227996386|-5.8859627207|6.2829369564|30.6371297724
0.79705177869|0.0589727259301|-0.145737281856|-0.583087750138|3.19144689667|-24.4717120799|31.4520814609
0.579448296329|0.13948500562|-0.37044404941|-0.712428811423|-3.05859915516|-16.9921424376|33.8086629785
0.586007471914|0.226990557733|0.238035322972|-0.740546902349|4.06836212845|-27.4843779874|15.8582130899
0.526388598679|0.00424608522088|-0.316671926944|-0.789060140057|1.17679181283|-22.1795932983|33.2653166648
0.65310217681|0.163270730415|0.106597474674|-0.731735740298|4.1326972422|-21.2552634321|23.5059698416
0.251708481797|0.0969622606578|0.862489989601|0.428196424597|18.2452441669|29.2261155047|-19.8920199225
0.649914416631|0.347199818664|0.154225459053|-0.658238592575|1.02599607372|-24.7207330099|20.2443262839
0.107693314887|0.212781076873|0.905960220087|0.349803434622|10.1536607558|30.6122977491|-19.6473461965
0.424412144743|0.0852008472258|-0.0538884840978|-0.899839529199|-0.738745745515|-27.3873189987|26.3137742199
0.520314340185|0.153597161612|-0.207866106265|-0.813924186401|-4.69386049076|-32.3408701988|23.1170641225
0.212758849495|0.139824181198|0.846808427182|0.467010019129|14.5692454351|30.8238743119|-20.4857531319
0.663064745979|0.193987827274|-0.186507614415|-0.698518987054|-0.738767746394|-21.9274312518|28.5012432188
0.441073650892|-0.0773057597643|-0.424271002388|-0.787065416931|-6.69906437393|-6.74940053393|38.763681677
0.694611802636|0.217709009572|-0.292516182595|-0.620122176438|5.23650172918|-26.6109480763|29.42565984
0.742270917706|0.328887256408|-0.298058002769|-0.502024386145|3.10561377063|-23.2189920847|29.9100683724
0.427130829679|-0.229213555307|0.836122523349|0.256747982174|21.6606930358|27.4766018049|-18.9579454392
0.80623196178|0.131169370633|0.174691405255|-0.549788625694|5.63843825422|-22.8078279122|21.6859662221
0.684934643494|0.194005955221|0.29286874927|-0.638321329099|10.4554779539|-27.9567417914|16.2676735397
0.340025297318|-0.16606631198|-0.259096109345|-0.888636024102|-3.34378496987|-14.7574356211|36.9701270244
0.308879026046|-0.586876090673|0.698405975968|0.269071169391|18.1804841151|19.9848795999|-20.3642125587
0.172387920034|-0.179642991665|-0.247554954073|-0.936337196359|-9.49433823151|-4.96115006546|36.3442146561
0.858610164242|0.136708648853|-0.399537218493|-0.290636099319|10.0794188034|3.51429839012|38.4533593113
0.691351616347|0.219380291545|0.175300593133|-0.665713851668|2.5732134425|-26.2334854617|18.1148322138
0.443811142733|0.0354981780881|-0.209744319062|-0.870504950911|-1.97091886021|-20.1787041736|32.0955901019
0.559588675046|0.102282295818|-0.0941088975237|-0.817032656709|-0.769431642369|-21.927584452|28.4917157904
0.445263483044|0.070092429349|-0.127546807008|-0.88349266779|-0.815860206299|-23.152903591|30.0824691122
0.346542574169|-0.0416566668995|-0.301576142616|-0.887256894364|-0.0496748379599|-17.9773830087|33.4499583567
0.46193858438|-0.0563526759022|-0.270031911826|-0.84292341691|-3.3103228018|-14.7494494998|36.9655630719
0.587845176314|0.250755361692|0.282540180216|-0.715353649484|2.46343038946|-28.7965736036|13.7233953358
0.171219994587|0.149106680817|0.904259684979|0.361614896417|13.8486099065|29.2846511838|-19.4291356992
0.623218241092|0.0891030101999|-0.399508836854|-0.666372543567|-0.0246880324425|-11.9820879492|36.0041649736
0.531051593994|0.229003388893|0.167365034672|-0.79845513184|1.02217840815|-24.7351809902|20.2304541175
0.404622373838|-0.000873467874323|-0.432833103976|-0.805565314389|-0.0538548574277|-12.0156471715|36.0089370675
0.121045769758|0.250000216867|0.757605756465|0.590661773743|17.170122682|34.682687244|-9.11285176617
0.575438483844|0.104078353727|-0.397905048383|-0.70690156321|-3.08191633401|-14.0187082645|35.130927648
0.387261673617|0.0421704789622|-0.203691896496|-0.898198006095|-0.766859767153|-21.9656056465|28.4942304404
0.332171649595|-0.608194949671|0.639467074239|0.332930562376|17.0056638075|22.4736608565|-18.7016368467
0.602027752067|0.0881933124957|0.00475565927245|-0.793575395963|-0.790460170621|-21.9079726258|28.4926366838
0.926235560257|0.125247625977|0.10047511953|-0.341035877083|9.05983133196|-26.9632828948|18.6472886149
0.548776112578|0.117495996479|-0.114981183787|-0.819645530977|9.02597208599|3.16380225778|34.5655719409
0.613712577962|0.149810890905|0.280647056914|-0.722600026338|5.2932855856|-21.3547813236|20.3427453271
0.568740042642|0.154293576777|0.410443369875|-0.695891152542|8.51454775979|-25.3086627533|17.6022137958
0.851542915518|0.132883938925|0.117734200743|-0.493310429428|7.57103460948|-25.693504655|20.9262397814
0.573028271195|0.289777551568|0.399879353087|-0.654036752784|5.04456116354|-30.3932890699|8.66854749225
0.605548856457|0.148717316464|0.161720204975|-0.764879282979|4.12522105509|-21.2462190366|23.5115393771
0.45786123533|0.0566513753159|-0.404792300026|-0.789491548211|-0.00811437328207|-17.9842793666|33.4669718992
0.365236319853|-0.0359653619185|-0.344954793459|-0.863895314186|-0.0466769711146|-15.0553373177|34.8501393385
0.12075285437|0.236120683439|0.842655923928|0.468611528757|11.8265306261|31.5333567879|-17.0797335191
0.733093362924|0.390369823153|-0.341138591863|-0.440238553003|1.35389101885|-30.9471849001|25.345627771
0.776591573503|0.334363250856|-0.463898599852|-0.264395222151|3.28558797052|-24.4324866935|31.5210388301
0.598497797884|0.106465243594|-0.399861317275|-0.685985761355|0.00959112614572|-17.9652452546|33.4677750984
0.782105888014|0.420014576984|-0.322189934146|-0.328773145787|7.18095751687|-28.4841423692|27.1811774628
0.119243205131|-0.102135417398|0.275494671818|-0.948394485614|14.7411833268|-6.59923499075|32.0758051457
0.556469554448|0.267957956433|0.148214578516|-0.772381128247|-0.570105272382|-21.5786757227|20.7726150264
0.555613764269|0.249590108811|-0.183947096843|-0.771467165926|1.30811081533|-34.5961395457|20.1321964521
0.611184372136|0.133021653895|-0.31487725326|-0.713870589274|3.23676349467|-24.4937692928|31.4705184271
0.370680637492|-0.0244221698045|-0.320838795789|-0.87124157943|-3.11140915721|-17.0159859881|33.7962738826
0.754211203348|0.244093203477|0.162099313676|-0.587628948628|3.80923567416|-25.7843053325|14.8482101194
0.570232398443|0.340940617684|-0.351310471864|-0.659678299884|-0.618307637866|-32.8112636734|22.9684004194
0.99386638221|-0.0175238938119|0.096504649205|0.0510820921651|28.6071262609|-5.92762416317|27.2246760944
0.690853714745|0.139262090546|0.244248758918|-0.666085398975|8.03828657663|-20.7802467829|20.0400864941
0.549944430612|0.108939441223|-0.31584784312|-0.7654629066|3.2305705543|-24.5022426897|31.4694246398
0.763218126842|0.189736519242|0.16574436948|-0.595001637066|9.07013313565|-26.9257675255|18.6612927257
0.0877581638962|0.259031090919|0.665273529924|0.694703194889|16.6968117515|35.9753773515|-2.70066234751
0.428448395875|0.0504524161291|-0.276724084475|-0.858667751141|1.12417319103|-21.0685335819|31.5912615903
0.408082271258|0.0620379660179|-0.310932248415|-0.856119902556|-2.92230848321|-16.1179486238|32.0103463489
0.634085571655|0.346960254006|-0.203738942822|-0.660336666509|-0.709945390776|-21.9027725812|28.5242668758
0.511676464708|0.214013921082|0.220716911752|-0.802290023566|2.58902924636|-26.2227699109|18.1231916429
0.633786920104|0.21328418741|0.158277530525|-0.726479331183|5.32423198958|-21.3652995066|20.3291253911
0.555002733823|0.110003552727|-0.360607021596|-0.741507761127|-2.89955662952|-16.1128827911|32.0193266368
0.0959615870653|0.233437087274|0.809939808346|0.529429888605|13.4278532405|32.2319288928|-14.3738763819
0.663304193959|0.387675058528|-0.269809485274|-0.580463984178|3.31762207063|-32.8204009865|22.6951276918
0.229431927761|0.176410962394|0.911229376617|0.293089041182|15.6020248077|26.7749154979|-21.6238079965
0.238839884977|-0.143273549202|-0.191710853453|-0.941103154873|-0.173271545886|-8.81906947053|36.8610334407
0.850759264766|0.174552264393|0.218629844822|-0.444905800549|4.02519275575|-27.5160150886|15.8456018095
0.711322012885|0.145971501995|0.352829716971|-0.590105503628|10.4317522879|-27.9618210002|16.2758844535
0.601795476293|0.158655545222|0.233224731725|-0.747179260415|8.59125545252|-22.1541843707|21.3846831211
0.573221097456|0.205655172795|-0.155392840716|-0.777802409605|2.50241544266|-0.164692746874|33.7756450192
0.628861468232|0.324531008158|-0.328507319927|-0.625536425215|1.35142547183|-30.9781784997|25.3332063548
0.660135343721|0.142732122965|0.176916025965|-0.715925686647|7.13896730852|-20.7757392889|23.2113340618
0.527654779293|0.027243960326|-0.213398262304|-0.82176601424|-1.97156975898|-20.1790161961|32.0954975909
0.645243281222|0.371404543095|-0.485296890751|-0.458483043563|-2.80117714815|-32.2210415302|26.8694212802
0.517869767797|0.27375107261|0.496688368028|-0.640446655789|6.13207194044|-30.8279404806|6.05073095764
0.483007880235|0.0526335643129|-0.201287546243|-0.850538899325|-3.10414410236|-16.9757965547|33.7845255177
0.734610165185|0.189058758739|-0.332796741044|-0.560224080258|6.14543069587|-17.7194347793|33.0286101436
0.532483736965|0.22037482257|0.30569167636|-0.75792387906|0.9882151168|-27.6112939729|16.1115897292
0.618017763409|0.204032959057|0.174285777242|-0.738951326936|0.884776281329|-21.653775131|17.6834584332
0.672417932001|0.375283127949|-0.493812575485|-0.403937914652|-0.717853538828|-30.2556675215|29.1828616572
0.187795949465|0.0904484045384|0.942026374951|0.262941203272|11.8342071329|31.5660382976|-17.0348432127
0.5023864119|-0.0103917139317|-0.402063890752|-0.765404816534|-0.0265527240055|-18.9264657766|35.2332173446
0.595885071358|0.157013042564|-0.272383041962|-0.738969122934|-0.737625696364|-28.8545900769|27.7208939874
0.457052715829|0.0329024138822|-0.145630785631|-0.876819206217|1.10396497542|-21.0387208625|31.580809107
0.564066565007|0.265367019865|0.254250381654|-0.739436270707|2.47493040823|-28.7983138235|13.7205778507
0.714875227282|0.226004070216|0.116209810623|-0.651437525461|2.58334801009|-26.2421173154|18.1082802318
0.163332110482|0.164856073523|0.106274741297|0.966876815355|-13.081167131|11.1540829816|33.684518351
0.816455045111|0.104428745595|0.198895832891|-0.531917516223|10.5748310735|-24.8765513723|20.6005113341
0.487460281074|0.158529817962|-0.296138383476|-0.80594840345|-4.68086743648|-32.3613133314|23.1263769124
0.572482212388|0.137502944116|0.391859764483|-0.706967454582|11.977307459|-25.9549754874|18.3750922192
0.412998689736|-0.00125155802578|-0.133161237993|-0.900943172778|-2.75265315796|-25.1197044449|28.3628091349
0.345026168562|-0.00261651564011|-0.438445248139|-0.829889065621|-0.0583182477152|-12.0194477684|36.0102705835
0.364042415593|0.0844186074587|0.0850732726599|0.92363908354|-4.21298035214|17.9707288165|30.661116183
0.997981220048|-0.0313767805237|0.018598856516|0.0519910051029|26.7530363254|-3.92048034194|29.3800381586
0.534509553399|0.071650203285|-0.25543356485|-0.802445935651|-2.92416230214|-16.098984738|32.0037340965
0.648710699805|0.376933179378|-0.436184277822|-0.496829026953|-0.64396272776|-34.43301109|24.1430212834
0.741716938098|0.102892568565|0.293370661618|-0.594308638651|10.5634912291|-24.8578559604|20.6173346529
0.168342671692|0.151687139632|0.884928342021|0.406882766956|13.8483602592|29.2767795159|-19.439861229
0.590823921359|0.188235390945|-0.356777303648|-0.698716313784|0.0182153704542|-17.9433534647|33.4666716573
0.748627527905|0.178852023458|0.319004066356|-0.552996549552|15.3518290049|-29.2870840543|14.2368808639
0.745591415246|0.156498778412|0.140059995509|-0.632443492753|5.65669462715|-22.8023820277|21.684073858
0.536801863121|0.138686646257|-0.202668289863|-0.80717738954|-3.68435744232|-21.0800090915|28.9050080309
0.385985655449|0.0496703191608|-0.248283222923|-0.887075743326|-0.76016742888|-21.9756857886|28.4982319918
0.429035287981|0.0776141090378|-0.22405863074|-0.871609145051|-1.8514568788|-19.1242427071|30.4013089942
0.657595707193|0.151108782968|0.18409734093|-0.714732251024|3.85981944004|-19.9207990964|22.0365072405
0.73878747791|0.0645667855801|0.209192909619|-0.637387260029|10.6367734588|-20.953208354|24.5169712551
0.387329973865|-0.0136880961979|-0.22452483285|-0.894078702801|-0.825357738397|-23.1877334968|30.0861829543
0.42064438196|-0.275714599831|0.761664940952|0.408541651597|35.9392200941|21.1622163811|-13.5948316759
0.649716073306|-0.203365135247|-0.146214401173|-0.717727660567|-9.14952630944|11.4121590102|30.4755069353
0.205424518842|0.107730076823|0.947831335957|0.218656708529|13.8465167728|29.3141891568|-19.4039644953
0.594962907685|0.23486131257|-0.0986023112705|-0.762323347766|-2.59287119649|-29.1419526587|24.2347564858
0.482929494907|0.15064580589|-0.137968861202|-0.851498407195|9.15572993776|-0.0621812064486|34.6952944307
0.549420288638|0.222879793224|0.174344370728|-0.78617172717|3.88841487066|-19.9092671928|22.0432094871
0.687916174249|0.122648306454|-0.124007688522|-0.704521698259|-0.764385634691|-21.9282892036|28.4927300392
0.579531564029|0.191999816903|0.368407837465|-0.701109764514|7.99393929686|-23.7293769162|16.4898167669
0.6367086527|0.243001163585|-0.0848401126844|-0.726880101084|-0.669366849821|-25.9298993976|24.9331577828
0.495835734407|-0.0764751083788|-0.291052415485|-0.814608478795|-3.31063950817|-14.7567122562|36.9687669284
0.46751922358|0.0907620975608|-0.261162964589|-0.839632016515|-0.747422422462|-21.9704156214|28.5009402751
0.626771865457|0.111022526197|0.1985762395|-0.745250631972|6.00304272969|-24.2139940961|23.0537965304
0.757765270196|0.0115112027336|-0.0544298676246|-0.650151272403|3.16390083351|-24.4653302964|31.4504623864
0.33673132115|-0.589789410352|0.646476625566|0.347603856983|15.5815239382|24.8030738049|-16.8791307027
0.574500860627|0.20984675552|0.250375991309|-0.75048315325|4.96318371306|-19.9293097523|18.9795213734
0.639255959026|0.169096931115|0.351252966464|-0.66285699837|10.4477506354|-27.9505056796|16.2783056923
0.587713321166|0.149194907654|0.12824001908|-0.784785594389|-0.657278568688|-18.2406228649|23.7324983927
0.813629656715|0.156430567592|0.204912137956|-0.521101981338|6.66900500047|-22.6642236855|18.4605347218
0.483168221196|0.253340987722|-0.131543221052|-0.827685444454|-0.681839552623|-20.7060352915|26.9166732081
0.502403494597|0.140289243109|0.49843875785|-0.692436611942|10.4427863024|-27.9310256229|16.315605486
0.614583819996|0.28073069362|-0.37660587583|-0.633754700297|-0.662614567025|-34.4551146563|24.1153621269
0.149457401002|0.241008268456|0.895144517093|0.34393864764|13.8424488265|29.2919544039|-19.4246943567
0.552761823574|0.0407238148464|-0.0209488275655|-0.832079974478|-1.89013960736|-19.0796247507|30.3945147489
0.41685804829|0.068716896246|-0.169723533521|-0.890337732501|-0.764050118409|-21.9533240824|28.4930175106
0.583932799783|0.118407235524|-0.349542556119|-0.723064460042|3.23873329663|-24.5047041359|31.4747558005
0.450037678789|0.0795330204923|-0.0887747475552|-0.885019565048|-2.6215113149|-29.1673697002|24.2224483546
0.111485802227|0.164440875899|0.91610171989|0.348263912931|8.6597550355|32.6167098938|-16.9342734835
0.600905485005|0.191216937293|-0.263655707556|-0.729955032078|-2.69194979616|-25.1139556549|28.3809936466
0.597273754203|0.160453188604|0.273026051639|-0.736868788818|2.55807816719|-26.2234418358|18.1260605581
0.678635296853|0.235585495298|0.265353172303|-0.64307177066|5.43912323533|-28.5155913678|13.4649921622
0.59174516297|0.26743753735|0.319586577557|-0.690057421641|3.81966883177|-29.7212770456|11.232396357
0.526337786532|0.0669029094012|-0.256035125303|-0.808046130981|-5.0460728786|-19.1764073329|32.3638622976
0.53242344361|0.104126266086|-0.170500180475|-0.822564700107|-1.8527553108|-19.1045226449|30.3985433364
0.635838952038|-0.154728753419|-0.215113015862|-0.72490980842|-9.22503244977|14.4860045529|29.0912910118
0.596682676573|0.162191106237|0.148630867398|-0.771733563992|1.06479877609|-26.2906028484|21.4926391833
0.55028383465|0.266871092862|-0.219362742654|-0.760162816936|-2.56609757702|-29.164544341|24.245129617
0.416972415957|0.050590486585|-0.317556748335|-0.850136647007|1.12862443304|-21.078309438|31.5963698376
0.544185859529|0.0977184361942|-0.425710438252|-0.716298457543|1.21436679627|-22.1840026019|33.2862037223
0.605466376285|0.248572341032|-0.41388224509|-0.632711423685|-2.8247528597|-32.2517392927|26.8340907398
0.653304653371|0.226919326299|-0.26926749287|-0.670220610336|3.09025393494|-23.2478353272|29.8932968922
0.739277783329|0.366279938368|-0.176434861744|-0.536822228849|5.82048658159|-16.7316379558|31.2921153781
0.282010190736|-0.53738557746|0.717873069786|0.341094193932|16.4695551476|18.8378427433|-22.782127988
0.738851287507|0.140986169132|0.10514455725|-0.650512334351|5.64044554434|-19.2488991302|24.8696534872
0.712375479905|-0.0341043046211|-0.0680450253352|-0.697658904167|1.12865093443|-22.1346351346|33.2498692039
0.661398750447|0.355796028852|-0.307351656601|-0.584376452251|1.35073048781|-30.9637446632|25.3353511676
0.564066565007|0.265367019865|0.254250381654|-0.739436270707|2.32312023505|-27.0010006704|12.8565046927
0.76470082736|0.130534604448|0.164960853697|-0.609082324834|7.56925257107|-25.6801155541|20.9326628286
0.7743352919|0.374814529276|-0.43662227442|-0.263210778356|5.52583417804|-27.8891815328|30.9507704755
0.455371288894|-0.053762484905|-0.22492332746|-0.859741868954|-0.0617118190006|-15.0283099304|34.8363129807
0.860790487469|0.156128860805|-0.368953954562|-0.313905232387|10.074166942|3.52026193235|38.4486961296
0.711309055478|0.164669586371|-0.0559816696977|-0.681020856933|-0.693612884659|-25.937019603|24.9243426644
0.59590894841|0.328931502498|-0.128794557008|-0.72118551979|3.15514281516|-36.0482661515|17.1580879516
0.645632675282|0.17071448031|0.270180402323|-0.693554298539|4.94214368596|-19.9352388524|18.9784214411
0.586939770432|0.314372400009|-0.223179294231|-0.711942906857|-0.674047372776|-27.3822145717|26.3431515716
0.897497709957|0.299431218951|-0.192050185398|-0.26068281882|21.3533107623|-23.6076079024|30.3865897911
0.180288317455|0.244366473929|0.775074324434|0.554112750812|14.1156784103|33.9482317847|-15.1450166067
0.646027682553|0.29230041986|0.203090198996|-0.675250375044|2.47550998078|-28.8035930084|13.7147898524
0.607406418782|0.212251078502|0.204441729131|-0.737706243357|5.67101365747|-22.7772316092|21.6993639711
0.600056316979|0.156831363125|0.476055970167|-0.62346375457|10.4296394185|-27.9404026896|16.3092193288
0.975669248103|0.0738132272719|0.012490351878|-0.20607065996|23.3018480391|-16.3769580831|28.0385182044
0.684897184572|0.0767079187009|-0.0808943715656|-0.720060999099|-0.781379392785|-21.9285745389|28.4899427484
0.630231657711|0.178578644271|0.238398080611|-0.71699656944|7.13523383206|-24.1469159635|19.709367198
0.627690749247|0.215681631844|-0.25895476099|-0.701732277122|-0.768179359226|-23.1499777043|30.1010582538
0.681565715622|0.116516464424|-0.174147318095|-0.701116823652|-0.802634607023|-23.1501742501|30.0856058821
0.488303110802|0.176223325695|-0.174580450187|-0.836676208503|9.21033233971|-3.29084327614|34.5452886511
0.391384181848|-0.0217945746602|-0.174892369721|-0.903192159913|-3.93595844084|-22.2610416204|30.5118516164
0.528739966459|0.258061415343|0.480352193107|-0.650461470309|5.42851367869|-28.4861491832|13.5198060823
0.581927639637|0.147505571402|0.108402195637|-0.792370678795|-0.674013505366|-24.4724530727|23.5404966242
0.723257965485|0.189975658013|-0.0186536751354|-0.663671006696|1.14922535315|-27.8604463862|22.7529690238
0.632336472402|0.108832535108|0.275567740201|-0.715799193582|5.63624791409|-22.7828408592|21.7027685152
0.59500318953|0.162038381588|-0.15915547295|-0.770963230493|2.49350372847|-0.171823416455|33.7713783371
0.609417863382|0.318774792386|-0.297550489028|-0.662160257045|1.39463303447|-36.3229884442|21.1656839513
0.459196771133|-0.402059165296|0.727359559165|0.313743246419|14.806682727|25.3169403877|-20.5116491377
0.589673552787|0.151768433755|-0.384734338536|-0.693708103175|0.0116829999851|-15.0237919462|34.8622595342
0.405469741924|-0.0553562759336|-0.306011222757|-0.859585424868|12.9399238664|20.1284486929|29.2673837478
0.576230968687|0.290604677057|-0.265621805288|-0.716206568634|-2.67326552018|-25.0979859335|28.3942832773
0.704336648972|0.167813682757|0.166609707314|-0.66932029569|7.13751243266|-24.1633272717|19.6969185592
0.385985655449|0.0496703191608|-0.248283222923|-0.887075743326|-0.806889830836|-23.1864528095|30.0894137917
0.300800888003|0.219961430071|0.923581098335|0.0901873042949|17.1029237491|33.4139170389|-18.4076348078
0.607411623115|0.0349831456017|-0.12291884468|-0.784039703874|-0.827433234627|-23.1553955064|30.0808468054
0.506029510167|0.0469927150388|-0.244503278778|-0.825798986583|-3.11961806365|-14.0010938011|35.107545381
0.248434270322|0.18763782248|0.91705160735|0.249176263639|17.0972765978|24.0391295226|-23.6369768978
0.523917070973|0.166185826563|-0.329516090733|-0.767666802552|-2.71196331234|-30.7338610485|25.5286128068
0.408904546876|0.0166963056534|-0.27652696103|-0.869512015297|-0.0295797858202|-17.0284668974|31.679086953
0.121049556031|0.0233967960757|-0.580271519634|-0.805036991957|-9.70544092061|26.8508701356|24.6824697977
0.557953937773|0.0877112525931|0.216162722154|-0.796409327572|4.36511144093|-22.566536861|24.9936012065
0.54994160691|0.19438445274|-0.341814623234|-0.736845761924|-1.91628144662|-20.1773349736|32.1199949857
0.839872187793|0.0901999816302|0.213189289543|-0.490947042266|7.10013516562|-24.1861040266|19.6973986624
0.379827193777|-0.0449651165939|0.0501244449803|0.922603371538|-5.82190044054|18.6828122927|27.5321387102
0.577725267796|0.168200682143|0.315205961327|-0.733885036924|9.97232075639|-23.3723160116|19.4081817125
0.480648904135|0.0263093084154|-0.437934945465|-0.759274281656|-6.23588155084|-9.7137226332|36.1300947224
0.583129942508|0.133755768266|-0.198324109836|-0.776361006275|2.38924667401|2.70508002209|33.6582573375
0.650779996074|0.279859320199|0.27874754313|-0.648431927658|0.92245360935|-25.8884791509|15.0987919784
0.503915149436|0.107269997062|-0.246124093863|-0.820966260159|-2.91780480888|-16.0927558911|32.0047501801
0.660138419573|0.219289014327|-0.0595198410513|-0.715951802652|-0.637407811911|-24.4936657334|23.5372331392
0.683595209651|0.104714810929|-0.38182416229|-0.613141669442|-3.07940926724|-14.0068411636|35.1278764014
0.80475603494|0.151766332283|0.207066147116|-0.535218007295|9.05016169648|-26.9320891583|18.6633723786
0.802922579205|0.105582078699|0.245305362671|-0.532909969419|12.6711662928|-27.5244869193|19.4265595199
0.755819682282|0.163962033612|0.132654341563|-0.61988376739|7.58228090103|-25.6775857961|20.9310910004
0.758742310382|0.200698913693|0.205276842153|-0.584714862608|2.39571714667|-24.6011413982|16.9761113917
0.621470433936|-0.1297286747|-0.171838933135|-0.753270437335|-9.22855753286|14.4997330782|29.0861350429
0.636433180827|0.340504743829|-0.219048458125|-0.656526540793|3.32055934526|-37.8562826196|18.0285001645
0.331392326919|-0.0966300688165|-0.23970820751|-0.907403841028|-0.102515034608|-11.9830184182|35.982144687
0.21497886415|0.123661848399|0.900137340313|0.358112557435|16.433059641|28.1790847874|-22.7774270614
0.25730654721|-0.00958533462897|-0.477264779711|-0.840190330919|-17.4767850969|17.9273993343|28.2768386405
0.803351219212|0.180089816331|0.0374769589616|-0.566383222025|3.85627870262|-16.4803682378|24.6967794097
0.968149453828|0.129351325097|0.0668745534519|-0.203672933519|26.0175399674|-14.4903931894|26.6392850127
0.558426110945|0.226587440551|-0.301100221151|-0.739024402319|-0.759014667904|-23.1617862889|30.1078933383
0.584193390479|0.105685362757|-0.222923188725|-0.773210151607|5.60854253203|7.67815419159|34.5567245936
0.673055362845|0.133105619205|0.289026563929|-0.667639886485|10.5787929656|-24.8455357852|20.6188756149
0.357996925659|0.014738984985|-0.362545365791|-0.860338201688|-0.0326267856091|-15.0541077097|34.8530220971
0.37571539823|-0.0270668958872|-0.22687299704|-0.898128034243|-1.98552928819|-20.1912694409|32.0965515094
0.680536678659|0.108625343397|0.208031108807|-0.694113406829|9.11218256934|-23.5514902024|22.7207897507
0.599471030363|0.223316444976|-0.316453450225|-0.700443761482|1.16936534503|-21.0381881674|31.6081060034
0.570327001759|0.19260189786|0.235379736599|-0.763038661933|0.998734364828|-24.7282877147|20.2360712168
0.609934305216|0.304101379013|0.180984568164|-0.709046599801|1.0120749069|-27.6209514365|16.1007715537
0.466540831491|0.0926177825127|-0.0307284599834|-0.879100313196|-0.741776150674|-27.3802278997|26.3144306209
0.0478851056171|0.267816297293|0.856284428528|0.439042623243|7.07479927835|34.2981968545|-14.0827446766
0.0858791900988|0.303010759076|0.702528614762|0.638171442508|15.4326555209|36.1626464326|-5.85141634941
0.538662360128|0.151620648146|-0.160901461525|-0.812997392687|-2.59760375762|-29.171609551|24.2285168875
0.67649804986|0.165278109787|-0.335512621803|-0.634401147202|6.14158202511|-17.7309047626|33.027205795
0.698970034368|0.0870882612875|0.227066643912|-0.67253049375|10.0156062079|-19.7154517446|23.0709404721
0.562020889113|0.0779191487597|-0.0665825869858|-0.820748369214|-1.87515906451|-19.0844094227|30.3947871548
0.811358411242|0.0268822210504|-0.110667305864|-0.573347732281|5.65028513588|-1.61455487902|33.3525419795
0.637882655416|0.199111474928|-0.219562866775|-0.710811146512|-3.67117418336|-21.0673280371|28.9108492776
0.846677556673|0.118067824461|0.23921576235|-0.460405172535|9.03321159466|-26.9421922141|18.6658055411
0.574476808526|0.0687069659946|-0.110177108675|-0.808156392051|8.82473899273|6.35450944275|34.157645843
0.592068563018|0.173174002839|0.126878119488|-0.776767355276|4.1374577066|-21.248701837|23.5095119005
0.126836630215|0.27538822964|0.748319395759|0.58999311364|12.5028683275|35.7639298469|-12.0398352132
0.764646992916|0.137426568802|0.00610574054119|-0.629596405918|5.11657154405|-14.9006468081|27.7723555807
0.438667234412|0.159619277549|-0.194463541072|-0.862714712337|9.16584043127|-0.0763644522084|34.6992602477
0.390525209179|-0.0670892379811|-0.331017597665|-0.856397364066|-0.0545097726482|-15.0550563821|34.84875654
0.690149895363|0.220385933468|-0.281922848615|-0.629001327255|4.95060717025|-20.8974374293|31.3346069579
0.627773416551|0.22054295635|0.213289182215|-0.715380364999|2.25768283196|-22.9539507238|15.841495901
0.496152901572|-0.0759261980542|-0.407444071063|-0.762926496896|-6.6964393089|-6.7446671413|38.7604904322
0.525655250516|0.0494338904262|-0.177469700374|-0.830510297065|-3.10820065686|-16.9698022941|33.7828429605
0.171905657748|0.237909781855|0.913493208347|0.281740197408|12.0817096023|28.2220579166|-22.0201578089
0.534633920053|0.213619683593|-0.106679213094|-0.810649583855|-4.45650406775|-30.698930719|21.9554968884
0.254886006013|0.0919191552625|0.912805774764|0.305564412835|18.0064164144|25.2974797958|-24.8952240538
0.198546649745|-0.165265910715|-0.212680193922|-0.94235531608|-9.37256707918|-8.33916183316|35.7670644331
0.139287656268|0.177128565161|0.277048607077|0.934060217294|-13.1783187276|14.6775735752|32.2523219787
0.789601875146|0.152513174277|0.256167998149|-0.536326921906|10.4413809047|-27.9783420476|16.2559865236
0.577322484389|0.160581081782|0.086324096535|-0.795902390718|2.55283247406|-19.5423993862|25.1437857992
0.474689788186|0.148007979902|-0.203437389619|-0.843431367322|-1.83759475092|-19.1079773682|30.4040473739
0.0872186063367|0.31817779365|0.868385065729|0.370220453184|8.64405212257|32.6190315928|-16.9397118253
0.903306626816|0.162691028768|0.135422177916|-0.373134829301|11.0711612326|-29.6431238711|17.2007669635
0.528272362343|0.087537842335|-0.353563349512|-0.766980048779|1.20085943356|-22.173922929|33.2727989061
0.63439219118|0.157168768879|0.232828656109|-0.720163413923|3.59918718375|-18.5877145637|20.566902134
0.509974548729|-0.045205884637|-0.261659657217|-0.818178838291|-3.28562377197|-17.8877005512|35.5753029658
0.448973583957|0.000203833637823|-0.107551576709|-0.887048667046|-2.75579108218|-25.1131303055|28.3621788564
0.54675481404|0.0766020590871|-0.392059430587|-0.735853722391|-0.823071747637|-24.4165831225|31.7008498785
0.99774652274|-0.0127124529944|0.0578348941006|0.0315498799239|26.7413196793|-3.9152310452|29.3808319599
0.754366804723|0.16618660546|0.136813035531|-0.62015718121|3.86030575763|-19.9307533691|22.030529947
0.671952738771|0.159981363406|0.213797051708|-0.690779487899|8.05027623918|-20.7797366116|20.0368623833
0.603471350759|-0.137640231215|-0.344426347973|-0.705866833323|-11.7849460839|17.0447375455|29.1551623457
0.608062484537|0.323424803327|-0.35221996336|-0.633717215249|-0.659923317615|-34.4432710782|24.1182692179
0.196797030563|0.0394765292907|0.222104710815|0.954139418445|-17.5152717352|17.9796354949|28.2382107496
0.797391706214|0.125101584719|0.177241302729|-0.563117732777|7.56204632532|-25.6826613279|20.933573021
0.995807064233|-0.0429440736792|-0.0197279443365|0.0783256380282|24.5963700442|-1.93765737145|31.3800932229
0.300038523066|0.0392778384541|0.885918256011|0.351543709586|8.92207557335|38.3547173754|-5.4373154667
0.286739139587|-0.0645906671855|0.0233754623792|0.955542934305|-1.1582369076|16.2766981017|31.8627274107
0.250911763166|-0.112507693639|-0.159241454863|0.948170588571|-17.0723121783|14.0086725672|28.1839897824
0.818131932694|0.268362036997|0.0589500071926|-0.505140430432|4.13856186609|-21.2475462164|23.510231925
0.557832940051|-0.0189069207171|-0.146277862975|-0.816742141772|-0.0633608495723|-15.0053456114|34.8310006237
0.513802910183|0.139034670214|-0.00303340038981|-0.846561709769|1.21181468004|-29.4097510186|24.023138114
0.450143051335|0.0245314794281|-0.435460348654|-0.779194279113|-0.0159052600509|-15.0636445083|34.8664027297
0.400226434679|0.00717280623257|-0.223911574151|-0.888611815585|1.10681413462|-21.0618798806|31.5852391178
0.660138419573|0.219289014327|-0.0595198410513|-0.715951802652|-0.679830078604|-25.9283296734|24.9300495264
0.42884198019|-0.118324513352|-0.377664742737|-0.812073400414|-7.05458890586|-7.07077132818|40.701058982
0.839872187793|0.0901999816302|0.213189289543|-0.490947042266|7.54457379325|-25.6917090619|20.936603688
0.39553169555|-0.0182153641314|-0.267168966874|-0.878546311508|-0.0494935733119|-15.0346465846|34.8397949466
0.39284931772|-0.0260395161479|-0.276306391344|-0.876724663317|12.9432314808|20.1385673319|29.2632779889
0.334999064265|-0.11844982697|-0.199431049778|-0.913220960018|-0.111945335576|-11.9748044287|35.9799417515
0.998125543491|-0.00866937401504|0.0547944892409|-0.0258419297649|31.4747282617|-6.49750583551|29.9588031561
0.45813707447|-0.228113245905|0.727334071924|0.4572307031|37.103368146|21.4521751978|-9.34519078379
0.668735400795|0.153520508773|0.223058701551|-0.692437168826|7.57294443392|-25.6608067914|20.9435777715
0.776367332061|0.113126819577|0.337180467292|-0.520351247599|14.0463469656|-28.5102447567|16.902041266
0.472734835563|0.112533497422|-0.28626639994|-0.825778139375|-2.91166348862|-16.1024371547|32.0095442065
0.587643045692|0.201497780675|0.251214919977|-0.742270408419|7.14307204055|-24.1400039954|19.714202598
0.643508418569|0.150917073592|-0.144216713671|-0.736425482739|-0.472784425196|3.9138702959|33.6077540461
0.803351219212|0.180089816331|0.0374769589616|-0.566383222025|4.11034724067|-17.5727028685|26.3527548374
0.368093982549|0.0423816095575|-0.327951237715|-0.8689986219|-0.0249624148303|-17.9741719428|33.4541642457
0.551693553027|0.0606756442193|-0.173539950954|-0.813533389094|1.11371511306|-21.0398555931|31.5826144863
0.601029183808|0.244887802471|-0.198012052652|-0.734564572666|-0.647981490583|-25.9542138567|24.9379261952
0.317097787467|-0.0193259683502|0.87602059822|0.362854532319|5.53290881071|39.0080540978|-5.24407940042
0.447091663332|-0.0115215224479|-0.381206604198|-0.809109278167|-6.58811931366|-10.2092430248|38.0267180827
0.408013405475|0.00966442171127|-0.232717004805|-0.882765232426|-0.0422741048541|-17.9541930883|33.4423678355
0.505129709456|-0.0267780496017|-0.355535749691|-0.785952443457|-0.0369511374549|-18.9196756253|35.2253140441
0.944282401135|0.116424825493|0.011876993544|-0.307627931013|19.3570721667|-17.2489393272|27.7296181138
0.60069859426|0.219056863333|-0.291674400375|-0.711407993803|-3.86518809419|-22.2424931833|30.5344360919
0.723685107591|0.138343990276|0.151456421364|-0.658939874218|7.13587137224|-20.7841455064|23.207070799
0.470284587218|0.109431760807|-0.107656166495|-0.869061129362|-0.685515029612|-25.9617863642|24.9222137579
0.569747575665|0.112770762373|-0.277573379077|-0.76526039647|3.22594661806|-24.492736139|31.4648681155
0.536903772274|0.143566879716|-0.165225617055|-0.814753573687|5.92496024637|1.45707699877|35.3436095637
0.437785902808|-0.244814506674|0.830029695463|0.243844346404|11.7886213753|24.1069092573|-26.618069772
0.312902534432|-0.58932862945|0.611942491053|0.424629436215|16.5141322802|26.2727098018|-17.8892849238
0.0643318171332|0.226041560307|0.711343973741|0.66238688192|13.5656800519|37.2702498782|-2.52367888831
0.0868056165666|0.239419448528|0.796449066902|0.548463304542|10.322143247|33.3983765872|-14.2571294655
0.904858371234|0.103845372013|-0.324238444937|-0.255571707245|13.2800280939|5.45323800047|37.2228922597
0.467640938617|0.195934654284|-0.222040780352|-0.832838192952|6.03711297114|-1.70102614908|35.3399456071
0.399407792622|-0.351082458864|0.82245067761|0.201963870954|24.3906726662|21.7286016314|-22.7794313025
0.52755833752|0.137191248527|-0.0828987630712|-0.834259286386|9.14336997589|-0.0498556958939|34.6928905638
0.0992806924503|0.248216470168|0.769996227237|0.579342504988|12.5134354949|35.7596594118|-12.034529376
0.486045300512|-0.0541365683883|-0.316772146575|-0.812702039475|-6.6046574014|-10.2003441283|38.0173854602
0.454211486253|0.210763243193|-0.0856989035872|-0.861351542054|-4.21617519603|-29.0891757349|20.7929315107
0.780114105366|-0.00715432709963|-0.0321836244342|-0.624767966954|3.15555668845|-24.4663589544|31.4510283397
0.65143540167|0.304287910736|-0.207550337254|-0.663297551885|-0.716366837546|-21.9103311559|28.5170396692
0.61180773478|0.112579816425|-0.295034480931|-0.725239088617|-0.00604005798075|-17.9448209771|33.4518585248
0.886541194683|0.141461774808|0.209925638214|-0.387252505244|10.4379319307|-27.9990360055|16.2459866627
0.707283515672|0.147326614158|0.0393955661874|-0.690284641713|4.11333700559|-17.5760888506|26.3514634085
0.115785974256|0.175594172643|0.867405536931|0.450963334653|11.8376296786|31.531829275|-17.0738551274
0.207730904759|0.0758574568109|0.870057671167|0.440560059808|14.5797541477|30.8233993917|-20.4769334707
0.509867172691|0.266957615947|0.290512470855|-0.764442019893|2.42871415149|-24.5699425262|17.0021938753
0.538762542435|0.162652091141|-0.38212058974|-0.732982315621|-3.05365553671|-16.993525858|33.8128242076
0.616009384832|0.296418148885|0.30091851357|-0.664918616826|3.58597410352|-27.8653964589|10.5245197237
0.933287547788|0.10751016823|-0.00317987469216|-0.342645305335|19.358871727|-21.5027404623|27.5918586593
0.219661214005|0.178240940929|0.862703293309|0.419192253927|21.6605306012|27.469415978|-18.9685515901
