#|num|weight|mean|covariance matrix|
|0|0.0413058594461|109.030172464 156.16938915 199.811744906|47.6365906013 3.18872165553 25.9605183623 3.18872165553 48.9172548113 7.58697082845 25.9605183623 7.58697082845 82.6404336747|
|1|0.0164267086134|98.3013891929 149.408969028 90.6930829964|38.5163087572 -7.71277567194 -21.0996119851 -7.71277567194 25.9188815006 14.9557295149 -21.0996119851 14.9557295149 95.2237462184|
|2|0.0304237747253|149.859582445 137.128530546 137.644049908|85.6067810163 43.6565862008 -23.5789950417 43.6565862008 77.1010420934 -8.53460962003 -23.5789950417 -8.53460962003 43.5313752482|
|3|0.00729494475232|112.041946604 93.5220827601 123.552882061|57.9088630564 -79.9322089771 19.7566859246 -79.9322089771 144.214218225 -40.34242703 19.7566859246 -40.34242703 29.9357950838|
|4|0.0101676875882|126.647585553 135.8816883 160.023778933|99.6627571955 -35.9803599054 69.9102039794 -35.9803599054 36.9243432321 -60.0510653955 69.9102039794 -60.0510653955 134.236081723|
|5|0.0132823120412|123.506487025 168.526634366 106.698124457|46.0944081346 45.7018252824 -19.7563472714 45.7018252824 104.51598981 -81.5180879849 -19.7563472714 -81.5180879849 108.950209703|
|6|0.0148752955472|139.829585607 95.3891154078 91.6550590851|40.1419988346 3.96090982356 19.0589545271 3.96090982356 23.0614466176 -0.994044605478 19.0589545271 -0.994044605478 60.8204806706|
|7|0.0416642595645|192.646102676 108.054021155 134.397153367|69.4868239774 -5.36501026249 2.88070597022 -5.36501026249 82.2087859611 -10.7138509183 2.88070597022 -10.7138509183 37.2897916927|
|8|0.0305976681138|105.265434666 162.382853989 174.636960295|50.5706346831 -14.5722025389 -50.2277963504 -14.5722025389 38.1477040119 27.5705010146 -50.2277963504 27.5705010146 158.71791062|
|9|0.0175199583064|137.377914872 113.511931404 117.070858192|50.7581228614 24.8525428957 -27.4313303124 24.8525428957 157.103945185 -52.4577017547 -27.4313303124 -52.4577017547 42.6019107424|
|10|0.0297061236614|125.090482816 117.651366711 167.302883129|64.2589123641 -2.69409611924 13.8539538099 -2.69409611924 70.6397878882 6.51144461149 13.8539538099 6.51144461149 43.1053828|
|11|0.00746127114856|101.009451313 153.319529185 112.90286579|62.1201027902 -10.7901637253 27.0386642878 -10.7901637253 32.8677605527 -9.07729622634 27.0386642878 -9.07729622634 26.2235613452|
|12|0.0266673908576|133.954916245 174.636194061 90.2550243493|39.0489533377 -4.31490112554 2.45231132271 -4.31490112554 47.3416712074 -9.69188668946 2.45231132271 -9.69188668946 44.7980566429|
|13|0.0282475834723|180.606801658 150.457815386 159.789093443|45.6982099796 -9.69026750109 -11.2163168884 -9.69026750109 46.101474724 4.50051039148 -11.2163168884 4.50051039148 39.18155694|
|14|0.0172760335469|112.914185781 137.363152519 132.648981996|120.327411943 -44.5200771058 149.000393554 -44.5200771058 59.840645599 -72.7845735228 149.000393554 -72.7845735228 243.003948687|
|15|0.0316187421672|93.4612122947 140.992786435 208.137446507|38.4510437968 7.96893763861 -8.23423289603 7.96893763861 40.4636834733 -7.67656093252 -8.23423289603 -7.67656093252 39.8004478728|
|16|0.0111017726727|115.194042591 126.750147978 156.715341594|27.3706904807 3.90676237123 -20.8054365115 3.90676237123 38.0353176005 -10.8503318741 -20.8054365115 -10.8503318741 75.6909928795|
|17|0.0112199057381|127.188964887 81.2785438848 133.239967703|20.72377665 11.3357156665 -5.74960692571 11.3357156665 66.0152832121 -40.1617101118 -5.74960692571 -40.1617101118 52.8856105877|
|18|0.0208958726621|134.570059754 144.481530968 101.326901012|144.57283883 -144.661256385 -8.63324323846 -144.661256385 206.265087925 -3.46676247253 -8.63324323846 -3.46676247253 25.6734297871|
|19|0.0226712568158|108.66313629 116.406107135 107.33181638|104.007558337 86.2024192625 -42.7600677289 86.2024192625 170.300039739 -58.5672468354 -42.7600677289 -58.5672468354 52.140342954|
|20|0.0162725074572|129.796251099 129.166895608 107.462068263|30.0198342799 -13.7718053296 1.95771514345 -13.7718053296 219.531747294 39.5535906447 1.95771514345 39.5535906447 45.0852220461|
|21|0.0177325814933|139.213807095 151.154233073 154.337797077|307.633791585 21.7880663071 46.3630623387 21.7880663071 30.0291766638 4.18988516318 46.3630623387 4.18988516318 24.5991671166|
|22|0.0276552900226|163.66821451 91.8325938044 114.468074567|36.7027397864 18.5259583776 8.00694988094 18.5259583776 91.381546451 -23.878041588 8.00694988094 -23.878041588 76.2316125108|
|23|0.0241782205975|136.115915678 167.79301609 116.519017142|31.162312598 30.5231618409 8.30757653039 30.5231618409 75.9315324855 11.380343609 8.30757653039 11.380343609 156.464702631|
|24|0.0188863516862|117.504106172 129.106292681 119.547643407|52.7072058373 -45.4711841092 -38.8095935583 -45.4711841092 157.598038009 96.3864664013 -38.8095935583 96.3864664013 92.1034730061|
|25|0.0126483952286|96.8338648979 123.340288112 110.335486454|53.7384749749 28.0257682542 33.8537972721 28.0257682542 65.5510706762 1.92886822123 33.8537972721 1.92886822123 58.321864501|
|26|0.0207600017146|125.580302868 149.982642403 138.224681148|103.337346776 1.61149754829 2.64351285995 1.61149754829 53.7451943813 15.1307554419 2.64351285995 15.1307554419 41.4074112565|
|27|0.0107352888953|113.019273779 138.872620317 178.596589254|15.425933449 -7.07684726425 1.24134038256 -7.07684726425 212.259160284 75.2882307772 1.24134038256 75.2882307772 42.5285962999|
|28|0.0104922564371|134.768966928 134.776516911 91.6439531599|90.9580912318 0.652029977318 13.8136858898 0.652029977318 31.7046047212 -0.699190399728 13.8136858898 -0.699190399728 12.744281424|
|29|0.0206094733184|135.607814692 136.38325365 148.459183481|66.0353081897 81.8943231598 -22.8379736867 81.8943231598 195.991788677 -77.4558855823 -22.8379736867 -77.4558855823 71.3007002034|
|30|0.0117214140214|99.5923942097 108.122301743 151.265880983|65.6356420029 17.776303368 52.5154370752 17.776303368 25.0863193908 10.2909835335 52.5154370752 10.2909835335 81.3035981002|
|31|0.0257269036742|95.9084765283 100.905280628 128.35966704|31.2535700423 -5.16629490198 -17.8393903991 -5.16629490198 47.0240193199 28.648719096 -17.8393903991 28.648719096 101.117901033|
|32|0.0249689417863|100.881920088 164.590593453 103.638910256|58.2201734157 -1.63642692471 6.68967848257 -1.63642692471 33.4567163449 5.89112882401 6.68967848257 5.89112882401 33.7633391983|
|33|0.0241510037|148.66776982 118.087632214 175.84814383|76.8929407342 30.4600626217 15.611878386 30.4600626217 50.6296692806 12.9198388823 15.611878386 12.9198388823 32.3060839527|
|34|0.0199878838812|86.8670078405 132.550808608 99.5557909308|48.5609847286 36.0597104253 1.32067639993 36.0597104253 73.3163030814 -2.516294721 1.32067639993 -2.516294721 29.8384658387|
|35|0.0234054424938|96.571305828 116.748934978 95.997727233|46.3879323708 11.2532080957 -8.30781005451 11.2532080957 53.7037531582 -19.3102684436 -8.30781005451 -19.3102684436 42.5192897641|
|36|0.0234615031284|120.533021983 148.22272439 117.473675058|162.839326051 93.6678385381 127.330321361 93.6678385381 104.62862511 76.4118939157 127.330321361 76.4118939157 132.894919538|
|37|0.0208089078851|128.877441128 163.911655256 150.642660606|200.17806278 -49.9447518301 -64.8373736709 -49.9447518301 27.9773619365 15.3966105004 -64.8373736709 15.3966105004 67.6440035242|
|38|0.0316962366562|127.793356571 99.906895166 112.363835848|88.664262766 -6.57784195489 -27.5162274757 -6.57784195489 49.3708082349 -22.4055608082 -27.5162274757 -22.4055608082 69.3294433334|
|39|0.0120978466924|175.880368969 149.782700569 146.35681771|47.5185087069 17.8707719588 13.8053727381 17.8707719588 51.1518632795 45.0106847642 13.8053727381 45.0106847642 67.9063866939|
|40|0.0135329379813|103.656851945 139.512694256 141.361962127|34.1853002511 -11.6071718528 14.6392015256 -11.6071718528 53.6685434276 33.2517839916 14.6392015256 33.2517839916 76.5430882957|
|41|0.0252579747555|140.837894015 113.54986026 101.98801915|125.33281591 -86.7357049357 28.7568205894 -86.7357049357 164.247770973 -29.1384213517 28.7568205894 -29.1384213517 38.2431505294|
|42|0.0161554102147|167.940191759 114.079066375 109.973057079|158.265199418 34.9343625454 89.8273802277 34.9343625454 41.8584375716 37.892665744 89.8273802277 37.892665744 93.1654615839|
|43|0.0199277394202|173.084394029 134.899417683 127.194983941|32.7819554934 -28.0031225328 -1.38003624726 -28.0031225328 145.20451368 10.796646942 -1.38003624726 10.796646942 29.3917482215|
|44|0.0121059144915|142.412738596 147.500845206 131.741075654|186.412776514 46.0089364999 222.207814829 46.0089364999 32.1678967492 55.3358629955 222.207814829 55.3358629955 296.93523478|
|45|0.0275660731486|149.953648145 180.604804692 127.124300905|39.182164834 4.96310081949 -3.34796854261 4.96310081949 49.886545844 -1.70777029853 -3.34796854261 -1.70777029853 36.9258301763|
|46|0.0229594945296|167.906778857 90.4616138997 135.38727954|37.7664720936 7.24330491987 -13.1555890622 7.24330491987 52.9115023124 -3.15431074342 -13.1555890622 -3.15431074342 44.7304685755|
|47|0.00113663447351|199.812959232 182.192044959 124.257453359|6.40616461207 2.03138377512 0.294678178365 2.03138377512 9.83216615313 -0.599957323418 0.294678178365 -0.599957323418 10.3264412195|
|48|0.0103412330412|101.442186945 157.065954681 145.694202974|73.9017363773 57.1034714 20.4971204189 57.1034714 77.7888033373 24.7320113955 20.4971204189 24.7320113955 26.3470533547|
|49|0.0225957157332|102.521234521 137.000236013 84.9960310615|71.8706422508 -16.5378780199 18.2789959938 -16.5378780199 40.5863530397 -31.4419238824 18.2789959938 -31.4419238824 69.6590264286|
