 0.180257E-01  0.448662E+03  0.228232E+02
 0.189557E-01  0.420743E+03  0.193132E+02
 0.198857E-01  0.437318E+03  0.181614E+02
 0.208157E-01  0.425837E+03  0.177272E+02
 0.217458E-01  0.427069E+03  0.171177E+02
 0.226758E-01  0.431680E+03  0.167272E+02
 0.236058E-01  0.432512E+03  0.157862E+02
 0.245359E-01  0.446639E+03  0.152386E+02
 0.254659E-01  0.446475E+03  0.141457E+02
 0.263959E-01  0.458462E+03  0.134933E+02
 0.273259E-01  0.436424E+03  0.132238E+02
 0.282560E-01  0.410797E+03  0.127033E+02
 0.291860E-01  0.403178E+03  0.124142E+02
 0.301160E-01  0.404546E+03  0.119516E+02
 0.310461E-01  0.409601E+03  0.117906E+02
 0.319761E-01  0.411403E+03  0.116204E+02
 0.329061E-01  0.391550E+03  0.111698E+02
 0.338361E-01  0.384619E+03  0.111328E+02
 0.347662E-01  0.410678E+03  0.110476E+02
 0.356962E-01  0.409365E+03  0.108785E+02
 0.366262E-01  0.405825E+03  0.106570E+02
 0.375563E-01  0.417320E+03  0.105272E+02
 0.384863E-01  0.420419E+03  0.103209E+02
 0.394163E-01  0.408655E+03  0.100160E+02
 0.403463E-01  0.396529E+03  0.100667E+02
 0.412764E-01  0.387081E+03  0.101177E+02
 0.422064E-01  0.391887E+03  0.992143E+01
 0.431364E-01  0.378367E+03  0.974273E+01
 0.440665E-01  0.375398E+03  0.963546E+01
 0.449965E-01  0.381516E+03  0.964090E+01
 0.459265E-01  0.371643E+03  0.126353E+02
 0.468565E-01  0.367645E+03  0.643483E+01
 0.477866E-01  0.365291E+03  0.610540E+01
 0.487166E-01  0.361022E+03  0.599764E+01
 0.496466E-01  0.360890E+03  0.599988E+01
 0.505766E-01  0.350991E+03  0.592753E+01
 0.515067E-01  0.340240E+03  0.577785E+01
 0.524367E-01  0.347796E+03  0.571611E+01
 0.533667E-01  0.340718E+03  0.565922E+01
 0.542968E-01  0.335199E+03  0.571052E+01
 0.552268E-01  0.331093E+03  0.571043E+01
 0.561568E-01  0.330880E+03  0.574896E+01
 0.570869E-01  0.334507E+03  0.571437E+01
 0.580169E-01  0.337343E+03  0.559265E+01
 0.589469E-01  0.326828E+03  0.548613E+01
 0.598769E-01  0.324607E+03  0.532992E+01
 0.608070E-01  0.328292E+03  0.534935E+01
 0.617370E-01  0.322001E+03  0.528252E+01
 0.626670E-01  0.319431E+03  0.518426E+01
 0.635970E-01  0.315778E+03  0.513890E+01
 0.645271E-01  0.310148E+03  0.515100E+01
 0.654571E-01  0.311556E+03  0.511906E+01
 0.663871E-01  0.305336E+03  0.509797E+01
 0.673172E-01  0.294938E+03  0.511118E+01
 0.682472E-01  0.292732E+03  0.505175E+01
 0.691772E-01  0.291007E+03  0.505287E+01
 0.701073E-01  0.282238E+03  0.504095E+01
 0.710373E-01  0.279642E+03  0.494620E+01
 0.719673E-01  0.272400E+03  0.491256E+01
 0.728973E-01  0.271624E+03  0.486883E+01
 0.738274E-01  0.276241E+03  0.473779E+01
 0.747574E-01  0.269798E+03  0.467902E+01
 0.756874E-01  0.262756E+03  0.466447E+01
 0.766174E-01  0.263165E+03  0.467042E+01
 0.775475E-01  0.264052E+03  0.467378E+01
 0.784775E-01  0.259550E+03  0.464306E+01
 0.794075E-01  0.254737E+03  0.459903E+01
 0.803376E-01  0.255691E+03  0.459238E+01
 0.812676E-01  0.253395E+03  0.459246E+01
 0.821976E-01  0.245750E+03  0.452878E+01
 0.831276E-01  0.245595E+03  0.450521E+01
 0.840577E-01  0.234127E+03  0.448786E+01
 0.849877E-01  0.236175E+03  0.448858E+01
 0.859177E-01  0.237526E+03  0.446871E+01
 0.868478E-01  0.228947E+03  0.438946E+01
 0.877778E-01  0.219020E+03  0.435730E+01
 0.887078E-01  0.212633E+03  0.427560E+01
 0.896378E-01  0.213993E+03  0.427960E+01
 0.905679E-01  0.212195E+03  0.420602E+01
 0.914979E-01  0.212571E+03  0.415357E+01
 0.924279E-01  0.204262E+03  0.415383E+01
 0.933580E-01  0.201663E+03  0.416458E+01
 0.942880E-01  0.206975E+03  0.413561E+01
 0.952180E-01  0.202452E+03  0.419309E+01
 0.961480E-01  0.201219E+03  0.421639E+01
 0.970781E-01  0.202511E+03  0.421784E+01
 0.980081E-01  0.196576E+03  0.414971E+01
 0.989381E-01  0.194008E+03  0.413472E+01
 0.998682E-01  0.189458E+03  0.336071E+01
 0.100798E+00  0.188383E+03  0.279202E+01
 0.101728E+00  0.184814E+03  0.275431E+01
 0.102658E+00  0.181309E+03  0.268198E+01
 0.103588E+00  0.182381E+03  0.268480E+01
 0.104518E+00  0.179918E+03  0.266029E+01
 0.105448E+00  0.176782E+03  0.267118E+01
 0.106378E+00  0.171469E+03  0.264723E+01
 0.107308E+00  0.167316E+03  0.262046E+01
 0.108238E+00  0.166387E+03  0.265513E+01
 0.109168E+00  0.162466E+03  0.269901E+01
 0.110098E+00  0.164032E+03  0.268570E+01
 0.111028E+00  0.156171E+03  0.265284E+01
 0.111959E+00  0.153696E+03  0.265426E+01
 0.112889E+00  0.152416E+03  0.260640E+01
 0.113819E+00  0.147862E+03  0.258479E+01
 0.114749E+00  0.141722E+03  0.256246E+01
 0.115679E+00  0.141391E+03  0.253365E+01
 0.116609E+00  0.142139E+03  0.252598E+01
 0.117539E+00  0.143797E+03  0.249168E+01
 0.118469E+00  0.139183E+03  0.206594E+01
 0.119399E+00  0.133196E+03  0.187497E+01
 0.120329E+00  0.129806E+03  0.187598E+01
 0.121259E+00  0.127904E+03  0.186029E+01
 0.122189E+00  0.128675E+03  0.183916E+01
 0.123119E+00  0.127848E+03  0.185053E+01
 0.124049E+00  0.121954E+03  0.187744E+01
 0.124979E+00  0.118613E+03  0.188281E+01
 0.125909E+00  0.116677E+03  0.186964E+01
 0.126839E+00  0.115282E+03  0.185537E+01
 0.127769E+00  0.115584E+03  0.185738E+01
 0.128699E+00  0.114844E+03  0.186305E+01
 0.129629E+00  0.109484E+03  0.184970E+01
 0.130559E+00  0.107393E+03  0.183903E+01
 0.131489E+00  0.102738E+03  0.182665E+01
 0.132419E+00  0.100754E+03  0.182585E+01
 0.133349E+00  0.100240E+03  0.182236E+01
 0.134279E+00  0.101636E+03  0.184577E+01
 0.135209E+00  0.981080E+02  0.178954E+01
 0.136139E+00  0.952984E+02  0.176220E+01
 0.137069E+00  0.960515E+02  0.176580E+01
 0.137999E+00  0.924388E+02  0.175179E+01
 0.138929E+00  0.872252E+02  0.175034E+01
 0.139859E+00  0.870476E+02  0.174918E+01
 0.140789E+00  0.860325E+02  0.175706E+01
 0.141719E+00  0.851784E+02  0.177127E+01
 0.142649E+00  0.817620E+02  0.181633E+01
 0.143579E+00  0.800221E+02  0.195584E+01
 0.144510E+00  0.783590E+02  0.197026E+01
 0.145440E+00  0.757771E+02  0.207164E+01
 0.146370E+00  0.775089E+02  0.104116E+01
 0.147300E+00  0.751744E+02  0.854570E+00
 0.148230E+00  0.730937E+02  0.722363E+00
 0.149160E+00  0.715217E+02  0.713034E+00
 0.150090E+00  0.709428E+02  0.710265E+00
 0.151020E+00  0.687937E+02  0.708374E+00
 0.151950E+00  0.672444E+02  0.698412E+00
 0.152880E+00  0.658937E+02  0.697926E+00
 0.153810E+00  0.650104E+02  0.684978E+00
 0.154740E+00  0.635299E+02  0.681311E+00
 0.155670E+00  0.626209E+02  0.681864E+00
 0.156600E+00  0.624845E+02  0.687723E+00
 0.157530E+00  0.601738E+02  0.677224E+00
 0.158460E+00  0.581268E+02  0.682916E+00
 0.159390E+00  0.564767E+02  0.682592E+00
 0.160320E+00  0.555163E+02  0.682837E+00
 0.161250E+00  0.543334E+02  0.677841E+00
 0.162180E+00  0.525909E+02  0.674317E+00
 0.163110E+00  0.517102E+02  0.682123E+00
 0.164040E+00  0.516335E+02  0.687874E+00
 0.164970E+00  0.507426E+02  0.678382E+00
 0.165900E+00  0.482811E+02  0.671462E+00
 0.166830E+00  0.464806E+02  0.675135E+00
 0.167760E+00  0.459822E+02  0.668271E+00
 0.168690E+00  0.456809E+02  0.662083E+00
 0.169620E+00  0.443350E+02  0.657817E+00
 0.170550E+00  0.439663E+02  0.653864E+00
 0.171480E+00  0.446662E+02  0.650479E+00
 0.172410E+00  0.442266E+02  0.652551E+00
 0.173340E+00  0.425742E+02  0.647801E+00
 0.174270E+00  0.407430E+02  0.650830E+00
 0.175200E+00  0.395292E+02  0.645663E+00
 0.176130E+00  0.382024E+02  0.642820E+00
 0.177061E+00  0.369403E+02  0.641036E+00
 0.177991E+00  0.370361E+02  0.639402E+00
 0.178921E+00  0.360940E+02  0.640541E+00
 0.179851E+00  0.358282E+02  0.645354E+00
 0.180781E+00  0.365823E+02  0.644942E+00
 0.181711E+00  0.350882E+02  0.642026E+00
 0.182641E+00  0.328324E+02  0.636587E+00
 0.183571E+00  0.325103E+02  0.639948E+00
 0.184501E+00  0.326800E+02  0.643335E+00
 0.185431E+00  0.329168E+02  0.635754E+00
 0.186361E+00  0.317168E+02  0.635654E+00
 0.187291E+00  0.306805E+02  0.631406E+00
 0.188221E+00  0.304589E+02  0.630017E+00
 0.189151E+00  0.302011E+02  0.624661E+00
 0.190081E+00  0.291437E+02  0.625209E+00
 0.191011E+00  0.292451E+02  0.627172E+00
 0.191941E+00  0.287465E+02  0.622182E+00
 0.192871E+00  0.276459E+02  0.617758E+00
 0.193801E+00  0.264551E+02  0.615510E+00
 0.194731E+00  0.270718E+02  0.612555E+00
 0.195661E+00  0.267914E+02  0.613725E+00
 0.196591E+00  0.260001E+02  0.607960E+00
 0.197521E+00  0.248755E+02  0.606143E+00
 0.198451E+00  0.240548E+02  0.602781E+00
 0.199381E+00  0.240249E+02  0.597544E+00
 0.200311E+00  0.241936E+02  0.592261E+00
 0.201241E+00  0.243400E+02  0.587044E+00
 0.202171E+00  0.236165E+02  0.594505E+00
 0.203101E+00  0.228058E+02  0.594564E+00
 0.204031E+00  0.216180E+02  0.592924E+00
 0.204961E+00  0.214909E+02  0.587772E+00
 0.205891E+00  0.209342E+02  0.589781E+00
 0.206821E+00  0.206369E+02  0.593007E+00
 0.207751E+00  0.202029E+02  0.596951E+00
 0.208681E+00  0.204783E+02  0.598417E+00
 0.209612E+00  0.203511E+02  0.597635E+00
 0.210542E+00  0.201435E+02  0.597397E+00
 0.211472E+00  0.197466E+02  0.594744E+00
 0.212402E+00  0.196600E+02  0.592395E+00
 0.213332E+00  0.194075E+02  0.605968E+00
 0.214262E+00  0.191397E+02  0.615676E+00
 0.215192E+00  0.185606E+02  0.622564E+00
 0.216122E+00  0.188424E+02  0.626310E+00
 0.217052E+00  0.182758E+02  0.623248E+00
 0.217982E+00  0.179785E+02  0.630031E+00
 0.218912E+00  0.178298E+02  0.629358E+00
 0.219842E+00  0.171097E+02  0.633067E+00
 0.220772E+00  0.166134E+02  0.627641E+00
 0.221702E+00  0.170764E+02  0.629365E+00
 0.222632E+00  0.171352E+02  0.631725E+00
 0.223562E+00  0.169870E+02  0.637146E+00
 0.224492E+00  0.169621E+02  0.644136E+00
 0.225422E+00  0.167052E+02  0.640689E+00
 0.226352E+00  0.169324E+02  0.641398E+00
 0.227282E+00  0.175965E+02  0.647935E+00
 0.228212E+00  0.169242E+02  0.647913E+00
 0.229142E+00  0.154487E+02  0.648000E+00
 0.230072E+00  0.140942E+02  0.648888E+00
 0.231002E+00  0.157716E+02  0.650911E+00
 0.231932E+00  0.160845E+02  0.645529E+00
 0.232862E+00  0.143756E+02  0.643409E+00
 0.233792E+00  0.139911E+02  0.646538E+00
 0.234722E+00  0.141827E+02  0.643662E+00
 0.235652E+00  0.143190E+02  0.645256E+00
 0.236582E+00  0.138560E+02  0.641657E+00
 0.237512E+00  0.134207E+02  0.644702E+00
 0.238442E+00  0.135259E+02  0.653355E+00
 0.239372E+00  0.147352E+02  0.665059E+00
 0.240302E+00  0.143728E+02  0.668107E+00
 0.241232E+00  0.128340E+02  0.667644E+00
 0.242163E+00  0.133401E+02  0.677205E+00
 0.243093E+00  0.141040E+02  0.677873E+00
 0.244023E+00  0.137674E+02  0.680230E+00
 0.244953E+00  0.132220E+02  0.689930E+00
 0.245883E+00  0.134004E+02  0.691617E+00
 0.246813E+00  0.140910E+02  0.695413E+00
 0.247743E+00  0.141925E+02  0.695122E+00
 0.248673E+00  0.138411E+02  0.700411E+00
 0.249603E+00  0.125810E+02  0.707136E+00
 0.250533E+00  0.141541E+02  0.712644E+00
 0.251463E+00  0.142783E+02  0.711780E+00
 0.252393E+00  0.142429E+02  0.714566E+00
 0.253323E+00  0.140647E+02  0.724768E+00
 0.254253E+00  0.146989E+02  0.721491E+00
 0.255183E+00  0.146483E+02  0.727534E+00
 0.256113E+00  0.135965E+02  0.737907E+00
 0.257043E+00  0.132604E+02  0.736323E+00
 0.257973E+00  0.123640E+02  0.741690E+00
 0.258903E+00  0.130351E+02  0.746571E+00
 0.259833E+00  0.137126E+02  0.747802E+00
 0.260763E+00  0.133345E+02  0.747898E+00
 0.261693E+00  0.130165E+02  0.755243E+00
 0.262623E+00  0.149423E+02  0.756793E+00
 0.263553E+00  0.144886E+02  0.747039E+00
 0.264483E+00  0.141623E+02  0.751236E+00
 0.265413E+00  0.133835E+02  0.749804E+00
 0.266343E+00  0.128744E+02  0.753570E+00
 0.267273E+00  0.126400E+02  0.754594E+00
 0.268203E+00  0.120880E+02  0.743396E+00
 0.269133E+00  0.119427E+02  0.751571E+00
 0.270063E+00  0.127916E+02  0.751912E+00
 0.270993E+00  0.135274E+02  0.755786E+00
 0.271923E+00  0.133178E+02  0.755940E+00
 0.272853E+00  0.127356E+02  0.760965E+00
 0.273783E+00  0.128115E+02  0.772508E+00
 0.274714E+00  0.134428E+02  0.766458E+00
 0.275644E+00  0.133791E+02  0.771790E+00
 0.276574E+00  0.136809E+02  0.778800E+00
 0.277504E+00  0.128505E+02  0.789341E+00
 0.278434E+00  0.130056E+02  0.799507E+00
 0.279364E+00  0.122878E+02  0.796826E+00
 0.280294E+00  0.118550E+02  0.796014E+00
 0.281224E+00  0.118659E+02  0.797897E+00
 0.282154E+00  0.128160E+02  0.792348E+00
 0.283084E+00  0.131763E+02  0.789232E+00
 0.284014E+00  0.126519E+02  0.787595E+00
 0.284944E+00  0.136174E+02  0.797263E+00
 0.285874E+00  0.130835E+02  0.798907E+00
 0.286804E+00  0.126039E+02  0.799151E+00
 0.287734E+00  0.128539E+02  0.802658E+00
 0.288664E+00  0.134379E+02  0.808555E+00
 0.289594E+00  0.130982E+02  0.817442E+00
 0.290524E+00  0.127490E+02  0.815388E+00
 0.291454E+00  0.118489E+02  0.816971E+00
 0.292384E+00  0.126371E+02  0.824535E+00
 0.293314E+00  0.139563E+02  0.834689E+00
 0.294244E+00  0.138364E+02  0.855096E+00
 0.295174E+00  0.127714E+02  0.856776E+00
 0.296104E+00  0.126699E+02  0.860594E+00
 0.297034E+00  0.137369E+02  0.859314E+00
 0.297964E+00  0.131690E+02  0.846344E+00
 0.298894E+00  0.128038E+02  0.844111E+00
 0.299824E+00  0.130905E+02  0.854070E+00
 0.300754E+00  0.130400E+02  0.853867E+00
 0.301684E+00  0.129426E+02  0.859911E+00
 0.302614E+00  0.130807E+02  0.864848E+00
 0.303544E+00  0.135980E+02  0.863436E+00
 0.304474E+00  0.143963E+02  0.876150E+00
 0.305404E+00  0.147977E+02  0.878255E+00
 0.306334E+00  0.136631E+02  0.879638E+00
 0.307265E+00  0.126804E+02  0.887967E+00
 0.308195E+00  0.131973E+02  0.904158E+00
 0.309125E+00  0.144839E+02  0.907639E+00
 0.310055E+00  0.146062E+02  0.920291E+00
 0.310985E+00  0.132058E+02  0.915242E+00
 0.311915E+00  0.139765E+02  0.918386E+00
 0.312845E+00  0.135866E+02  0.927873E+00
 0.313775E+00  0.140488E+02  0.920460E+00
 0.314705E+00  0.142364E+02  0.923141E+00
 0.315635E+00  0.132165E+02  0.915117E+00
 0.316565E+00  0.128407E+02  0.908127E+00
 0.317495E+00  0.127232E+02  0.906451E+00
 0.318425E+00  0.130657E+02  0.898598E+00
 0.319355E+00  0.138222E+02  0.905918E+00
 0.320285E+00  0.140507E+02  0.902531E+00
 0.321215E+00  0.130473E+02  0.909502E+00
 0.322145E+00  0.129348E+02  0.914617E+00
 0.323075E+00  0.138714E+02  0.915765E+00
 0.324005E+00  0.126996E+02  0.944013E+00
 0.324935E+00  0.131252E+02  0.966160E+00
 0.325865E+00  0.135650E+02  0.976152E+00
 0.326795E+00  0.139213E+02  0.961197E+00
 0.327725E+00  0.120776E+02  0.952544E+00
 0.328655E+00  0.124216E+02  0.957252E+00
 0.329585E+00  0.125892E+02  0.945699E+00
 0.330515E+00  0.136848E+02  0.957716E+00
 0.331445E+00  0.142993E+02  0.942192E+00
 0.332375E+00  0.146953E+02  0.959117E+00
 0.333305E+00  0.142091E+02  0.945432E+00
 0.334235E+00  0.126215E+02  0.975872E+00
 0.335165E+00  0.126901E+02  0.824404E+00
 0.336095E+00  0.133354E+02  0.825932E+00
 0.337025E+00  0.136817E+02  0.843417E+00
 0.337955E+00  0.130550E+02  0.847985E+00
 0.338885E+00  0.131735E+02  0.842547E+00
 0.339815E+00  0.133387E+02  0.848910E+00
 0.340746E+00  0.133834E+02  0.851725E+00
 0.341676E+00  0.134911E+02  0.860629E+00
 0.342606E+00  0.144160E+02  0.860918E+00
 0.343536E+00  0.130655E+02  0.863425E+00
 0.344466E+00  0.121906E+02  0.873444E+00
 0.345396E+00  0.130573E+02  0.873868E+00
 0.346326E+00  0.142387E+02  0.864465E+00
 0.347256E+00  0.142554E+02  0.848874E+00
 0.348186E+00  0.128704E+02  0.856486E+00
 0.349116E+00  0.130219E+02  0.858380E+00
 0.350046E+00  0.136686E+02  0.845410E+00
 0.350976E+00  0.132326E+02  0.841819E+00
 0.351906E+00  0.128812E+02  0.858099E+00
 0.352836E+00  0.130073E+02  0.843250E+00
 0.353766E+00  0.133925E+02  0.845108E+00
 0.354696E+00  0.132342E+02  0.853467E+00
 0.355626E+00  0.119640E+02  0.873569E+00
 0.356556E+00  0.109689E+02  0.890412E+00
 0.357486E+00  0.128118E+02  0.884994E+00
 0.358416E+00  0.140585E+02  0.897518E+00
 0.359346E+00  0.130614E+02  0.896927E+00
 0.360276E+00  0.110671E+02  0.890159E+00
 0.361206E+00  0.125054E+02  0.891931E+00
 0.362136E+00  0.138366E+02  0.880534E+00
 0.363066E+00  0.144388E+02  0.874411E+00
 0.363996E+00  0.129466E+02  0.872810E+00
 0.364926E+00  0.116320E+02  0.863048E+00
 0.365856E+00  0.118812E+02  0.853350E+00
 0.366786E+00  0.119484E+02  0.853408E+00
 0.367716E+00  0.131069E+02  0.861480E+00
 0.368646E+00  0.130866E+02  0.875736E+00
 0.369576E+00  0.130396E+02  0.877121E+00
 0.370506E+00  0.124215E+02  0.878480E+00
 0.371436E+00  0.127017E+02  0.887637E+00
 0.372366E+00  0.124813E+02  0.901104E+00
 0.373297E+00  0.128425E+02  0.889571E+00
 0.374227E+00  0.149474E+02  0.883669E+00
 0.375157E+00  0.144356E+02  0.887672E+00
 0.376087E+00  0.142490E+02  0.889432E+00
 0.377017E+00  0.144888E+02  0.884854E+00
 0.377947E+00  0.135223E+02  0.874207E+00
 0.378877E+00  0.118866E+02  0.876578E+00
 0.379807E+00  0.114263E+02  0.876608E+00
 0.380737E+00  0.118148E+02  0.881037E+00
 0.381667E+00  0.122907E+02  0.880750E+00
 0.382597E+00  0.127298E+02  0.886445E+00
 0.383527E+00  0.129384E+02  0.878049E+00
 0.384457E+00  0.120545E+02  0.894027E+00
 0.385387E+00  0.112159E+02  0.911059E+00
 0.386317E+00  0.127886E+02  0.910484E+00
 0.387247E+00  0.135505E+02  0.912358E+00
 0.388177E+00  0.136261E+02  0.912070E+00
 0.389107E+00  0.140645E+02  0.915826E+00
 0.390037E+00  0.135001E+02  0.910866E+00
 0.390967E+00  0.126720E+02  0.897877E+00
 0.391897E+00  0.130072E+02  0.883740E+00
 0.392827E+00  0.118514E+02  0.889801E+00
 0.393757E+00  0.128776E+02  0.878166E+00
 0.394687E+00  0.129264E+02  0.870887E+00
 0.395617E+00  0.116678E+02  0.877066E+00
 0.396547E+00  0.106796E+02  0.889070E+00
 0.397477E+00  0.117770E+02  0.892518E+00
 0.398407E+00  0.133923E+02  0.900096E+00
 0.399337E+00  0.128581E+02  0.913019E+00
 0.400267E+00  0.122459E+02  0.922395E+00
 0.401197E+00  0.132796E+02  0.922187E+00
 0.402127E+00  0.134386E+02  0.919398E+00
 0.403057E+00  0.129654E+02  0.909631E+00
 0.403987E+00  0.134013E+02  0.903951E+00
 0.404917E+00  0.135834E+02  0.903586E+00
 0.405848E+00  0.127232E+02  0.885889E+00
 0.406778E+00  0.123559E+02  0.888257E+00
 0.407708E+00  0.111848E+02  0.884170E+00
 0.408638E+00  0.105547E+02  0.882655E+00
 0.409568E+00  0.112832E+02  0.880352E+00
 0.410498E+00  0.124488E+02  0.886687E+00
 0.411428E+00  0.134879E+02  0.920402E+00
 0.412358E+00  0.142846E+02  0.923119E+00
 0.413288E+00  0.163840E+02  0.935221E+00
 0.414218E+00  0.147081E+02  0.929927E+00
 0.415148E+00  0.126201E+02  0.926863E+00
 0.416078E+00  0.120426E+02  0.913092E+00
 0.417008E+00  0.123692E+02  0.896643E+00
 0.417938E+00  0.124059E+02  0.890702E+00
 0.418868E+00  0.117208E+02  0.879777E+00
 0.419798E+00  0.116007E+02  0.884832E+00
 0.420728E+00  0.120327E+02  0.878883E+00
 0.421658E+00  0.106592E+02  0.877992E+00
 0.422588E+00  0.102050E+02  0.890482E+00
 0.423518E+00  0.974683E+01  0.895728E+00
 0.424448E+00  0.106747E+02  0.909946E+00
 0.425378E+00  0.110193E+02  0.925862E+00
 0.426308E+00  0.120344E+02  0.927782E+00
 0.427238E+00  0.117408E+02  0.922381E+00
 0.428168E+00  0.111189E+02  0.919272E+00
 0.429098E+00  0.105960E+02  0.898016E+00
 0.430028E+00  0.113473E+02  0.886516E+00
 0.430958E+00  0.117402E+02  0.893365E+00
 0.431888E+00  0.120097E+02  0.903293E+00
 0.432818E+00  0.117629E+02  0.902563E+00
 0.433748E+00  0.130363E+02  0.903184E+00
 0.434678E+00  0.136286E+02  0.899232E+00
 0.435608E+00  0.122354E+02  0.916429E+00
 0.436538E+00  0.117612E+02  0.929632E+00
 0.437468E+00  0.111096E+02  0.917690E+00
 0.438399E+00  0.128017E+02  0.912630E+00
 0.439329E+00  0.119910E+02  0.924099E+00
 0.440259E+00  0.111165E+02  0.926756E+00
 0.441189E+00  0.104315E+02  0.910010E+00
 0.442119E+00  0.111327E+02  0.899229E+00
 0.443049E+00  0.114113E+02  0.899131E+00
 0.443979E+00  0.115679E+02  0.891557E+00
 0.444909E+00  0.112602E+02  0.886725E+00
 0.445839E+00  0.104023E+02  0.910176E+00
 0.446769E+00  0.114204E+02  0.924528E+00
 0.447699E+00  0.126199E+02  0.928057E+00
 0.448629E+00  0.133591E+02  0.939056E+00
 0.449559E+00  0.132035E+02  0.930434E+00
 0.450489E+00  0.125461E+02  0.932458E+00
 0.451419E+00  0.116621E+02  0.932014E+00
 0.452349E+00  0.104984E+02  0.938247E+00
 0.453279E+00  0.120801E+02  0.935455E+00
 0.454209E+00  0.123817E+02  0.931158E+00
 0.455139E+00  0.128551E+02  0.946098E+00
 0.456069E+00  0.126706E+02  0.940744E+00
 0.456999E+00  0.125802E+02  0.949412E+00
 0.457929E+00  0.130723E+02  0.952497E+00
 0.458859E+00  0.117992E+02  0.961249E+00
 0.459789E+00  0.114717E+02  0.980007E+00
 0.460719E+00  0.122968E+02  0.972063E+00
 0.461649E+00  0.123571E+02  0.986550E+00
 0.462579E+00  0.118023E+02  0.984822E+00
 0.463509E+00  0.113997E+02  0.975705E+00
 0.464439E+00  0.119610E+02  0.980763E+00
 0.465369E+00  0.122015E+02  0.970579E+00
 0.466299E+00  0.131245E+02  0.977600E+00
 0.467229E+00  0.135250E+02  0.976558E+00
 0.468159E+00  0.121018E+02  0.989147E+00
 0.469089E+00  0.117054E+02  0.100545E+01
 0.470019E+00  0.125014E+02  0.100420E+01
 0.470950E+00  0.118695E+02  0.100865E+01
 0.471880E+00  0.109546E+02  0.101581E+01
 0.472810E+00  0.852367E+01  0.102993E+01
 0.473740E+00  0.837229E+01  0.102754E+01
 0.474670E+00  0.103820E+02  0.103629E+01
 0.475600E+00  0.117357E+02  0.103833E+01
 0.476530E+00  0.130231E+02  0.102608E+01
 0.477460E+00  0.125650E+02  0.102304E+01
 0.478390E+00  0.127836E+02  0.102132E+01
 0.479320E+00  0.130405E+02  0.102179E+01
 0.480250E+00  0.127340E+02  0.102790E+01
 0.481180E+00  0.111086E+02  0.103386E+01
 0.482110E+00  0.124265E+02  0.102641E+01
 0.483040E+00  0.118075E+02  0.106304E+01
 0.483970E+00  0.104104E+02  0.106764E+01
 0.484900E+00  0.108944E+02  0.105764E+01
 0.485830E+00  0.133548E+02  0.102575E+01
 0.486760E+00  0.129624E+02  0.103136E+01
