0.00547940713858 114.428 0.141265
0.00602734746712 111.62 0.0489186
0.00657528768557 111.766 0.0348179
0.00712322778392 111.32 0.0288192
0.00767116775216 111.791 0.0255044
0.00821910758029 111.818 0.0230113
0.00876704725829 111.487 0.0212376
0.00931498677616 111.448 0.0200183
0.00986292612389 110.63 0.0185916
0.0104108652915 110.706 0.0172144
0.0109588042689 110.125 0.0157275
0.0115067430462 109.772 0.0149303
0.0120546816133 109.277 0.0144169
0.0126026199602 108.926 0.0138718
0.0131505580769 108.156 0.0134992
0.0136984959534 107.706 0.0130153
0.0142464335797 107.338 0.0127846
0.0147943709458 106.605 0.0124234
0.0153423080417 105.923 0.0121197
0.0158902448574 105.187 0.0118991
0.0164381813828 104.565 0.0115665
0.016986117608 104.066 0.0114166
0.0175340535229 103.086 0.011125
0.0180819891176 102.389 0.0108984
0.018629924382 102.006 0.0107252
0.0191778593061 101.37 0.0104858
0.0197257938799 100.417 0.0103508
0.0202737280935 99.6428 0.0100995
0.0208216619367 98.8224 0.00991873
0.0213695953997 98.2533 0.00974569
0.0219175284723 97.3928 0.00958304
0.0224654611446 96.5493 0.00942253
0.0230133934066 96.1084 0.00923126
0.0235613252483 95.2086 0.00911667
0.0241092566596 94.374 0.00893749
0.0246571876306 93.4118 0.00876867
0.0252051181512 92.6439 0.00863667
0.0257530482114 91.8673 0.0084672
0.0263009778013 90.8917 0.00838076
0.0268489069108 90.1626 0.00819815
0.0273968355299 89.0968 0.00810864
0.0279447636486 88.1517 0.00800202
0.0284926912569 87.2622 0.00786576
0.0290406183448 86.4688 0.00779727
0.0295885449023 85.4844 0.0076324
0.0301364709193 84.605 0.0075459
0.030684396386 83.6707 0.0074219
0.0312323212922 82.8407 0.00733107
0.031780245628 81.8163 0.00724455
0.0323281693833 81.049 0.00711769
0.0328760925482 79.9885 0.00704213
0.0334240151126 79.1914 0.00693016
0.0339719370665 78.1688 0.00684093
0.0345198584 77.0832 0.00674596
0.035067779103 76.2991 0.00662318
0.0356156991655 75.2922 0.00656382
0.0361636185775 74.3945 0.00645366
0.036711537329 73.3248 0.0063871
0.0372594554101 72.3567 0.00629031
0.0378073728106 71.2744 0.00619281
0.0383552895206 70.5037 0.00614336
0.0389032055301 69.4809 0.00602767
0.039451120829 68.5351 0.00594447
0.0399990354074 67.6704 0.00584883
0.0405469492553 66.6804 0.00577833
0.0410948623626 65.7912 0.00571498
0.0416427747194 64.7905 0.0056203
0.0421906863157 63.9343 0.0055666
0.0427385971414 63.028 0.00548264
0.0432865071865 61.9458 0.00542603
0.043834416441 60.9828 0.00535766
0.044382324895 60.0693 0.00527994
0.0449302325384 59.1265 0.00523621
0.0454781393612 58.3414 0.00516181
0.0460260453534 57.3711 0.00510813
0.0465739505051 56.4319 0.00503919
0.0471218548061 55.6097 0.00498573
0.0476697582465 54.6863 0.00493538
0.0482176608164 53.7475 0.00485652
0.0487655625056 52.8458 0.00480266
0.0493134633042 51.9546 0.00472831
0.0498613632022 51.0502 0.00468033
0.0504092621895 50.1633 0.00462215
0.0509571602563 49.3229 0.0045626
0.0515050573924 48.4984 0.00452531
0.0520529535878 47.6897 0.00446419
0.0526008488327 46.9006 0.00442521
0.0531487431169 46.0278 0.00436897
0.0536966364304 45.1899 0.00431554
0.0542445287633 44.3675 0.00428058
0.0547924201056 43.4935 0.00421563
0.0553403104472 42.706 0.00418021
0.0558881997781 41.9606 0.00412825
0.0564360880884 41.1641 0.00410116
0.056983975368 40.466 0.00413695
0.0575318616069 39.7524 0.00412907
0.0580797467952 38.9435 0.00412861
0.0586276309228 38.1799 0.00409464
0.0591755139798 37.4265 0.00408486
0.059723395956 36.7265 0.00406027
0.0602712768416 36.0183 0.00403309
0.0608191566265 35.345 0.00403578
0.0613670353008 34.6587 0.00407463
0.0619149128543 33.9644 0.00409147
0.0624627892772 33.216 0.00406905
0.0630106645593 32.5225 0.00405912
0.0635585386908 31.9476 0.0040584
0.0641064116616 31.2807 0.00402462
0.0646542834617 30.6288 0.00402483
0.0652021540812 29.9706 0.00399426
0.0657500235099 29.3665 0.00398616
0.0662978917379 28.769 0.003973
0.0668457587553 28.1547 0.00395198
0.0673936245519 27.5704 0.00395879
0.0679414891179 26.972 0.00392959
0.0684893524431 26.3952 0.00393184
0.0690372145177 25.8858 0.00389358
0.0695850753316 25.3765 0.00379408
0.0701329348747 24.7778 0.00375663
0.0706807931372 24.1797 0.00370827
0.071228650109 23.5882 0.00368844
0.0717765057801 23.0859 0.00364715
0.0723243601405 22.6105 0.00363051
0.0728722131802 22.076 0.0036085
0.0734200648892 21.5714 0.00357023
0.0739679152576 21.1453 0.00355971
0.0745157642752 20.6388 0.00352251
0.0750636119321 20.1639 0.00350383
0.0756114582184 19.7221 0.00347203
0.076159303124 19.2612 0.00343436
0.0767071466389 18.7831 0.00341584
0.0772549887531 18.3439 0.00337506
0.0778028294567 17.957 0.00336476
0.0783506687395 17.5644 0.00332688
0.0788985065917 17.141 0.00330366
0.0794463430032 16.7178 0.0032821
0.0799941779641 16.3546 0.00325106
0.0805420114643 15.993 0.00323312
0.0810898434938 15.6299 0.00320229
0.0816376740426 15.2699 0.00318621
0.0821855031008 14.9536 0.00316162
0.0827333306584 14.624 0.00313712
0.0832811567053 14.2799 0.00311744
0.0838289812315 13.9466 0.00308697
0.0843768042272 13.65 0.00306911
0.0849246256821 13.3441 0.00303726
0.0854724455865 13.0475 0.00301676
0.0860202639302 12.7443 0.00299026
0.0865680807033 12.4479 0.00296708
0.0871158958957 12.1926 0.00295014
0.0876637094976 11.8929 0.00291973
0.0882115214988 11.6338 0.00290257
0.0887593318895 11.3784 0.0028795
0.0893071406595 11.108 0.00285815
0.089854947799 10.8877 0.00284127
0.0904027532978 10.6314 0.00282434
0.0909505571461 10.4023 0.00281224
0.0914983593338 10.1847 0.00279127
0.0920461598509 9.98481 0.00278112
0.0925939586875 9.76742 0.00276431
0.0931417558335 9.56275 0.00274978
0.0936895512789 9.37764 0.00273924
0.0942373450139 9.18725 0.00272237
0.0947851370282 8.97409 0.00271003
0.0953329273121 8.76587 0.00269255
0.0958807158554 8.5741 0.00268055
0.0964285026482 8.4013 0.00267065
0.0969762876805 8.25542 0.00265503
0.0975240709423 8.09079 0.0026463
0.0980718524237 7.92922 0.0026318
0.0986196321145 7.80444 0.00262333
0.0991674100049 7.68067 0.00261243
0.0997151860848 7.50564 0.00259565
0.100262960344 7.32796 0.00258896
0.100810732773 7.19481 0.00257337
0.101358503362 7.0939 0.00257106
0.1019062721 6.92528 0.00255941
0.102454038978 6.7748 0.00255131
0.103001803985 6.67716 0.00255064
0.103549567112 6.5576 0.00253764
0.104097328348 6.43771 0.00253268
0.104645087685 6.31167 0.00252406
0.10519284511 6.22786 0.00252104
0.105740600616 6.13358 0.00251509
0.106288354191 6.0268 0.00250451
0.106836105826 5.9203 0.0025032
0.10738385551 5.82238 0.00249582
0.107931603234 5.70731 0.00248976
0.108479348988 5.60965 0.00248189
0.109027092762 5.52938 0.00247695
0.109574834545 5.44174 0.00247313
0.110122574328 5.36182 0.0024667
0.110670312101 5.26718 0.00246313
0.111218047853 5.19622 0.00245395
0.111765781576 5.1198 0.00245125
0.112313513258 5.04447 0.00244822
0.11286124289 4.9654 0.00243827
0.113408970461 4.88292 0.00243569
0.113956695963 4.81294 0.00242912
0.114504419384 4.73897 0.0024277
0.115052140716 4.68456 0.0024199
0.115599859947 4.62788 0.00241373
0.116147577068 4.58699 0.00241415
0.116695292069 4.52228 0.00240515
0.11724300494 4.47503 0.00240487
0.117790715671 4.4115 0.00239758
0.118338424251 4.34687 0.00239314
0.118886130672 4.29762 0.00239053
0.119433834923 4.21649 0.00238274
0.119981536994 4.15622 0.00238183
0.120529236875 4.1 0.00237356
0.121076934555 4.05448 0.0023723
0.121624630026 4.01259 0.0023693
0.122172323277 3.9514 0.00236158
0.122720014298 3.88185 0.00235975
0.123267703079 3.84085 0.00235291
0.123815389611 3.78206 0.00235123
0.124363073882 3.72102 0.00234543
0.124910755884 3.67418 0.00234119
0.125458435605 3.62532 0.0023386
0.126006113037 3.58149 0.00233223
0.126553788169 3.54004 0.00233301
0.127101460992 3.50784 0.00232474
0.127649131495 3.49444 0.00232226
0.128196799667 3.44271 0.00232056
0.128744465501 3.37569 0.00231367
0.129292128984 3.34279 0.00231143
0.129839790108 3.30668 0.00230418
0.130387448862 3.25404 0.00230504
0.130935105237 3.2055 0.00229958
0.131482759222 3.16916 0.00229486
0.132030410808 3.13245 0.00229239
0.132578059984 3.08054 0.00228614
0.13312570674 3.04386 0.00228701
0.133673351067 3.00804 0.00227998
0.134220992954 2.99568 0.0022781
0.134768632392 2.94316 0.00227423
0.135316269371 2.897 0.00226814
0.13586390388 2.85351 0.00226804
0.13641153591 2.83703 0.00226159
0.13695916545 2.8095 0.00226096
0.137506792491 2.76661 0.00225815
0.138054417023 2.71042 0.00225296
0.138602039035 2.66519 0.00225051
0.139149658518 2.63593 0.00224429
0.139697275462 2.58707 0.00224435
0.140244889857 2.57056 0.00223866
0.140792501692 2.55086 0.00223561
0.141340110959 2.53172 0.00223425
0.141887717646 2.49629 0.00222801
0.142435321744 2.46297 0.00222802
0.142982923243 2.43149 0.00222085
0.143530522133 2.38497 0.00222063
0.144078118404 2.3485 0.00221664
0.144625712046 2.31166 0.00221252
0.145173303049 2.30046 0.0022111
0.145720891403 2.2818 0.00220531
0.146268477098 2.23338 0.00220424
0.146816060124 2.21046 0.00220231
0.147363640471 2.18698 0.00219682
0.14791121813 2.14191 0.00219439
0.148458793089 2.08751 0.00219122
0.14900636534 2.07003 0.00219003
0.149553934872 2.0522 0.00218412
0.150101501676 2.01145 0.00218209
0.150649065741 1.99157 0.00217991
0.151196627057 1.97821 0.00217521
0.151744185614 1.94906 0.00217525
0.152291741403 1.92218 0.00216827
0.152839294414 1.89101 0.00216773
0.153386844636 1.86915 0.00216415
0.153934392059 1.83452 0.00216148
0.154481936674 1.80601 0.00215937
0.155029478471 1.78164 0.00215398
0.155577017439 1.76205 0.002153
0.156124553569 1.73426 0.00214777
0.15667208685 1.71738 0.00214692
0.157219617273 1.70024 0.0021446
0.157767144828 1.67725 0.00214009
0.158314669505 1.65196 0.00214041
0.158862191294 1.63085 0.00213525
0.159409710184 1.61754 0.00213487
0.159957226166 1.59429 0.00213112
0.160504739231 1.5523 0.002126
0.161052249367 1.55537 0.00212737
0.161599756565 1.52822 0.0021201
0.162147260815 1.50273 0.00211967
0.162694762108 1.4869 0.00211607
0.163242260432 1.44526 0.00211254
0.163789755779 1.42815 0.00211147
0.164337248137 1.40908 0.00210619
0.164884737498 1.38369 0.00210794
0.165432223852 1.35893 0.0021023
0.165979707187 1.33884 0.00210093
0.166527187495 1.33377 0.00209806
0.167074664766 1.31241 0.00209411
0.167622138988 1.29821 0.0020947
0.168169610154 1.30074 0.00208959
0.168717078251 1.30312 0.00208908
0.169264543272 1.2747 0.00208626
0.169812005205 1.24133 0.00208242
0.17035946404 1.22557 0.00208346
0.170906919768 1.20396 0.00207592
0.171454372379 1.18752 0.00207715
0.172001821863 1.16742 0.00207103
0.172549268209 1.16485 0.00206899
0.173096711409 1.16019 0.00206618
0.173644151451 1.13774 0.00206267
0.174191588326 1.12995 0.0020644
0.174739022024 1.1392 0.00205878
0.175286452535 1.10391 0.00205635
0.17583387985 1.08603 0.00205241
0.176381303957 1.08405 0.00205054
0.176928724848 1.07085 0.00205122
0.177476142511 1.05268 0.00204488
0.178023556938 1.03854 0.00204393
0.178570968119 1.02117 0.00204141
0.179118376042 1.01131 0.00203992
0.179665780699 1.01674 0.00203764
0.18021318208 1.0147 0.00203269
0.180760580174 0.974953 0.00203234
0.181307974971 0.953618 0.00202803
0.181855366462 0.956973 0.00202687
0.182402754637 0.948534 0.0020239
0.182950139485 0.948126 0.00202148
0.183497520998 0.935967 0.00202107
0.184044899164 0.899437 0.00201497
0.184592273973 0.868248 0.00201417
0.185139645417 0.854635 0.0020102
0.185687013485 0.856936 0.0020094
0.186234378166 0.861629 0.00200853
0.186781739452 0.870424 0.00200392
0.187329097332 0.863302 0.0020042
0.187876451796 0.836404 0.0019988
0.188423802834 0.813471 0.00199789
0.188971150436 0.805484 0.0019955
0.189518494593 0.813842 0.00199198
0.190065835294 0.796165 0.00199157
0.190613172529 0.78785 0.00198758
0.191160506289 0.770922 0.00198826
0.191707836564 0.765557 0.00198432
0.192255163343 0.762246 0.00198193
0.192802486617 0.757804 0.00198135
0.193349806375 0.743768 0.00197657
0.193897122608 0.732878 0.00197752
0.194444435306 0.739106 0.00197364
0.194991744459 0.726206 0.0019716
0.195539050057 0.722161 0.00197087
0.19608635209 0.710222 0.00196587
0.196633650547 0.695805 0.00196653
0.19718094542 0.699587 0.00196131
0.197728236698 0.699435 0.00196258
0.198275524372 0.700243 0.00196061
0.19882280843 0.687093 0.00195536
0.199370088864 0.67621 0.00195753
0.199917365664 0.690224 0.00196985
0.200464638818 0.684074 0.00200984
0.201011908319 0.655401 0.00202862
0.201559174155 0.644637 0.00204594
0.202106436316 0.645521 0.00206222
0.202653694793 0.643509 0.00207136
0.203200949576 0.625555 0.00208449
0.203748200655 0.617905 0.00209385
0.20429544802 0.623313 0.00210555
0.204842691661 0.625984 0.00211615
0.205389931568 0.618957 0.00212172
0.205937167731 0.609633 0.00213155
0.20648440014 0.591004 0.00213684
0.207031628785 0.591933 0.00215148
0.207578853657 0.589029 0.00216055
0.208126074744 0.574515 0.00216209
0.208673292039 0.560896 0.0021677
0.20922050553 0.557845 0.00216686
0.209767715207 0.571738 0.00217174
0.210314921061 0.588035 0.0021697
0.210862123082 0.594232 0.00219832
0.21140932126 0.590709 0.00225886
0.211956515584 0.556976 0.00229289
0.212503706045 0.544048 0.0023254
0.213050892634 0.51926 0.00234812
0.213598075339 0.534926 0.00237803
0.214145254151 0.522602 0.0023985
0.214692429061 0.512893 0.00241958
0.215239600058 0.497409 0.00244278
0.215786767132 0.501257 0.00245911
0.216333930274 0.502534 0.0024852
0.216881089473 0.511769 0.00249991
0.21742824472 0.479201 0.00252065
0.217975396004 0.450485 0.0025431
0.218522543316 0.461041 0.00255512
0.219069686646 0.471718 0.00258298
0.219616825984 0.476612 0.00258993
0.220163961319 0.469441 0.00260766
0.220711092643 0.444779 0.00257428
0.221258219944 0.4513 0.00249029
0.221805343214 0.446515 0.00244951
0.222352462442 0.433874 0.00240946
0.222899577619 0.429322 0.00238904
0.223446688734 0.446231 0.00236438
0.223993795777 0.446487 0.00234464
0.224540898739 0.443474 0.00232859
0.225087997609 0.446112 0.00230712
0.225635092378 0.446163 0.00229773
0.226182183036 0.421648 0.00227875
0.226729269573 0.427493 0.00226686
0.227276351979 0.421358 0.00225561
0.227823430244 0.39888 0.00224007
0.228370504358 0.380791 0.00223242
0.228917574311 0.400291 0.00221647
0.229464640093 0.398881 0.00221376
0.230011701695 0.391443 0.00220907
0.230558759106 0.383125 0.0022028
0.231105812317 0.395639 0.00220078
0.231652861317 0.405272 0.00218804
0.232199906097 0.399379 0.00218353
0.232746946647 0.410224 0.00217325
0.233293982957 0.413517 0.00216537
0.233841015017 0.425935 0.00215919
0.234388042816 0.41675 0.00214765
0.234935066346 0.413304 0.00214267
0.235482085596 0.383717 0.00213064
0.236029100557 0.352648 0.0021245
0.236576111217 0.358942 0.00211668
0.237123117569 0.368725 0.0021088
0.237670119601 0.360365 0.00210405
0.238217117303 0.341338 0.0020924
0.238764110666 0.350972 0.00208936
0.23931109968 0.361006 0.00208197
0.239858084336 0.362981 0.00207544
0.240405064622 0.352397 0.00206954
0.240952040529 0.363298 0.00206155
0.241499012047 0.377254 0.00205933
0.242045979167 0.383829 0.00205054
0.242592941878 0.350892 0.00204545
0.243139900171 0.350832 0.00203865
0.243686854035 0.336159 0.00203062
0.244233803461 0.344425 0.00202946
0.244780748439 0.348685 0.00201934
0.245327688958 0.345875 0.00201794
0.24587462501 0.331767 0.00200996
0.246421556583 0.326273 0.00200394
0.246968483669 0.341035 0.00200168
0.247515406257 0.356934 0.00199372
0.248062324337 0.357182 0.0019923
0.2486092379 0.348946 0.00198377
0.249156146936 0.341333 0.00198042
0.249703051434 0.319946 0.00197522
0.250249951385 0.336117 0.00196819
0.250796846778 0.341372 0.00196632
0.251343737605 0.311339 0.00195853
0.251890623855 0.305643 0.00195644
0.252437505518 0.315247 0.00195132
0.252984382584 0.320818 0.0019453
0.253531255043 0.321491 0.00194367
0.254078122886 0.348915 0.00193686
0.254624986103 0.336268 0.00193445
0.255171844683 0.310753 0.00192704
0.255718698617 0.316386 0.00192426
0.256265547895 0.323808 0.00192118
0.256812392507 0.328558 0.00191418
0.257359232443 0.317702 0.00191253
0.257906067694 0.307315 0.00190556
0.258452898248 0.323802 0.00190437
0.258999724097 0.33601 0.00190003
0.259546545231 0.323047 0.00189497
0.260093361639 0.345492 0.0018948
0.260640173312 0.33822 0.00188792
0.26118698024 0.347448 0.00188659
0.261733782412 0.338625 0.00188151
0.26228057982 0.340631 0.00187785
0.262827372453 0.342166 0.00187618
0.263374160302 0.333227 0.00186947
0.263920943356 0.328721 0.00186784
0.264467721605 0.333929 0.00186236
0.26501449504 0.322003 0.00186033
0.265561263651 0.317652 0.00185712
0.266108027427 0.332557 0.00185177
0.26665478636 0.351847 0.001852
0.267201540438 0.343785 0.00184541
0.267748289653 0.33383 0.0018444
0.268295033995 0.325709 0.00184004
0.268841773452 0.320912 0.00183466
0.269388508017 0.340604 0.00183482
0.269935237678 0.354859 0.00182996
0.270481962425 0.355298 0.00182777
0.27102868225 0.343169 0.00182374
0.271575397142 0.336657 0.00181978
0.272122107091 0.339691 0.00181833
0.272668812087 0.333216 0.00181222
0.27321551212 0.341094 0.00181185
0.273762207181 0.32673 0.00180624
0.27430889726 0.34175 0.00180522
0.274855582347 0.359422 0.00180296
0.275402262431 0.355246 0.00179832
0.275948937504 0.349439 0.00179734
0.276495607554 0.345433 0.00179232
0.277042272573 0.33884 0.00179097
0.27758893255 0.333774 0.00178612
0.278135587476 0.336411 0.00178337
0.27868223734 0.336432 0.00178097
0.279228882134 0.34425 0.00177785
0.279775521846 0.342027 0.00177584
0.280322156467 0.313451 0.00177009
0.280868785987 0.305337 0.00176791
0.281415410397 0.331559 0.00176669
0.281962029686 0.351122 0.00176315
0.282508643844 0.349876 0.00176088
0.283055252862 0.347818 0.0017569
0.28360185673 0.358165 0.00175521
0.284148455438 0.354457 0.00175247
0.284695048976 0.335406 0.00174884
0.285241637334 0.334234 0.00174637
0.285788220503 0.342589 0.00174419
0.286334798471 0.357258 0.00174181
0.286881371231 0.365779 0.00173886
0.287427938771 0.358428 0.00173504
0.287974501082 0.337671 0.00173349
0.288521058155 0.329337 0.00173021
0.289067609978 0.329975 0.00172724
0.289614156542 0.336235 0.00172469
0.290160697838 0.338242 0.00172164
0.290707233856 0.335118 0.00171976
0.291253764585 0.348294 0.00171569
0.291800290016 0.346379 0.00171093
0.292346810139 0.348957 0.00170748
0.292893324944 0.333509 0.00170456
0.293439834422 0.333678 0.00170059
0.293986338562 0.339031 0.00169526
0.294532837354 0.336025 0.00169218
0.295079330789 0.348865 0.0016889
0.295625818857 0.340305 0.00168553
0.296172301547 0.340778 0.00168263
0.296718778851 0.334013 0.00167705
0.297265250758 0.326838 0.0016751
0.297811717259 0.336203 0.00167187
0.298358178343 0.343046 0.00167209
0.298904634001 0.335255 0.00167077
0.299451084222 0.348012 0.0016697
0.299997528998 0.333279 0.00166894
0.300543968317 0.330056 0.00166655
0.301090402171 0.331161 0.00166575
0.30163683055 0.342824 0.00166567
0.302183253443 0.334237 0.00166423
0.302729670841 0.337732 0.00166362
0.303276082733 0.335169 0.00166254
0.303822489111 0.338841 0.00166058
0.304368889964 0.322233 0.00166029
0.304915285282 0.309419 0.00165865
0.305461675055 0.315668 0.00165857
0.306008059275 0.324373 0.00165692
0.30655443793 0.332023 0.00165639
0.307100811011 0.335467 0.00165598
0.307647178508 0.333858 0.00165403
0.308193540411 0.319521 0.00165279
0.308739896711 0.304058 0.00165127
0.309286247397 0.298188 0.00165087
0.30983259246 0.315266 0.0016495
0.31037893189 0.326889 0.00164905
0.310925265677 0.308653 0.001647
0.311471593812 0.301248 0.00164716
0.312017916283 0.319025 0.0016465
0.312564233083 0.326486 0.00164407
0.313110544199 0.31971 0.00164427
0.313656849624 0.316223 0.00164224
0.314203149347 0.313918 0.00164236
0.314749443358 0.319293 0.0016406
0.315295731647 0.322665 0.00163978
0.315842014205 0.320669 0.00164004
0.316388291021 0.32118 0.0016371
0.316934562086 0.315647 0.0016378
0.317480827391 0.310638 0.00163464
0.318027086924 0.309454 0.00163432
0.318573340677 0.313028 0.00163416
0.319119588639 0.306074 0.0016318
0.319665830801 0.307247 0.00163308
0.320212067153 0.304221 0.00162885
0.320758297685 0.302588 0.0016307
0.321304522387 0.30432 0.00162901
0.321850741249 0.293437 0.00162625
0.322396954262 0.296423 0.0016275
0.322943161416 0.316248 0.00162517
0.3234893627 0.310008 0.00162554
0.324035558106 0.305531 0.00162316
0.324581747622 0.30559 0.0016219
0.325127931241 0.281513 0.00162195
0.32567410895 0.288441 0.00161957
0.326220280742 0.30317 0.00162075
0.326766446605 0.307817 0.00161757
0.327312606531 0.302931 0.00161845
0.327858760508 0.304367 0.00161811
0.328404908528 0.303228 0.00161577
0.328951050581 0.292323 0.00161628
0.329497186657 0.28684 0.00161277
0.330043316746 0.292081 0.00161437
0.330589440837 0.295571 0.0016118
0.331135558922 0.277349 0.00160977
0.331681670991 0.284099 0.00161763
0.332227777034 0.296129 0.00164663
0.33277387704 0.284902 0.00166632
0.333319971 0.274468 0.00167814
0.333866058905 0.269008 0.00168966
0.334412140744 0.279522 0.00170115
0.334958216508 0.283425 0.00170884
0.335504286186 0.289193 0.00171895
0.33605034977 0.287547 0.00172465
0.336596407249 0.275995 0.00173369
0.337142458613 0.28422 0.00173678
0.337688503853 0.284823 0.00173794
0.338234542958 0.266802 0.00174214
0.33878057592 0.255869 0.00174159
0.339326602727 0.276285 0.00174761
0.339872623371 0.296866 0.00174853
0.340418637842 0.277442 0.00175009
0.340964646129 0.268595 0.00175307
0.341510648223 0.276978 0.00175402
0.342056644114 0.280835 0.00175893
0.342602633793 0.274328 0.00175769
0.343148617249 0.281105 0.00176169
0.343694594473 0.278271 0.00176388
0.344240565454 0.28237 0.00176414
0.344786530184 0.276772 0.00176743
0.345332488652 0.279682 0.00176611
0.345878440849 0.260408 0.00176982
0.346424386764 0.264704 0.00177046
0.346970326388 0.270022 0.00177195
0.347516259711 0.277346 0.0017751
0.348062186724 0.273838 0.00177365
0.348608107416 0.271736 0.00177791
0.349154021777 0.261003 0.00177658
0.349699929799 0.256156 0.00177905
0.350245831471 0.257612 0.00178114
0.350791726783 0.256846 0.00178143
0.351337615725 0.259417 0.00178519
0.351883498288 0.260879 0.00178306
0.352429374463 0.276501 0.00178635
0.352975244238 0.276436 0.00178792
0.353521107604 0.275106 0.00178791
0.354066964553 0.277049 0.0017909
0.354612815072 0.263366 0.00178899
0.355158659154 0.260018 0.00179349
0.355704496788 0.27167 0.00179306
0.356250327965 0.268352 0.00179461
0.356796152674 0.266911 0.00179635
0.357341970906 0.267695 0.00179494
0.35788778265 0.256391 0.00179968
0.358433587898 0.263562 0.00179673
0.35897938664 0.272529 0.00180031
0.359525178865 0.255138 0.00179996
0.360070964564 0.251156 0.00180068
0.360616743728 0.24966 0.00180414
0.361162516345 0.280516 0.00180129
0.361708282407 0.280256 0.00180523
0.362254041904 0.274089 0.00180532
0.362799794826 0.272045 0.00180584
0.363345541163 0.261318 0.00180742
0.363891280905 0.260458 0.00180569
0.364437014043 0.241921 0.00180985
0.364982740567 0.247663 0.00180883
0.365528460467 0.260239 0.00181124
0.366074173733 0.276786 0.00181296
0.366619880356 0.27524 0.00181175
0.367165580325 0.27456 0.00181568
0.367711273632 0.274316 0.00181294
0.368256960265 0.269081 0.00181629
0.368802640216 0.251729 0.00181501
0.369348313475 0.245415 0.00181632
0.369893980032 0.244605 0.00181863
0.370439639877 0.255664 0.00181638
0.370985293 0.260459 0.00182011
0.371530939391 0.260117 0.00181887
0.372076579042 0.279845 0.00182135
0.372622211941 0.277228 0.00182159
0.37316783808 0.274912 0.00182154
0.373713457448 0.271822 0.00182595
0.374259070036 0.257006 0.00182194
0.374804675834 0.253998 0.0018242
0.375350274833 0.258622 0.00182509
0.375895867021 0.261527 0.00182572
0.37644145239 0.273954 0.0018301
0.376987030931 0.283117 0.00182617
0.377532602632 0.281558 0.00183061
0.378078167485 0.275374 0.00182951
0.378623725479 0.253003 0.00183013
0.379169276605 0.265962 0.00183206
0.379714820854 0.275709 0.00182933
0.380260358214 0.262816 0.00183352
0.380805888678 0.276064 0.00183166
0.381351412234 0.27162 0.00183407
0.381896928873 0.268492 0.00183434
0.382442438586 0.265755 0.00183365
0.382987941362 0.276621 0.00183875
0.383533437192 0.271132 0.00183519
0.384078926065 0.27962 0.00183726
0.384624407974 0.272504 0.0018373
0.385169882907 0.26445 0.00183788
0.385715350854 0.256658 0.00184061
0.386260811807 0.248653 0.00183726
0.386806265755 0.248212 0.00184089
0.387351712688 0.258052 0.00183983
0.387897152598 0.268337 0.0018418
0.388442585473 0.256626 0.00184235
0.388988011305 0.236375 0.00184007
0.389533430083 0.244284 0.00184403
0.390078841798 0.253007 0.0018423
0.390624246441 0.261476 0.00184524
0.391169644 0.255154 0.00184437
0.391715034467 0.257696 0.00184449
0.392260417832 0.272097 0.00184837
0.392805794085 0.271551 0.00184528
0.393351163217 0.255437 0.00184605
0.393896525217 0.255006 0.00184309
0.394441880076 0.262511 0.00184257
0.394987227784 0.267272 0.00184253
0.395532568331 0.276681 0.00183832
0.396077901708 0.264045 0.0018393
0.396623227905 0.261209 0.00183539
0.397168546913 0.2572 0.00183664
0.39771385872 0.249359 0.0018339
0.398259163319 0.248898 0.00183148
0.398804460698 0.24806 0.0018341
0.399349750849 0.243119 0.00183113
0.399895033761 0.249367 0.0018347
0.400440309425 0.26406 0.00183328
0.400985577831 0.257212 0.0018349
0.40153083897 0.247896 0.00183663
0.402076092831 0.233435 0.00183289
0.402621339405 0.233156 0.00183625
0.403166578682 0.240738 0.0018345
0.403711810652 0.256249 0.00183772
0.404257035306 0.265997 0.00183861
0.404802252635 0.250478 0.00183516
0.405347462627 0.242315 0.0018395
0.405892665274 0.254951 0.00183668
0.406437860566 0.255305 0.00184079
0.406983048492 0.253165 0.00184018
0.407528229045 0.253747 0.00183905
0.408073402212 0.261593 0.00184229
0.408618567986 0.267025 0.00183949
0.409163726356 0.264852 0.00184224
0.409708877312 0.250488 0.00184007
0.410254020845 0.263827 0.00184207
0.410799156946 0.248931 0.00184319
0.411344285603 0.234216 0.0018405
0.411889406808 0.238047 0.00184377
0.412434520551 0.254989 0.00184172
0.412979626822 0.254622 0.0018447
0.413524725612 0.243838 0.00184462
0.41406981691 0.245013 0.00184275
0.414614900708 0.25295 0.0018462
0.415159976995 0.260185 0.00184298
0.415705045761 0.261039 0.0018468
0.416250106997 0.25236 0.00184502
0.416795160694 0.245033 0.00184494
0.417340206841 0.252942 0.00184783
0.417885245429 0.243608 0.0018451
0.418430276448 0.230811 0.00184786
0.418975299888 0.232165 0.00184451
0.41952031574 0.246726 0.00184724
0.420065323994 0.249891 0.00184798
0.42061032464 0.24804 0.00184711
0.421155317669 0.241053 0.00184917
0.42170030307 0.242671 0.0018455
0.422245280835 0.236881 0.00184933
0.422790250953 0.228786 0.0018484
0.423335213415 0.235926 0.00184846
0.423880168211 0.235966 0.00185059
0.424425115332 0.231574 0.00184753
0.424970054767 0.213325 0.00185033
0.425514986507 0.220608 0.00184743
0.426059910542 0.230738 0.00184946
0.426604826863 0.23593 0.00185158
0.42714973546 0.23813 0.00184973
0.427694636323 0.240021 0.00185262
0.428239529442 0.256111 0.00184868
0.428784414809 0.24278 0.00185261
0.429329292412 0.23667 0.00185179
0.429874162243 0.2314 0.0018503
0.430419024292 0.223936 0.00185183
0.430963878549 0.219252 0.00184935
0.431508725004 0.227088 0.00185353
0.432053563647 0.228688 0.00185154
0.43259839447 0.225166 0.00185119
0.433143217462 0.235382 0.00185334
0.433688032614 0.243742 0.00185142
0.434232839916 0.248953 0.00185627
0.434777639358 0.247702 0.00185145
0.43532243093 0.233372 0.00185303
0.435867214624 0.228303 0.00185405
0.436411990428 0.219477 0.00185128
0.436956758334 0.213645 0.00185405
0.437501518332 0.214022 0.00185099
0.438046270413 0.213045 0.00185461
0.438591014565 0.226524 0.00185426
0.439135750781 0.230025 0.0018525
0.43968047905 0.21888 0.00185454
0.440225199362 0.2144 0.00185218
0.440769911708 0.226303 0.00185608
0.441314616078 0.215249 0.00185296
0.441859312463 0.197997 0.00185353
0.442404000852 0.196915 0.00185505
0.442948681237 0.218064 0.00185365
0.443493353607 0.232145 0.00185745
0.444038017953 0.22915 0.00185407
0.444582674265 0.228228 0.00185591
0.445127322533 0.230328 0.00185619
0.445671962748 0.228561 0.00185597
0.446216594901 0.214985 0.00185729
0.446761218981 0.215047 0.00185386
0.447305834978 0.204956 0.00185776
0.447850442884 0.209703 0.00185579
0.448395042688 0.206533 0.0018563
0.448939634381 0.198848 0.00185597
0.449484217953 0.209823 0.00185575
0.450028793395 0.215956 0.00185978
0.450573360696 0.212664 0.00185592
0.451117919848 0.221845 0.00185729
0.45166247084 0.2165 0.00185664
0.452207013663 0.229628 0.00185672
0.452751548308 0.214388 0.00186167
0.453296074764 0.201271 0.0018592
0.453840593021 0.215298 0.00186141
0.454385103071 0.218557 0.00185867
0.454929604904 0.221432 0.00185874
0.455474098509 0.204429 0.00186042
0.456018583878 0.199707 0.00185544
0.456563061001 0.202398 0.00186089
0.457107529867 0.197251 0.00185673
0.457651990468 0.178468 0.00185887
0.458196442793 0.191737 0.0018584
0.458740886834 0.200616 0.00185659
0.45928532258 0.207671 0.00186116
0.459829750022 0.205886 0.00185683
0.46037416915 0.203351 0.00186177
0.460918579954 0.198912 0.00185868
0.461462982425 0.194773 0.00185865
0.462007376554 0.194533 0.00186168
0.46255176233 0.20387 0.00185811
0.463096139744 0.201139 0.00186217
0.463640508786 0.197182 0.00185929
0.464184869447 0.191536 0.00186118
0.464729221717 0.203686 0.00186153
0.465273565586 0.20715 0.00185929
0.465817901045 0.20057 0.0018618
0.466362228084 0.201311 0.00185872
0.466906546694 0.202036 0.00186064
0.467450856864 0.208963 0.00186012
0.467995158586 0.212207 0.00186054
0.468539451849 0.214839 0.00186331
0.469083736644 0.215143 0.00186171
0.469628012962 0.220537 0.00186298
0.470172280792 0.225143 0.00186303
0.470716540125 0.208504 0.00186181
0.471260790952 0.18856 0.00186316
0.471805033263 0.191623 0.00186186
0.472349267047 0.223865 0.00186333
0.472893492297 0.229646 0.00186397
0.473437709001 0.221502 0.001864
0.473981917151 0.216328 0.00186408
0.474526116736 0.204623 0.00186256
0.475070307747 0.199465 0.00186338
0.475614490175 0.194286 0.00186309
0.47615866401 0.214187 0.00186338
0.476702829242 0.223099 0.00186404
0.477246985861 0.212619 0.00186386
0.477791133859 0.201731 0.00186432
0.478335273225 0.208457 0.00186431
0.47887940395 0.206391 0.00186396
0.479423526024 0.198919 0.00186463
0.479967639437 0.191577 0.00186411
0.480511744181 0.194502 0.00186454
0.481055840244 0.187506 0.00186457
0.481599927619 0.183963 0.00186355
0.482144006294 0.190677 0.0018646
0.482688076262 0.201553 0.00186544
0.483232137511 0.184809 0.00186479
0.483776190032 0.17702 0.00186469
0.484320233816 0.187531 0.0018897
0.484864268853 0.188055 0.00195058
0.485408295133 0.185184 0.00198708
0.485952312648 0.202184 0.00201599
0.486496321387 0.221603 0.00204414
0.48704032134 0.214476 0.00206956
0.487584312498 0.19876 0.00209091
0.488128294852 0.200713 0.00211067
0.488672268392 0.189157 0.00212136
0.489216233108 0.190865 0.00213284
0.489760188991 0.197498 0.00215275
0.490304136031 0.205284 0.00217022
0.490848074219 0.199648 0.00218964
0.491392003544 0.195142 0.00220862
0.491935923998 0.198473 0.00222583
0.49247983557 0.190775 0.00224366
0.493023738252 0.207348 0.00226202
0.493567632033 0.204535 0.00228004
0.494111516904 0.20153 0.00229843
0.494655392855 0.192283 0.00231477
0.495199259877 0.192013 0.00233133
0.495743117961 0.201704 0.0023497
0.496286967096 0.19819 0.00236836
0.496830807273 0.194908 0.00238628
0.497374638483 0.201498 0.00240424
0.497918460715 0.200563 0.00242313
0.498462273961 0.211607 0.00243983
0.49900607821 0.196202 0.00245837
0.499549873454 0.181816 0.00247464
0.500093659682 0.1947 0.00249308
0.500637436885 0.177244 0.00251375
0.501181205053 0.203558 0.0025317
0.501724964177 0.216685 0.00254911
0.502268714248 0.214098 0.00256764
0.502812455255 0.205281 0.0025859
0.50335618719 0.208857 0.00260587
0.503899910041 0.201034 0.00262528
0.504443623801 0.180088 0.00264442
0.504987328459 0.192832 0.00266403
0.505531024006 0.219003 0.00268543
0.506074710433 0.191838 0.00270518
0.506618387729 0.178619 0.00272065
0.507162055885 0.170439 0.00274621
0.507705714891 0.185636 0.00276869
0.508249364739 0.204895 0.00278875
0.508793005418 0.232748 0.00280985
0.509336636919 0.218164 0.00283013
0.509880259232 0.231538 0.0028562
0.510423872348 0.225249 0.00287982
0.510967476257 0.223541 0.00289917
0.51151107095 0.22646 0.00292301
0.512054656417 0.203337 0.00294625
0.512598232648 0.20418 0.00297144
0.513141799635 0.231799 0.00299618
0.513685357366 0.245935 0.00301581
0.514228905834 0.221632 0.00304529
0.514772445028 0.209809 0.00307022
0.515315974938 0.213006 0.00309661
0.515859495556 0.201956 0.0031207
0.516403006872 0.191859 0.00314636
0.516946508875 0.203569 0.00317485
0.517490001557 0.222407 0.00320226
0.518033484908 0.234378 0.00322922
0.518576958919 0.231521 0.00326327
0.519120423579 0.231009 0.00329343
0.51966387888 0.207531 0.00332459
0.520207324812 0.21661 0.00335243
0.520750761365 0.23702 0.00338351
0.521294188529 0.24081 0.00342165
0.521837606296 0.240194 0.00345335
0.522381014655 0.205737 0.00348698
0.522924413598 0.214738 0.00351931
0.523467803114 0.227255 0.0035571
0.524011183194 0.241655 0.00358492
0.524554553829 0.255417 0.00360309
0.525097915009 0.237588 0.00361949
0.525641266724 0.209985 0.00363945
0.526184608965 0.184666 0.00365475
0.526727941723 0.166204 0.00367778
0.527271264987 0.192315 0.00369227
0.527814578748 0.184954 0.00371638
0.528357882998 0.209987 0.00373782
0.528901177725 0.216927 0.00375794
0.529444462922 0.196483 0.00377682
0.529987738577 0.195302 0.0037975
0.530531004683 0.19167 0.00382271
0.531074261228 0.19926 0.00384534
0.531617508204 0.209785 0.00386398
0.532160745601 0.228897 0.00388722
0.53270397341 0.234164 0.00391518
0.533247191621 0.197429 0.00393524
0.533790400224 0.211379 0.00395834
0.534333599211 0.21887 0.00397402
0.53487678857 0.193156 0.00400415
0.535419968294 0.167937 0.0040259
0.535963138373 0.196315 0.00405421
0.536506298796 0.253847 0.00407373
0.537049449555 0.285516 0.00410734
0.53759259064 0.288157 0.00413786
0.538135722041 0.234489 0.00416201
0.538678843749 0.194207 0.00417665
0.539221955755 0.187893 0.00421438
0.539765058048 0.195802 0.00424163
0.54030815062 0.214075 0.00427044
0.540851233461 0.205328 0.00429482
0.541394306561 0.2134 0.00431859
0.541937369911 0.209402 0.00435354
0.542480423501 0.222206 0.00438069
0.543023467323 0.254081 0.00441746
0.543566501365 0.270533 0.00444899
0.54410952562 0.252185 0.00447435
0.544652540077 0.257825 0.00451971
0.545195544727 0.231811 0.0045489
0.54573853956 0.247875 0.00458295
0.546281524567 0.234183 0.00461268
0.546824499738 0.202859 0.00463953
0.547367465065 0.212735 0.00468422
0.547910420537 0.248248 0.00471738
0.548453366144 0.252834 0.00475137
0.548996301878 0.225675 0.00479493
0.549539227729 0.249667 0.00482722
0.550082143688 0.242965 0.00487144
0.550625049744 0.21891 0.00490451
0.551167945889 0.221748 0.00494932
0.551710832113 0.238197 0.00499241
0.552253708407 0.228796 0.00502383
0.55279657476 0.222065 0.00507388
0.553339431164 0.267908 0.00511767
0.553882277609 0.261956 0.00516622
0.554425114085 0.22969 0.00521483
0.554967940584 0.2138 0.00525089
0.555510757095 0.218544 0.00531068
0.55605356361 0.197513 0.00535807
0.556596360118 0.135611 0.00539947
0.55713914661 0.177605 0.00546588
0.557681923077 0.210413 0.00551738
0.558224689509 0.258266 0.00558546
0.558767445897 0.254946 0.00564048
0.559310192231 0.242025 0.00569271
0.559852928502 0.191909 0.00575736
0.5603956547 0.190179 0.00581585
0.560938370817 0.256535 0.00589685
0.561481076841 0.251376 0.00595915
0.562023772765 0.192701 0.00602
0.562566458578 0.161906 0.00609468
0.563109134271 0.202905 0.00616285
0.563651799835 0.220395 0.00624547
0.564194455259 0.194846 0.0063238
0.564737100536 0.217583 0.00639963
0.565279735654 0.233226 0.00650593
0.565822360605 0.22845 0.0065771
0.56636497538 0.213479 0.00667001
0.566907579968 0.206241 0.00678168
0.56745017436 0.240204 0.00686755
0.567992758548 0.249005 0.00699334
0.568535332521 0.229677 0.00708789
0.569077896269 0.198479 0.00720726
0.569620449785 0.158845 0.00732844
0.570162993057 0.215998 0.00743487
0.570705526077 0.313146 0.0075965
0.571248048835 0.312042 0.0077268
0.571790561322 0.235642 0.00787
0.572333063528 0.228442 0.00804813
0.572875555444 0.185588 0.00817635
0.573418037061 0.147609 0.00838305
0.573960508368 0.218122 0.00855858
0.574502969357 0.192725 0.0087652
0.575045420018 0.208023 0.00900522
0.575587860341 0.295457 0.00918651
0.576130290318 0.297482 0.00947737
0.576672709938 0.245727 0.00972907
0.577215119193 0.160041 0.00999467
0.577757518072 0.0990615 0.0103556
0.578299906567 0.0681531 0.0106357
0.578842284668 0.0647165 0.0110754
0.579384652366 0.18587 0.0115469
0.57992700965 0.262647 0.0120105
0.580469356512 0.280838 0.0125948
0.581011692943 0.188315 0.0131711
0.581554018932 0.160219 0.0139879
0.582096334471 0.301818 0.0149021
0.58263863955 0.385501 0.0159356
0.583180934159 0.379774 0.0174399
0.58372321829 0.323524 0.0190573
0.584265491932 0.271765 0.0218536
0.584807755077 0.229305 0.0256274
0.585350007714 0.0252409 0.0322719
0.585892249835 -0.0555184 0.0524917
