P0A6F5.B99990001.pdb    7.153   0.681   3.718   0.778
P0A6F5.B99990002.pdb    7.344   0.646   3.491   0.777
P0A6F5.B99990003.pdb    6.775   0.677   3.559   0.777
P0A6F5.B99990004.pdb    5.346   0.684   3.731   0.761
P0A6F5.B99990005.pdb    7.138   0.679   3.527   0.792
P0A6F5.B99990006.pdb    8.224   0.627   3.498   0.787
P0A6F5.B99990007.pdb    7.236   0.661   3.480   0.804
P0A6F5.B99990008.pdb    8.636   0.626   3.497   0.778
P0A6F5.B99990009.pdb    5.546   0.719   3.499   0.780
P0A6F5.B99990010.pdb    7.149   0.695   3.694   0.776



