# SAXS profile: number of points = 355, q_min = 0.0332286, q_max = 0.386938, delta_q = 0.000999179096045198
# offset = 0.00000000000000, scaling c = 3.82367662468004e-06, Chi = 3.88399746533328
#  q       exp_intensity   model_intensity
0.03323    11.85900000     10.70022683    
0.03423    11.81940000     10.62949442    
0.03523    11.66240000     10.55725683    
0.03623    11.49320000     10.48356335    
0.03723    11.16380000     10.40845083    
0.03822    11.07470000     10.33197031    
0.03922    11.04620000     10.25417166    
0.04022    10.95950000     10.17509384    
0.04122    11.13280000     10.09480593    
0.04222    10.95970000     10.01333315    
0.04322    10.68670000     9.93073111     
0.04422    10.43060000     9.84705383     
0.04522    10.28710000     9.76235070     
0.04622    10.33690000     9.67667062     
0.04722    10.30650000     9.59005470     
0.04822    10.00770000     9.50255648     
0.04922    10.05990000     9.41423233     
0.05021    9.91195000      9.32512196     
0.05121    9.82508000      9.23528842     
0.05221    9.52055000      9.14475465     
0.05321    9.41914000      9.05359115     
0.05421    9.34294000      8.96183781     
0.05521    9.17984000      8.86954391     
0.05621    9.15527000      8.77676394     
0.05721    8.92669000      8.68353680     
0.05821    8.81483000      8.58990366     
0.05921    8.62236000      8.49591487     
0.06021    8.49650000      8.40162307     
0.06121    8.46287000      8.30707841     
0.06220    8.34411000      8.21230828     
0.06320    8.28364000      8.11736398     
0.06420    8.12185000      8.02227897     
0.06520    7.92204000      7.92711272     
0.06620    7.83119000      7.83190657     
0.06720    7.76254000      7.73668189     
0.06820    7.66008000      7.64149328     
0.06920    7.58715000      7.54637931     
0.07020    7.46948000      7.45137002     
0.07120    7.33799000      7.35651859     
0.07220    7.20158000      7.26184425     
0.07320    7.06189000      7.16739373     
0.07419    7.00605000      7.07319931     
0.07519    6.88629000      6.97929091     
0.07619    6.81508000      6.88570908     
0.07719    6.66228000      6.79248250     
0.07819    6.51746000      6.69963327     
0.07919    6.48014000      6.60719748     
0.08019    6.40465000      6.51521145     
0.08119    6.26515000      6.42370745     
0.08219    6.13748000      6.33268815     
0.08319    6.06685000      6.24219495     
0.08419    5.98856000      6.15225412     
0.08519    5.86650000      6.06288700     
0.08619    5.74789000      5.97412690     
0.08718    5.70083000      5.88597806     
0.08818    5.66819000      5.79846464     
0.08918    5.60423000      5.71161822     
0.09018    5.47960000      5.62545946     
0.09118    5.31044000      5.53998831     
0.09218    5.19577000      5.45523239     
0.09318    5.15777000      5.37121287     
0.09418    5.10492000      5.28792816     
0.09518    4.98145000      5.20541760     
0.09618    4.87942000      5.12367497     
0.09718    4.85205000      5.04272612     
0.09818    4.79059000      4.96257636     
0.09917    4.72869000      4.88323973     
0.10017    4.71226000      4.80469074     
0.10117    4.66239000      4.72701323     
0.10217    4.58259000      4.65017852     
0.10317    4.49247000      4.57418491     
0.10417    4.40899000      4.49904761     
0.10517    4.37149000      4.42470165     
0.10617    4.26384000      4.35128070     
0.10717    4.15759000      4.27874001     
0.10817    4.07340000      4.20706803     
0.10917    3.99405000      4.13627417     
0.11016    4.02271000      4.06635984     
0.11116    3.97416000      3.99725871     
0.11216    3.87559000      3.92910992     
0.11316    3.78380000      3.86184395     
0.11416    3.72587000      3.79546704     
0.11516    3.67071000      3.72997466     
0.11616    3.53691000      3.66530343     
0.11716    3.49497000      3.60158137     
0.11816    3.42984000      3.53873216     
0.11916    3.39400000      3.47676286     
0.12016    3.35320000      3.41567020     
0.12116    3.28542000      3.35546179     
0.12216    3.24656000      3.29605894     
0.12316    3.21749000      3.23758363     
0.12415    3.14171000      3.17996884     
0.12515    3.05334000      3.12321165     
0.12615    2.98612000      3.06731714     
0.12715    2.96119000      3.01221286     
0.12815    2.93259000      2.95800714     
0.12915    2.91258000      2.90464350     
0.13015    2.85219000      2.85211074     
0.13115    2.81976000      2.80040141     
0.13215    2.74355000      2.74951643     
0.13315    2.67143000      2.69940047     
0.13415    2.66355000      2.65013947     
0.13514    2.64913000      2.60168086     
0.13614    2.59590000      2.55401630     
0.13714    2.56429000      2.50714113     
0.13814    2.53068000      2.46104321     
0.13914    2.47189000      2.41567802     
0.14014    2.46582000      2.37112538     
0.14114    2.38794000      2.32733224     
0.14214    2.35618000      2.28428839     
0.14314    2.28209000      2.24199139     
0.14414    2.23159000      2.20038209     
0.14514    2.18375000      2.15955283     
0.14614    2.15903000      2.11944303     
0.14713    2.18471000      2.08005006     
0.14813    2.11683000      2.04135409     
0.14913    2.08463000      2.00335817     
0.15013    2.05769000      1.96601892     
0.15113    2.00937000      1.92939710     
0.15213    1.97450000      1.89345621     
0.15313    1.97359000      1.85817954     
0.15413    1.94452000      1.82355423     
0.15513    1.90883000      1.78955212     
0.15613    1.85524000      1.75622267     
0.15713    1.76615000      1.72353732     
0.15813    1.74425000      1.69146779     
0.15912    1.72324000      1.66002462     
0.16012    1.71231000      1.62918843     
0.16112    1.70763000      1.59893680     
0.16212    1.66952000      1.56930251     
0.16312    1.63332000      1.54026034     
0.16412    1.59599000      1.51179859     
0.16512    1.55238000      1.48390774     
0.16612    1.52049000      1.45655744     
0.16712    1.48944000      1.42978761     
0.16812    1.46427000      1.40356498     
0.16912    1.44235000      1.37789381     
0.17012    1.40145000      1.35275176     
0.17111    1.37365000      1.32813713     
0.17211    1.35365000      1.30401660     
0.17311    1.36247000      1.28043313     
0.17411    1.31991000      1.25735449     
0.17511    1.31919000      1.23477023     
0.17611    1.28111000      1.21267005     
0.17711    1.22074000      1.19105655     
0.17811    1.19424000      1.16989137     
0.17911    1.20225000      1.14921627     
0.18011    1.17438000      1.12900026     
0.18111    1.14200000      1.10923881     
0.18211    1.14707000      1.08991083     
0.18311    1.14404000      1.07100479     
0.18410    1.12689000      1.05254341     
0.18510    1.09941000      1.03450867     
0.18610    1.07830000      1.01688252     
0.18710    1.07228000      0.99966114     
0.18810    0.99700700      0.98283738     
0.18910    0.98368900      0.96639453     
0.19010    1.01896000      0.95033889     
0.19110    1.00142000      0.93467436     
0.19210    0.95476000      0.91936656     
0.19310    0.92254000      0.90442821     
0.19410    0.93702000      0.88982303     
0.19510    0.93289700      0.87558224     
0.19609    0.91833000      0.86167817     
0.19709    0.87686200      0.84810595     
0.19809    0.89706900      0.83485822     
0.19909    0.86782500      0.82193031     
0.20009    0.84846800      0.80929401     
0.20109    0.84604100      0.79697773     
0.20209    0.85524500      0.78495395     
0.20309    0.84006900      0.77322070     
0.20409    0.79397000      0.76176787     
0.20509    0.77272400      0.75057771     
0.20609    0.76030700      0.73966363     
0.20709    0.75701000      0.72901238     
0.20808    0.75774900      0.71861038     
0.20908    0.74199500      0.70846560     
0.21008    0.69635600      0.69854884     
0.21108    0.66784900      0.68885924     
0.21208    0.64358600      0.67940402     
0.21308    0.63909200      0.67016673     
0.21408    0.63165000      0.66114633     
0.21508    0.63063600      0.65233285     
0.21608    0.63993400      0.64371497     
0.21708    0.64805500      0.63528650     
0.21808    0.62638000      0.62705114     
0.21908    0.60810500      0.61899380     
0.22007    0.57263200      0.61111318     
0.22107    0.55710200      0.60340730     
0.22207    0.57520200      0.59585470     
0.22307    0.60550600      0.58846491     
0.22407    0.59196400      0.58122460     
0.22507    0.57478300      0.57413877     
0.22607    0.56680400      0.56718522     
0.22707    0.53454800      0.56037396     
0.22807    0.52770900      0.55368334     
0.22907    0.54168600      0.54712242     
0.23007    0.53365200      0.54068465     
0.23107    0.53478400      0.53436440     
0.23206    0.50567800      0.52814786     
0.23306    0.46433100      0.52203622     
0.23406    0.48001600      0.51603231     
0.23506    0.45012000      0.51011807     
0.23606    0.45692700      0.50430402     
0.23706    0.43909000      0.49857574     
0.23806    0.45422700      0.49293227     
0.23906    0.47267200      0.48736311     
0.24006    0.44994800      0.48187523     
0.24106    0.43491200      0.47646690     
0.24206    0.41687900      0.47112580     
0.24306    0.42447600      0.46585160     
0.24406    0.40610400      0.46063449     
0.24505    0.40734600      0.45548262     
0.24605    0.39978300      0.45038978     
0.24705    0.38551600      0.44535301     
0.24805    0.38957200      0.44036724     
0.24905    0.36279100      0.43542914     
0.25005    0.35873400      0.43053611     
0.25105    0.35652700      0.42568903     
0.25205    0.36188700      0.42089286     
0.25305    0.33369300      0.41613223     
0.25405    0.31628200      0.41141315     
0.25505    0.32989700      0.40672827     
0.25605    0.30916200      0.40207760     
0.25705    0.29928800      0.39746329     
0.25804    0.31095300      0.39288543     
0.25904    0.31994500      0.38833738     
0.26004    0.32788800      0.38382083     
0.26104    0.31588700      0.37932660     
0.26204    0.30231200      0.37486878     
0.26304    0.31049600      0.37043439     
0.26404    0.27788000      0.36603019     
0.26504    0.28614300      0.36165288     
0.26604    0.31235400      0.35729881     
0.26704    0.31516800      0.35296915     
0.26804    0.32826200      0.34866877     
0.26904    0.30308200      0.34439025     
0.27003    0.29159400      0.34013972     
0.27103    0.28258300      0.33591095     
0.27203    0.28250000      0.33170835     
0.27303    0.27804800      0.32752885     
0.27403    0.25265400      0.32337043     
0.27503    0.21830100      0.31924468     
0.27603    0.20273800      0.31513699     
0.27703    0.21048000      0.31105952     
0.27803    0.21119700      0.30700094     
0.27903    0.23011900      0.30297401     
0.28003    0.21801600      0.29897216     
0.28103    0.23070600      0.29499843     
0.28202    0.23146000      0.29105208     
0.28302    0.21205000      0.28712947     
0.28402    0.21228200      0.28323770     
0.28502    0.21446600      0.27937782     
0.28602    0.23085200      0.27554468     
0.28702    0.20644700      0.27174333     
0.28802    0.19692100      0.26797066     
0.28902    0.18558300      0.26423082     
0.29002    0.18660000      0.26052276     
0.29102    0.20141200      0.25685152     
0.29202    0.19919100      0.25321211     
0.29302    0.18021500      0.24960768     
0.29402    0.19440900      0.24603149     
0.29501    0.19421800      0.24249966     
0.29601    0.21418200      0.23900171     
0.29701    0.22021400      0.23553987     
0.29801    0.19200900      0.23211914     
0.29901    0.19429100      0.22873596     
0.30001    0.20353600      0.22538825     
0.30101    0.19888400      0.22208464     
0.30201    0.21289700      0.21881864     
0.30301    0.17816600      0.21559809     
0.30401    0.18373900      0.21241852     
0.30501    0.19672700      0.20927945     
0.30601    0.19870900      0.20617908     
0.30700    0.19790600      0.20312968     
0.30800    0.17549300      0.20011955     
0.30900    0.15481700      0.19715785     
0.31000    0.17160200      0.19423948     
0.31100    0.16284900      0.19136434     
0.31200    0.14685300      0.18853592     
0.31300    0.16835400      0.18575482     
0.31400    0.18260700      0.18302172     
0.31500    0.18867300      0.18033256     
0.31600    0.17953100      0.17769288     
0.31700    0.19083900      0.17509792     
0.31800    0.18366100      0.17255137     
0.31899    0.18126900      0.17005588     
0.31999    0.16044800      0.16760663     
0.32099    0.15711700      0.16520450     
0.32199    0.18212300      0.16285119     
0.32299    0.17764000      0.16054364     
0.32399    0.17461100      0.15828732     
0.32499    0.15549400      0.15607942     
0.32599    0.15334700      0.15391898     
0.32699    0.18748600      0.15180692     
0.32799    0.18822000      0.14974406     
0.32899    0.15933000      0.14772730     
0.32998    0.18490000      0.14576194     
0.33098    0.19345800      0.14383951     
0.33198    0.19189900      0.14197099     
0.33298    0.17839900      0.14014482     
0.33398    0.18666500      0.13836876     
0.33498    0.17870000      0.13663887     
0.33598    0.14278500      0.13495587     
0.33698    0.14276500      0.13331712     
0.33798    0.14801900      0.13172892     
0.33898    0.17191300      0.13018062     
0.33998    0.16402700      0.12868054     
0.34098    0.18207700      0.12722587     
0.34197    0.16766400      0.12581833     
0.34297    0.17000200      0.12445064     
0.34397    0.18768500      0.12313106     
0.34497    0.17119400      0.12185179     
0.34597    0.15330800      0.12061799     
0.34697    0.16902100      0.11942284     
0.34797    0.20569500      0.11827219     
0.34897    0.19447700      0.11716304     
0.34997    0.18938800      0.11609299     
0.35097    0.20155400      0.11506663     
0.35197    0.19166300      0.11407521     
0.35297    0.17606700      0.11312533     
0.35396    0.18059100      0.11221344     
0.35496    0.17176100      0.11134251     
0.35596    0.17807300      0.11050415     
0.35696    0.16608400      0.10970492     
0.35796    0.13036700      0.10894256     
0.35896    0.09874280      0.10821570     
0.35996    0.14823100      0.10752489     
0.36096    0.20271400      0.10686630     
0.36196    0.21956900      0.10624424     
0.36296    0.19113900      0.10565253     
0.36396    0.15972300      0.10509304     
0.36496    0.12237600      0.10456495     
0.36595    0.15225900      0.10407061     
0.36695    0.16868900      0.10360413     
0.36795    0.16223100      0.10317147     
0.36895    0.14955200      0.10276721     
0.36995    0.15761600      0.10238696     
0.37095    0.15492600      0.10203565     
0.37195    0.20082100      0.10171409     
0.37295    0.22991200      0.10141752     
0.37395    0.19123400      0.10114755     
0.37495    0.14579600      0.10090291     
0.37595    0.10435400      0.10068378     
0.37695    0.09331420      0.10048603     
0.37795    0.05294150      0.10031329     
0.37894    0.13145900      0.10016407     
0.37994    0.12686500      0.10003472     
0.38094    0.09573540      0.09992646     
0.38194    0.11283900      0.09983884     
0.38294    0.15757800      0.09977044     
0.38394    0.20318200      0.09972396     
0.38494    0.16212900      0.09969204     
0.38594    0.13201300      0.09968273     
0.38694    0.12052300      0.09968630     
