  0.741270E-01  0.844286E+02  0.232021E+02
  0.764101E-01  0.170971E+03  0.188264E+02
  0.786932E-01  0.149229E+03  0.146332E+02
  0.809763E-01  0.207400E+03  0.132177E+02
  0.832594E-01  0.200886E+03  0.120980E+02
  0.855425E-01  0.172486E+03  0.108008E+02
  0.878256E-01  0.195600E+03  0.931257E+01
  0.901087E-01  0.211829E+03  0.862663E+01
  0.923918E-01  0.198629E+03  0.796692E+01
  0.946750E-01  0.205629E+03  0.722146E+01
  0.969581E-01  0.178474E+03  0.666114E+01
  0.992412E-01  0.199149E+03  0.615857E+01
  0.101524E+00  0.182440E+03  0.570362E+01
  0.103807E+00  0.172977E+03  0.545711E+01
  0.106090E+00  0.160923E+03  0.506734E+01
  0.108374E+00  0.178254E+03  0.450603E+01
  0.110657E+00  0.183694E+03  0.446776E+01
  0.112940E+00  0.176640E+03  0.400698E+01
  0.115223E+00  0.171431E+03  0.401573E+01
  0.117506E+00  0.169943E+03  0.360947E+01
  0.119789E+00  0.174440E+03  0.340460E+01
  0.122072E+00  0.176634E+03  0.333299E+01
  0.124355E+00  0.173800E+03  0.307503E+01
  0.126638E+00  0.172343E+03  0.297977E+01
  0.128922E+00  0.179209E+03  0.274970E+01
  0.131205E+00  0.174311E+03  0.265256E+01
  0.133488E+00  0.170394E+03  0.263502E+01
  0.135771E+00  0.175040E+03  0.228959E+01
  0.138054E+00  0.166840E+03  0.233395E+01
  0.140337E+00  0.166734E+03  0.220906E+01
  0.142620E+00  0.167137E+03  0.211382E+01
  0.144903E+00  0.161766E+03  0.204991E+01
  0.147186E+00  0.159711E+03  0.190411E+01
  0.149469E+00  0.162234E+03  0.189166E+01
  0.151753E+00  0.163454E+03  0.175130E+01
  0.154036E+00  0.165506E+03  0.176242E+01
  0.156319E+00  0.161814E+03  0.162433E+01
  0.158602E+00  0.161137E+03  0.160421E+01
  0.160885E+00  0.157429E+03  0.158480E+01
  0.163168E+00  0.158220E+03  0.146982E+01
  0.165451E+00  0.156314E+03  0.143806E+01
  0.167734E+00  0.155057E+03  0.137415E+01
  0.170017E+00  0.157401E+03  0.134453E+01
  0.172300E+00  0.157713E+03  0.134262E+01
  0.174584E+00  0.155880E+03  0.123326E+01
  0.176867E+00  0.153522E+03  0.121435E+01
  0.179150E+00  0.153500E+03  0.118850E+01
  0.181433E+00  0.153018E+03  0.116810E+01
  0.183716E+00  0.153647E+03  0.112777E+01
  0.185999E+00  0.151289E+03  0.105949E+01
  0.188282E+00  0.151612E+03  0.108265E+01
  0.190565E+00  0.152456E+03  0.102653E+01
  0.192848E+00  0.150337E+03  0.101552E+01
  0.195132E+00  0.145808E+03  0.955018E+00
  0.197415E+00  0.148327E+03  0.957606E+00
  0.199698E+00  0.147067E+03  0.953367E+00
  0.201981E+00  0.144450E+03  0.897738E+00
  0.204264E+00  0.144642E+03  0.881778E+00
  0.206547E+00  0.143129E+03  0.848588E+00
  0.208830E+00  0.141521E+03  0.843206E+00
  0.211113E+00  0.142695E+03  0.841341E+00
  0.213396E+00  0.142458E+03  0.794981E+00
  0.215679E+00  0.140269E+03  0.803463E+00
  0.217963E+00  0.138662E+03  0.753775E+00
  0.220246E+00  0.139207E+03  0.765948E+00
  0.222529E+00  0.139266E+03  0.735832E+00
  0.224812E+00  0.137511E+03  0.707661E+00
  0.227095E+00  0.137253E+03  0.733822E+00
  0.229378E+00  0.136106E+03  0.686488E+00
  0.231661E+00  0.135197E+03  0.694843E+00
  0.233944E+00  0.133909E+03  0.652557E+00
  0.236227E+00  0.133039E+03  0.652208E+00
  0.238511E+00  0.133637E+03  0.659456E+00
  0.240794E+00  0.132696E+03  0.626701E+00
  0.243077E+00  0.130235E+03  0.611828E+00
  0.245360E+00  0.129527E+03  0.610922E+00
  0.247643E+00  0.130420E+03  0.596296E+00
  0.249926E+00  0.128150E+03  0.587098E+00
  0.252209E+00  0.127059E+03  0.572982E+00
  0.254492E+00  0.128754E+03  0.573801E+00
  0.256775E+00  0.127640E+03  0.562283E+00
  0.259058E+00  0.127473E+03  0.558027E+00
  0.261342E+00  0.125585E+03  0.542480E+00
  0.263625E+00  0.125240E+03  0.528204E+00
  0.265908E+00  0.123930E+03  0.532132E+00
  0.268191E+00  0.123097E+03  0.519601E+00
  0.270474E+00  0.122889E+03  0.519409E+00
  0.272757E+00  0.121874E+03  0.500599E+00
  0.275040E+00  0.121105E+03  0.504701E+00
  0.277323E+00  0.121261E+03  0.493340E+00
  0.279606E+00  0.119976E+03  0.492508E+00
  0.281890E+00  0.119446E+03  0.478898E+00
  0.284173E+00  0.119546E+03  0.476608E+00
  0.286456E+00  0.118679E+03  0.478200E+00
  0.288739E+00  0.118271E+03  0.467122E+00
  0.291022E+00  0.116857E+03  0.460028E+00
  0.293305E+00  0.115928E+03  0.457582E+00
  0.295588E+00  0.114751E+03  0.446169E+00
  0.297871E+00  0.115267E+03  0.455376E+00
  0.300154E+00  0.113977E+03  0.438547E+00
  0.302437E+00  0.114136E+03  0.436625E+00
  0.304721E+00  0.114050E+03  0.437839E+00
  0.307004E+00  0.112066E+03  0.428783E+00
  0.309287E+00  0.112313E+03  0.431072E+00
  0.311570E+00  0.112811E+03  0.416859E+00
  0.313853E+00  0.110821E+03  0.427354E+00
  0.316136E+00  0.111406E+03  0.415088E+00
  0.318419E+00  0.110371E+03  0.412060E+00
  0.320702E+00  0.109658E+03  0.408898E+00
  0.322985E+00  0.108969E+03  0.398007E+00
  0.325268E+00  0.107525E+03  0.412148E+00
  0.327552E+00  0.107509E+03  0.398793E+00
  0.329835E+00  0.107192E+03  0.393250E+00
  0.332118E+00  0.106557E+03  0.395768E+00
  0.334401E+00  0.105631E+03  0.384379E+00
  0.336684E+00  0.104779E+03  0.394827E+00
  0.338967E+00  0.104485E+03  0.377841E+00
  0.341250E+00  0.104336E+03  0.380840E+00
  0.343533E+00  0.103440E+03  0.381988E+00
  0.345816E+00  0.103006E+03  0.375107E+00
  0.348100E+00  0.102217E+03  0.378441E+00
  0.350383E+00  0.101579E+03  0.361801E+00
  0.352666E+00  0.100761E+03  0.371022E+00
  0.354949E+00  0.101122E+03  0.366780E+00
  0.357232E+00  0.100905E+03  0.365388E+00
  0.359515E+00  0.100092E+03  0.360976E+00
  0.361798E+00  0.990209E+02  0.350340E+00
  0.364081E+00  0.992071E+02  0.361510E+00
  0.366364E+00  0.974091E+02  0.354682E+00
  0.368647E+00  0.977389E+02  0.351008E+00
  0.370931E+00  0.964474E+02  0.350152E+00
  0.373214E+00  0.958875E+02  0.343202E+00
  0.375497E+00  0.954009E+02  0.349144E+00
  0.377780E+00  0.958728E+02  0.338954E+00
  0.380063E+00  0.954481E+02  0.339247E+00
  0.382346E+00  0.958427E+02  0.341172E+00
  0.384629E+00  0.960031E+02  0.341280E+00
  0.386912E+00  0.947352E+02  0.340237E+00
  0.389195E+00  0.931518E+02  0.325217E+00
  0.391479E+00  0.916357E+02  0.331650E+00
  0.393762E+00  0.909713E+02  0.327889E+00
  0.396045E+00  0.907622E+02  0.330191E+00
  0.398328E+00  0.906637E+02  0.324708E+00
  0.400611E+00  0.908678E+02  0.321038E+00
  0.402894E+00  0.898621E+02  0.324596E+00
  0.405177E+00  0.895587E+02  0.319936E+00
  0.407460E+00  0.886357E+02  0.316458E+00
  0.409743E+00  0.884276E+02  0.315005E+00
  0.412026E+00  0.873823E+02  0.316241E+00
  0.414310E+00  0.865896E+02  0.316551E+00
  0.416593E+00  0.868845E+02  0.304408E+00
  0.418876E+00  0.864758E+02  0.311936E+00
  0.421159E+00  0.858825E+02  0.306995E+00
  0.423442E+00  0.854016E+02  0.308316E+00
  0.425725E+00  0.845536E+02  0.307276E+00
  0.428008E+00  0.849215E+02  0.296072E+00
  0.430291E+00  0.841415E+02  0.305756E+00
  0.432574E+00  0.831922E+02  0.297755E+00
  0.434857E+00  0.830361E+02  0.300714E+00
  0.437141E+00  0.827250E+02  0.295495E+00
  0.439424E+00  0.816502E+02  0.293416E+00
  0.441707E+00  0.811753E+02  0.301143E+00
  0.443990E+00  0.816219E+02  0.291114E+00
  0.446273E+00  0.810968E+02  0.291083E+00
  0.448556E+00  0.804605E+02  0.288499E+00
  0.450839E+00  0.800622E+02  0.287662E+00
  0.453122E+00  0.795110E+02  0.294983E+00
  0.455405E+00  0.797146E+02  0.281777E+00
  0.457689E+00  0.790360E+02  0.285583E+00
  0.459972E+00  0.778032E+02  0.282948E+00
  0.462255E+00  0.768374E+02  0.282905E+00
  0.464538E+00  0.771765E+02  0.282927E+00
  0.466821E+00  0.768773E+02  0.275637E+00
  0.469104E+00  0.761354E+02  0.279514E+00
  0.471387E+00  0.760457E+02  0.276838E+00
  0.473670E+00  0.753123E+02  0.277181E+00
  0.475953E+00  0.744286E+02  0.273301E+00
  0.478236E+00  0.740058E+02  0.271385E+00
  0.480520E+00  0.749263E+02  0.275242E+00
  0.482803E+00  0.741351E+02  0.270304E+00
  0.485086E+00  0.738532E+02  0.268052E+00
  0.487369E+00  0.724264E+02  0.267585E+00
  0.489652E+00  0.724639E+02  0.266784E+00
  0.491935E+00  0.721900E+02  0.271388E+00
  0.494218E+00  0.716054E+02  0.260313E+00
  0.496501E+00  0.709663E+02  0.263982E+00
  0.498784E+00  0.710590E+02  0.265377E+00
  0.501068E+00  0.705699E+02  0.262862E+00
  0.503351E+00  0.700269E+02  0.258148E+00
  0.505634E+00  0.694711E+02  0.259522E+00
  0.507917E+00  0.690316E+02  0.258540E+00
  0.510200E+00  0.688577E+02  0.257879E+00
  0.512483E+00  0.690303E+02  0.259608E+00
  0.514766E+00  0.678939E+02  0.252690E+00
  0.517049E+00  0.675261E+02  0.255363E+00
  0.519332E+00  0.666054E+02  0.253059E+00
  0.521615E+00  0.663375E+02  0.252540E+00
  0.523899E+00  0.663790E+02  0.249798E+00
  0.526182E+00  0.664891E+02  0.247955E+00
  0.528465E+00  0.658028E+02  0.252793E+00
  0.530748E+00  0.652713E+02  0.248456E+00
  0.533031E+00  0.645945E+02  0.244538E+00
  0.535314E+00  0.645867E+02  0.248201E+00
  0.537597E+00  0.642883E+02  0.243514E+00
  0.539880E+00  0.641331E+02  0.248197E+00
  0.542163E+00  0.632500E+02  0.242291E+00
  0.544446E+00  0.630280E+02  0.240088E+00
  0.546730E+00  0.634031E+02  0.245753E+00
  0.549013E+00  0.623034E+02  0.238601E+00
  0.551296E+00  0.618912E+02  0.243206E+00
  0.553579E+00  0.611112E+02  0.235751E+00
  0.555862E+00  0.614442E+02  0.239562E+00
  0.558145E+00  0.609510E+02  0.239372E+00
  0.560428E+00  0.608203E+02  0.232865E+00
  0.562711E+00  0.604290E+02  0.237646E+00
  0.564994E+00  0.603365E+02  0.231732E+00
  0.567278E+00  0.595343E+02  0.236609E+00
  0.569561E+00  0.593017E+02  0.234704E+00
  0.571844E+00  0.589428E+02  0.229327E+00
  0.574127E+00  0.581181E+02  0.231870E+00
  0.576410E+00  0.582857E+02  0.228519E+00
  0.578693E+00  0.576267E+02  0.231404E+00
  0.580976E+00  0.574474E+02  0.227380E+00
  0.583259E+00  0.568229E+02  0.226997E+00
  0.585542E+00  0.567716E+02  0.230118E+00
  0.587825E+00  0.564191E+02  0.222795E+00
  0.590109E+00  0.557659E+02  0.226337E+00
  0.592392E+00  0.554735E+02  0.222556E+00
  0.594675E+00  0.553661E+02  0.225063E+00
  0.596958E+00  0.551312E+02  0.225789E+00
  0.599241E+00  0.546196E+02  0.220989E+00
  0.601524E+00  0.543798E+02  0.220952E+00
  0.603807E+00  0.534714E+02  0.220940E+00
  0.606090E+00  0.536320E+02  0.223442E+00
  0.608373E+00  0.534524E+02  0.225093E+00
  0.610657E+00  0.529510E+02  0.220014E+00
  0.612940E+00  0.530418E+02  0.223324E+00
  0.615223E+00  0.524656E+02  0.220370E+00
  0.617506E+00  0.517023E+02  0.220757E+00
  0.619789E+00  0.516261E+02  0.219730E+00
  0.622072E+00  0.509136E+02  0.221143E+00
  0.624355E+00  0.512886E+02  0.223825E+00
  0.626638E+00  0.512949E+02  0.220913E+00
  0.628921E+00  0.511071E+02  0.221750E+00
  0.631204E+00  0.505271E+02  0.218359E+00
  0.633488E+00  0.495493E+02  0.223043E+00
  0.635771E+00  0.495423E+02  0.224108E+00
  0.638054E+00  0.489397E+02  0.224850E+00
  0.640337E+00  0.485821E+02  0.222473E+00
  0.642620E+00  0.485714E+02  0.222217E+00
  0.644903E+00  0.484956E+02  0.225937E+00
  0.647186E+00  0.483625E+02  0.226048E+00
  0.649469E+00  0.476974E+02  0.223615E+00
  0.651752E+00  0.471813E+02  0.225062E+00
  0.654035E+00  0.471758E+02  0.224021E+00
  0.656319E+00  0.466927E+02  0.226983E+00
  0.658602E+00  0.464091E+02  0.222752E+00
  0.660885E+00  0.459191E+02  0.226190E+00
  0.663168E+00  0.459661E+02  0.226452E+00
  0.665451E+00  0.450447E+02  0.226201E+00
  0.667734E+00  0.450450E+02  0.228936E+00
  0.670017E+00  0.450043E+02  0.222166E+00
  0.672300E+00  0.448869E+02  0.228496E+00
  0.674583E+00  0.443349E+02  0.225623E+00
  0.676867E+00  0.448115E+02  0.227930E+00
  0.679150E+00  0.438360E+02  0.229990E+00
  0.681433E+00  0.440157E+02  0.222751E+00
  0.683716E+00  0.440330E+02  0.231568E+00
  0.685999E+00  0.436142E+02  0.224148E+00
  0.688282E+00  0.431813E+02  0.225635E+00
  0.690565E+00  0.431819E+02  0.230394E+00
  0.692848E+00  0.426091E+02  0.226053E+00
  0.695131E+00  0.418733E+02  0.231740E+00
  0.697414E+00  0.422419E+02  0.222387E+00
  0.699698E+00  0.424222E+02  0.228542E+00
  0.701981E+00  0.418471E+02  0.229719E+00
  0.704264E+00  0.416827E+02  0.226583E+00
  0.706547E+00  0.411436E+02  0.229454E+00
  0.708830E+00  0.406861E+02  0.226052E+00
  0.711113E+00  0.407745E+02  0.227247E+00
  0.713396E+00  0.398787E+02  0.227549E+00
  0.715679E+00  0.399895E+02  0.226316E+00
  0.717962E+00  0.398381E+02  0.229386E+00
  0.720246E+00  0.395655E+02  0.226603E+00
  0.722529E+00  0.392309E+02  0.228504E+00
  0.724812E+00  0.391327E+02  0.225509E+00
  0.727095E+00  0.385338E+02  0.226515E+00
  0.729378E+00  0.384787E+02  0.227829E+00
  0.731661E+00  0.386856E+02  0.228237E+00
  0.733944E+00  0.380199E+02  0.230384E+00
  0.736227E+00  0.376779E+02  0.225584E+00
  0.738510E+00  0.380766E+02  0.227772E+00
  0.740793E+00  0.375701E+02  0.225275E+00
  0.743077E+00  0.376299E+02  0.229444E+00
  0.745360E+00  0.371214E+02  0.227917E+00
  0.747643E+00  0.362956E+02  0.222797E+00
  0.749926E+00  0.365689E+02  0.228919E+00
  0.752209E+00  0.354653E+02  0.224891E+00
  0.754492E+00  0.358984E+02  0.226779E+00
  0.756775E+00  0.355391E+02  0.225933E+00
  0.759058E+00  0.356589E+02  0.225998E+00
  0.761341E+00  0.356135E+02  0.229260E+00
  0.763625E+00  0.348057E+02  0.222392E+00
  0.765908E+00  0.349156E+02  0.228895E+00
  0.768191E+00  0.346698E+02  0.224147E+00
  0.770474E+00  0.340097E+02  0.225156E+00
  0.772757E+00  0.339755E+02  0.230526E+00
  0.775040E+00  0.336308E+02  0.220496E+00
  0.777323E+00  0.332262E+02  0.228510E+00
  0.779606E+00  0.330572E+02  0.222974E+00
  0.781889E+00  0.334674E+02  0.226121E+00
  0.784172E+00  0.338293E+02  0.227306E+00
  0.786456E+00  0.332534E+02  0.221894E+00
  0.788739E+00  0.324445E+02  0.229984E+00
  0.791022E+00  0.319798E+02  0.223407E+00
  0.793305E+00  0.322180E+02  0.225771E+00
  0.795588E+00  0.323057E+02  0.223783E+00
  0.797871E+00  0.323400E+02  0.223591E+00
  0.800154E+00  0.317072E+02  0.227997E+00
  0.802437E+00  0.317727E+02  0.221957E+00
  0.804720E+00  0.316511E+02  0.225156E+00
  0.807003E+00  0.310905E+02  0.224182E+00
  0.809287E+00  0.311806E+02  0.225095E+00
  0.811570E+00  0.306395E+02  0.227671E+00
  0.813853E+00  0.307122E+02  0.220732E+00
  0.816136E+00  0.305500E+02  0.226114E+00
  0.818419E+00  0.304189E+02  0.222667E+00
  0.820702E+00  0.300440E+02  0.225994E+00
  0.822985E+00  0.297402E+02  0.223500E+00
  0.825268E+00  0.295739E+02  0.220658E+00
  0.827551E+00  0.292617E+02  0.226156E+00
  0.829835E+00  0.290588E+02  0.221388E+00
  0.832118E+00  0.282411E+02  0.223378E+00
  0.834401E+00  0.284262E+02  0.222077E+00
  0.836684E+00  0.281677E+02  0.221891E+00
  0.838967E+00  0.279269E+02  0.225115E+00
  0.841250E+00  0.282392E+02  0.219664E+00
  0.843533E+00  0.282396E+02  0.224059E+00
  0.845816E+00  0.275609E+02  0.221895E+00
  0.848099E+00  0.269239E+02  0.222875E+00
  0.850382E+00  0.268957E+02  0.225488E+00
  0.852666E+00  0.269941E+02  0.217416E+00
  0.854949E+00  0.267770E+02  0.223909E+00
  0.857232E+00  0.274037E+02  0.221467E+00
  0.859515E+00  0.269697E+02  0.225289E+00
  0.861798E+00  0.267131E+02  0.220368E+00
  0.864081E+00  0.267631E+02  0.223186E+00
  0.866364E+00  0.260457E+02  0.222773E+00
  0.868647E+00  0.260419E+02  0.221692E+00
  0.870930E+00  0.258618E+02  0.219557E+00
  0.873214E+00  0.250811E+02  0.220599E+00
  0.875497E+00  0.251845E+02  0.222101E+00
  0.877780E+00  0.254805E+02  0.221229E+00
  0.880063E+00  0.254219E+02  0.219679E+00
  0.882346E+00  0.250501E+02  0.221387E+00
  0.884629E+00  0.250056E+02  0.221322E+00
  0.886912E+00  0.251417E+02  0.221957E+00
  0.889195E+00  0.244603E+02  0.221677E+00
  0.891478E+00  0.238261E+02  0.217970E+00
  0.893761E+00  0.238709E+02  0.220990E+00
  0.896045E+00  0.237093E+02  0.220676E+00
  0.898328E+00  0.237139E+02  0.220870E+00
  0.900611E+00  0.242804E+02  0.218700E+00
  0.902894E+00  0.234351E+02  0.220147E+00
  0.905177E+00  0.226947E+02  0.220624E+00
  0.907460E+00  0.232774E+02  0.219836E+00
  0.909743E+00  0.233471E+02  0.217379E+00
  0.912026E+00  0.234656E+02  0.218575E+00
  0.914309E+00  0.230804E+02  0.219730E+00
  0.916592E+00  0.226884E+02  0.220445E+00
  0.918876E+00  0.221451E+02  0.218485E+00
  0.921159E+00  0.221327E+02  0.219503E+00
  0.923442E+00  0.224275E+02  0.219446E+00
  0.925725E+00  0.221415E+02  0.219822E+00
  0.928008E+00  0.218515E+02  0.219065E+00
  0.930291E+00  0.219098E+02  0.218638E+00
  0.932574E+00  0.212839E+02  0.217908E+00
  0.934857E+00  0.208080E+02  0.219196E+00
  0.937140E+00  0.209492E+02  0.219097E+00
  0.939424E+00  0.215562E+02  0.217778E+00
  0.941707E+00  0.213579E+02  0.217543E+00
  0.943990E+00  0.213938E+02  0.218496E+00
  0.946273E+00  0.211065E+02  0.220228E+00
  0.948556E+00  0.206713E+02  0.217052E+00
  0.950839E+00  0.205543E+02  0.217051E+00
  0.953122E+00  0.208387E+02  0.217564E+00
  0.955405E+00  0.203335E+02  0.217532E+00
  0.957688E+00  0.202033E+02  0.218237E+00
  0.959971E+00  0.198990E+02  0.217448E+00
  0.962255E+00  0.197610E+02  0.218897E+00
  0.964538E+00  0.195770E+02  0.215382E+00
  0.966821E+00  0.194286E+02  0.216414E+00
  0.969104E+00  0.188726E+02  0.217192E+00
  0.971387E+00  0.191539E+02  0.216545E+00
  0.973670E+00  0.193958E+02  0.219702E+00
  0.975953E+00  0.193689E+02  0.217954E+00
  0.978236E+00  0.193310E+02  0.214256E+00
  0.980519E+00  0.185645E+02  0.216574E+00
  0.982803E+00  0.186918E+02  0.215388E+00
  0.985086E+00  0.180463E+02  0.218047E+00
  0.987369E+00  0.183441E+02  0.213446E+00
  0.989652E+00  0.181622E+02  0.216771E+00
  0.991935E+00  0.178835E+02  0.214729E+00
  0.994218E+00  0.179047E+02  0.215985E+00
  0.996501E+00  0.175049E+02  0.214621E+00
  0.998784E+00  0.169459E+02  0.216458E+00
  0.100107E+01  0.171913E+02  0.214417E+00
  0.100335E+01  0.169221E+02  0.215806E+00
  0.100563E+01  0.172009E+02  0.214418E+00
  0.100792E+01  0.171778E+02  0.213424E+00
  0.101020E+01  0.176679E+02  0.216757E+00
  0.101248E+01  0.175361E+02  0.214809E+00
  0.101477E+01  0.171527E+02  0.218485E+00
  0.101705E+01  0.170109E+02  0.212891E+00
  0.101933E+01  0.165844E+02  0.214553E+00
  0.102162E+01  0.165071E+02  0.214049E+00
  0.102390E+01  0.164660E+02  0.214076E+00
  0.102846E+01  0.158625E+02  0.213100E+00
  0.103075E+01  0.160646E+02  0.214514E+00
  0.103303E+01  0.160623E+02  0.215597E+00
  0.103531E+01  0.163019E+02  0.215431E+00
  0.103760E+01  0.161491E+02  0.212568E+00
  0.103988E+01  0.161916E+02  0.214924E+00
  0.104216E+01  0.161837E+02  0.214050E+00
  0.104445E+01  0.159334E+02  0.215891E+00
  0.104673E+01  0.150642E+02  0.214441E+00
  0.104901E+01  0.154450E+02  0.213408E+00
  0.105130E+01  0.148708E+02  0.212038E+00
  0.105358E+01  0.149055E+02  0.213851E+00
  0.105586E+01  0.149283E+02  0.214245E+00
  0.105814E+01  0.148723E+02  0.212655E+00
  0.106043E+01  0.150257E+02  0.213919E+00
  0.106271E+01  0.146230E+02  0.215151E+00
  0.106499E+01  0.142006E+02  0.213574E+00
  0.106728E+01  0.145873E+02  0.209728E+00
  0.106956E+01  0.148972E+02  0.214062E+00
  0.107184E+01  0.145057E+02  0.212706E+00
  0.107413E+01  0.144234E+02  0.214306E+00
  0.107641E+01  0.142707E+02  0.211838E+00
  0.107869E+01  0.139696E+02  0.210555E+00
  0.108098E+01  0.143223E+02  0.212964E+00
  0.108326E+01  0.144052E+02  0.212851E+00
  0.108554E+01  0.146269E+02  0.212602E+00
  0.108783E+01  0.143201E+02  0.213479E+00
  0.109011E+01  0.142405E+02  0.212731E+00
  0.109239E+01  0.137335E+02  0.213898E+00
  0.109467E+01  0.138005E+02  0.211949E+00
  0.109696E+01  0.134391E+02  0.209990E+00
  0.109924E+01  0.138301E+02  0.213699E+00
  0.110152E+01  0.134483E+02  0.211703E+00
  0.110381E+01  0.129667E+02  0.214252E+00
  0.110609E+01  0.134837E+02  0.210240E+00
  0.110837E+01  0.133851E+02  0.210502E+00
  0.111066E+01  0.127769E+02  0.212943E+00
  0.111294E+01  0.132788E+02  0.214091E+00
  0.111522E+01  0.132002E+02  0.209074E+00
  0.111751E+01  0.129609E+02  0.212457E+00
  0.111979E+01  0.126195E+02  0.211738E+00
  0.112207E+01  0.125600E+02  0.211301E+00
  0.112435E+01  0.115816E+02  0.209025E+00
  0.112664E+01  0.123625E+02  0.212790E+00
  0.112892E+01  0.120369E+02  0.209827E+00
  0.113120E+01  0.122220E+02  0.212982E+00
  0.113349E+01  0.126281E+02  0.211039E+00
  0.113577E+01  0.121059E+02  0.208433E+00
  0.113805E+01  0.114590E+02  0.210872E+00
  0.114034E+01  0.120083E+02  0.211619E+00
  0.114262E+01  0.121792E+02  0.212268E+00
  0.114490E+01  0.122930E+02  0.209420E+00
  0.114719E+01  0.118922E+02  0.212281E+00
  0.114947E+01  0.117651E+02  0.210439E+00
  0.115175E+01  0.121339E+02  0.210749E+00
  0.115404E+01  0.120267E+02  0.211046E+00
  0.115632E+01  0.117404E+02  0.211183E+00
  0.115860E+01  0.112990E+02  0.210831E+00
  0.116088E+01  0.107886E+02  0.211673E+00
  0.116317E+01  0.113732E+02  0.210661E+00
  0.116545E+01  0.113606E+02  0.208607E+00
  0.116773E+01  0.113861E+02  0.211046E+00
  0.117002E+01  0.111978E+02  0.210068E+00
  0.117230E+01  0.110300E+02  0.210616E+00
  0.117458E+01  0.113099E+02  0.208954E+00
  0.117687E+01  0.103985E+02  0.210338E+00
  0.117915E+01  0.104421E+02  0.210189E+00
  0.118143E+01  0.105696E+02  0.210875E+00
  0.118372E+01  0.111049E+02  0.209368E+00
  0.118600E+01  0.107826E+02  0.209805E+00
  0.118828E+01  0.106295E+02  0.210589E+00
  0.119057E+01  0.101378E+02  0.209496E+00
  0.119285E+01  0.107911E+02  0.207652E+00
  0.119513E+01  0.107598E+02  0.210646E+00
  0.119741E+01  0.101091E+02  0.210151E+00
  0.119970E+01  0.991854E+01  0.210376E+00
  0.120198E+01  0.998480E+01  0.208986E+00
  0.120426E+01  0.100600E+02  0.208309E+00
  0.120655E+01  0.103983E+02  0.209170E+00
  0.120883E+01  0.103914E+02  0.209638E+00
  0.121111E+01  0.976503E+01  0.208087E+00
  0.121340E+01  0.968637E+01  0.208002E+00
  0.121568E+01  0.975991E+01  0.208556E+00
  0.121796E+01  0.973663E+01  0.211308E+00
  0.122025E+01  0.959531E+01  0.209584E+00
  0.122253E+01  0.954643E+01  0.206727E+00
  0.122481E+01  0.929100E+01  0.210513E+00
  0.122709E+01  0.929960E+01  0.209975E+00
  0.122938E+01  0.930611E+01  0.209819E+00
  0.123166E+01  0.903443E+01  0.207129E+00
  0.123394E+01  0.947840E+01  0.208298E+00
  0.123623E+01  0.939151E+01  0.209000E+00
  0.123851E+01  0.920437E+01  0.208261E+00
  0.124079E+01  0.935854E+01  0.209122E+00
  0.124308E+01  0.887097E+01  0.208346E+00
  0.124536E+01  0.901317E+01  0.206846E+00
  0.124764E+01  0.919929E+01  0.208702E+00
  0.124993E+01  0.928840E+01  0.207720E+00
  0.125221E+01  0.933866E+01  0.208755E+00
  0.125449E+01  0.939974E+01  0.208199E+00
  0.125678E+01  0.886654E+01  0.210177E+00
  0.125906E+01  0.895274E+01  0.208726E+00
  0.126134E+01  0.854249E+01  0.206208E+00
  0.126362E+01  0.861540E+01  0.206510E+00
  0.126591E+01  0.867446E+01  0.208387E+00
  0.126819E+01  0.864057E+01  0.208594E+00
  0.127047E+01  0.847726E+01  0.206172E+00
  0.127276E+01  0.810677E+01  0.208150E+00
  0.127504E+01  0.802963E+01  0.208509E+00
  0.127732E+01  0.800983E+01  0.208295E+00
  0.127961E+01  0.845217E+01  0.205726E+00
  0.128189E+01  0.819429E+01  0.207134E+00
  0.128417E+01  0.863346E+01  0.207936E+00
  0.128646E+01  0.790517E+01  0.208739E+00
  0.128874E+01  0.854614E+01  0.207470E+00
  0.129102E+01  0.807300E+01  0.206505E+00
  0.129330E+01  0.795877E+01  0.208440E+00
  0.129559E+01  0.752666E+01  0.206574E+00
  0.129787E+01  0.737643E+01  0.207868E+00
  0.130015E+01  0.742157E+01  0.205756E+00
  0.130244E+01  0.778623E+01  0.207088E+00
  0.130472E+01  0.784114E+01  0.207492E+00
  0.130700E+01  0.764160E+01  0.207117E+00
  0.130929E+01  0.714183E+01  0.204424E+00
  0.131157E+01  0.669111E+01  0.207462E+00
  0.131385E+01  0.751440E+01  0.209138E+00
  0.131614E+01  0.759129E+01  0.208979E+00
  0.131842E+01  0.762680E+01  0.204980E+00
  0.132070E+01  0.714954E+01  0.205698E+00
  0.132299E+01  0.746940E+01  0.206521E+00
  0.132527E+01  0.780874E+01  0.208184E+00
  0.132755E+01  0.773777E+01  0.205126E+00
  0.132983E+01  0.724771E+01  0.206109E+00
  0.133212E+01  0.767883E+01  0.208684E+00
  0.133440E+01  0.787466E+01  0.208208E+00
  0.133668E+01  0.768866E+01  0.205285E+00
  0.133897E+01  0.776423E+01  0.206082E+00
  0.134125E+01  0.736651E+01  0.207737E+00
  0.134353E+01  0.716551E+01  0.208695E+00
  0.134582E+01  0.687251E+01  0.205664E+00
  0.134810E+01  0.699906E+01  0.204210E+00
  0.135038E+01  0.710580E+01  0.206715E+00
  0.135267E+01  0.673743E+01  0.205997E+00
  0.135495E+01  0.668143E+01  0.207220E+00
  0.135723E+01  0.678180E+01  0.205237E+00
  0.135951E+01  0.671686E+01  0.205246E+00
  0.136180E+01  0.748037E+01  0.206515E+00
  0.136408E+01  0.669369E+01  0.207189E+00
  0.136636E+01  0.690049E+01  0.206008E+00
  0.136865E+01  0.698451E+01  0.206823E+00
  0.137093E+01  0.694897E+01  0.207897E+00
  0.137321E+01  0.703606E+01  0.207652E+00
  0.137550E+01  0.657846E+01  0.203357E+00
  0.137778E+01  0.632020E+01  0.205652E+00
  0.138006E+01  0.650871E+01  0.206323E+00
  0.138235E+01  0.645529E+01  0.206928E+00
  0.138463E+01  0.645957E+01  0.206870E+00
  0.138691E+01  0.662814E+01  0.205119E+00
  0.138920E+01  0.643354E+01  0.205370E+00
  0.139148E+01  0.640623E+01  0.206897E+00
  0.139376E+01  0.654029E+01  0.205606E+00
  0.139604E+01  0.647934E+01  0.205192E+00
  0.139833E+01  0.691626E+01  0.205841E+00
  0.140061E+01  0.650511E+01  0.206562E+00
  0.140289E+01  0.645871E+01  0.205849E+00
  0.140518E+01  0.598457E+01  0.204162E+00
  0.140746E+01  0.610429E+01  0.206749E+00
  0.140974E+01  0.544646E+01  0.205319E+00
  0.141203E+01  0.653529E+01  0.207020E+00
  0.141431E+01  0.654234E+01  0.206957E+00
  0.141659E+01  0.602731E+01  0.204425E+00
  0.141888E+01  0.590086E+01  0.205266E+00
  0.142116E+01  0.631197E+01  0.206830E+00
  0.142344E+01  0.606134E+01  0.206404E+00
  0.142572E+01  0.640683E+01  0.206463E+00
  0.142801E+01  0.612823E+01  0.205876E+00
  0.143029E+01  0.632131E+01  0.204852E+00
  0.143257E+01  0.608369E+01  0.205428E+00
  0.143486E+01  0.602726E+01  0.205408E+00
  0.143714E+01  0.567580E+01  0.205258E+00
  0.143942E+01  0.589231E+01  0.206427E+00
  0.144171E+01  0.541483E+01  0.204993E+00
  0.144399E+01  0.581691E+01  0.205406E+00
  0.144627E+01  0.583454E+01  0.205763E+00
  0.144856E+01  0.531757E+01  0.204626E+00
  0.145084E+01  0.505837E+01  0.204820E+00
  0.145312E+01  0.573131E+01  0.206429E+00
  0.145541E+01  0.590077E+01  0.204749E+00
  0.145769E+01  0.600054E+01  0.206185E+00
  0.145997E+01  0.526071E+01  0.202853E+00
  0.146225E+01  0.545057E+01  0.204886E+00
  0.146454E+01  0.517649E+01  0.205467E+00
  0.146682E+01  0.533869E+01  0.203567E+00
  0.146910E+01  0.568334E+01  0.205774E+00
  0.147139E+01  0.552197E+01  0.205946E+00
  0.147367E+01  0.562197E+01  0.204504E+00
  0.147595E+01  0.563463E+01  0.204467E+00
  0.147824E+01  0.558917E+01  0.206107E+00
  0.148052E+01  0.595334E+01  0.206959E+00
  0.148280E+01  0.573103E+01  0.204605E+00
  0.148509E+01  0.516926E+01  0.205232E+00
  0.148737E+01  0.497957E+01  0.203186E+00
  0.148965E+01  0.553560E+01  0.203560E+00
  0.149193E+01  0.544646E+01  0.205044E+00
  0.149422E+01  0.523920E+01  0.204678E+00
  0.149650E+01  0.515651E+01  0.205679E+00
  0.149878E+01  0.513369E+01  0.205767E+00
  0.150107E+01  0.557611E+01  0.205763E+00
  0.150335E+01  0.526563E+01  0.205381E+00
  0.150563E+01  0.515234E+01  0.203593E+00
  0.150792E+01  0.468843E+01  0.204733E+00
  0.151020E+01  0.492880E+01  0.206176E+00
  0.151248E+01  0.501083E+01  0.205904E+00
  0.151477E+01  0.530974E+01  0.204040E+00
  0.151705E+01  0.565951E+01  0.204398E+00
  0.151933E+01  0.506857E+01  0.205616E+00
  0.152162E+01  0.494411E+01  0.206286E+00
  0.152390E+01  0.469403E+01  0.202968E+00
  0.152618E+01  0.513234E+01  0.205107E+00
  0.152846E+01  0.471560E+01  0.204883E+00
  0.153075E+01  0.461609E+01  0.204819E+00
  0.153303E+01  0.520020E+01  0.205107E+00
  0.153531E+01  0.468797E+01  0.203147E+00
  0.153760E+01  0.455811E+01  0.205349E+00
  0.153988E+01  0.425077E+01  0.204966E+00
  0.154216E+01  0.434280E+01  0.203885E+00
  0.154445E+01  0.493737E+01  0.203217E+00
  0.154673E+01  0.527180E+01  0.203977E+00
  0.154901E+01  0.489231E+01  0.205396E+00
  0.155130E+01  0.463346E+01  0.205166E+00
  0.155358E+01  0.501926E+01  0.205788E+00
  0.155586E+01  0.455534E+01  0.204768E+00
  0.155814E+01  0.450971E+01  0.203121E+00
  0.156043E+01  0.421077E+01  0.202975E+00
  0.156271E+01  0.454894E+01  0.204105E+00
  0.156499E+01  0.470806E+01  0.204806E+00
  0.156728E+01  0.475323E+01  0.204873E+00
  0.156956E+01  0.485920E+01  0.206222E+00
  0.157184E+01  0.434134E+01  0.203649E+00
  0.157413E+01  0.454054E+01  0.204193E+00
  0.157641E+01  0.475911E+01  0.204617E+00
  0.157869E+01  0.419554E+01  0.204768E+00
  0.158098E+01  0.497197E+01  0.205636E+00
  0.158326E+01  0.479520E+01  0.205548E+00
  0.158554E+01  0.476566E+01  0.204788E+00
  0.158783E+01  0.455731E+01  0.202973E+00
  0.159011E+01  0.427191E+01  0.204908E+00
  0.159239E+01  0.435974E+01  0.205906E+00
  0.159467E+01  0.404669E+01  0.204865E+00
  0.159696E+01  0.363666E+01  0.203843E+00
  0.159924E+01  0.414900E+01  0.204359E+00
  0.160152E+01  0.408477E+01  0.202964E+00
  0.160381E+01  0.379063E+01  0.203935E+00
  0.160609E+01  0.475926E+01  0.205117E+00
  0.160837E+01  0.445254E+01  0.205696E+00
  0.161066E+01  0.395060E+01  0.204532E+00
  0.161294E+01  0.467989E+01  0.203934E+00
  0.161522E+01  0.440769E+01  0.203841E+00
  0.161751E+01  0.432137E+01  0.203842E+00
  0.161979E+01  0.424934E+01  0.204774E+00
  0.162207E+01  0.438403E+01  0.204845E+00
  0.162435E+01  0.420434E+01  0.204503E+00
  0.162664E+01  0.438909E+01  0.204232E+00
  0.162892E+01  0.413540E+01  0.203350E+00
  0.163120E+01  0.396629E+01  0.201989E+00
  0.163349E+01  0.389894E+01  0.204828E+00
  0.163577E+01  0.462577E+01  0.204975E+00
  0.163805E+01  0.491591E+01  0.204291E+00
  0.164034E+01  0.392526E+01  0.204355E+00
  0.164262E+01  0.378903E+01  0.203005E+00
  0.164490E+01  0.375543E+01  0.204782E+00
  0.164719E+01  0.397683E+01  0.204605E+00
  0.164947E+01  0.397226E+01  0.204649E+00
  0.165175E+01  0.417994E+01  0.205171E+00
  0.165404E+01  0.417497E+01  0.202397E+00
  0.165632E+01  0.424794E+01  0.203068E+00
  0.165860E+01  0.427386E+01  0.205381E+00
  0.166088E+01  0.413566E+01  0.203313E+00
  0.166317E+01  0.407637E+01  0.204766E+00
  0.166545E+01  0.418791E+01  0.205472E+00
  0.166773E+01  0.363946E+01  0.205881E+00
  0.167002E+01  0.351600E+01  0.202414E+00
  0.167230E+01  0.394706E+01  0.202748E+00
  0.167458E+01  0.399534E+01  0.204485E+00
  0.167687E+01  0.365109E+01  0.203350E+00
  0.167915E+01  0.397003E+01  0.204567E+00
  0.168143E+01  0.377831E+01  0.203887E+00
  0.168372E+01  0.350929E+01  0.204197E+00
  0.168600E+01  0.367431E+01  0.203794E+00
  0.168828E+01  0.388406E+01  0.204440E+00
  0.169056E+01  0.359274E+01  0.202380E+00
  0.169285E+01  0.431457E+01  0.206027E+00
  0.169513E+01  0.398406E+01  0.202831E+00
  0.169741E+01  0.357363E+01  0.204531E+00
  0.169970E+01  0.428440E+01  0.203810E+00
  0.170198E+01  0.404643E+01  0.204073E+00
  0.170426E+01  0.353309E+01  0.204211E+00
  0.170655E+01  0.335469E+01  0.205359E+00
  0.170883E+01  0.344663E+01  0.203396E+00
  0.171111E+01  0.335431E+01  0.203356E+00
  0.171340E+01  0.313889E+01  0.203139E+00
  0.171568E+01  0.343340E+01  0.203243E+00
  0.171796E+01  0.359594E+01  0.203459E+00
  0.172025E+01  0.374163E+01  0.202805E+00
  0.172253E+01  0.360086E+01  0.204804E+00
  0.172481E+01  0.337200E+01  0.204425E+00
  0.172709E+01  0.355640E+01  0.201947E+00
  0.172938E+01  0.323337E+01  0.203000E+00
  0.173166E+01  0.332740E+01  0.204392E+00
  0.173394E+01  0.335460E+01  0.204875E+00
  0.173623E+01  0.327711E+01  0.203914E+00
  0.173851E+01  0.360394E+01  0.205419E+00
  0.174079E+01  0.379269E+01  0.203132E+00
  0.174308E+01  0.369011E+01  0.203933E+00
  0.174536E+01  0.296917E+01  0.202269E+00
  0.174764E+01  0.372989E+01  0.204849E+00
  0.174993E+01  0.327989E+01  0.203427E+00
  0.175221E+01  0.314420E+01  0.205042E+00
  0.175449E+01  0.314906E+01  0.202234E+00
  0.175677E+01  0.308223E+01  0.204588E+00
  0.175906E+01  0.329054E+01  0.205327E+00
  0.176134E+01  0.345740E+01  0.204940E+00
  0.176362E+01  0.366226E+01  0.203232E+00
  0.176591E+01  0.359740E+01  0.204181E+00
  0.176819E+01  0.326271E+01  0.202525E+00
  0.177047E+01  0.306720E+01  0.202527E+00
  0.177276E+01  0.318837E+01  0.204470E+00
  0.177504E+01  0.335077E+01  0.203954E+00
  0.177732E+01  0.310077E+01  0.202900E+00
  0.177961E+01  0.278769E+01  0.205162E+00
  0.178189E+01  0.308591E+01  0.203314E+00
  0.178417E+01  0.308443E+01  0.201750E+00
  0.178646E+01  0.400883E+01  0.204064E+00
  0.178874E+01  0.414766E+01  0.205059E+00
  0.179102E+01  0.317540E+01  0.203958E+00
  0.179330E+01  0.285031E+01  0.203806E+00
  0.179559E+01  0.324586E+01  0.204008E+00
  0.179787E+01  0.339823E+01  0.204432E+00
  0.180015E+01  0.369126E+01  0.204367E+00
  0.180244E+01  0.366669E+01  0.204484E+00
  0.180472E+01  0.364723E+01  0.204790E+00
  0.180700E+01  0.366986E+01  0.205027E+00
  0.180929E+01  0.312863E+01  0.203422E+00
  0.181157E+01  0.287583E+01  0.201618E+00
  0.181385E+01  0.333074E+01  0.204519E+00
  0.181614E+01  0.385283E+01  0.204246E+00
  0.181842E+01  0.340940E+01  0.203230E+00
  0.182070E+01  0.321237E+01  0.204063E+00
  0.182298E+01  0.308626E+01  0.204808E+00
  0.182527E+01  0.273931E+01  0.201091E+00
  0.182755E+01  0.294917E+01  0.202908E+00
  0.182983E+01  0.345017E+01  0.203830E+00
  0.183212E+01  0.286774E+01  0.204532E+00
  0.183440E+01  0.240791E+01  0.203098E+00
  0.183668E+01  0.275606E+01  0.204996E+00
  0.183897E+01  0.322811E+01  0.201318E+00
  0.184125E+01  0.328731E+01  0.202794E+00
  0.184353E+01  0.309406E+01  0.203567E+00
  0.184582E+01  0.322634E+01  0.203946E+00
  0.184810E+01  0.334683E+01  0.204476E+00
  0.185038E+01  0.286989E+01  0.204254E+00
  0.185267E+01  0.276703E+01  0.203619E+00
  0.185495E+01  0.282969E+01  0.203328E+00
  0.185723E+01  0.290657E+01  0.202207E+00
  0.185951E+01  0.255046E+01  0.203222E+00
  0.186180E+01  0.320929E+01  0.204085E+00
  0.186408E+01  0.254983E+01  0.203371E+00
  0.186636E+01  0.227160E+01  0.202385E+00
  0.186865E+01  0.258669E+01  0.202624E+00
  0.187093E+01  0.295320E+01  0.204974E+00
  0.187321E+01  0.287383E+01  0.203536E+00
  0.187550E+01  0.295011E+01  0.202751E+00
  0.187778E+01  0.247614E+01  0.204044E+00
  0.188006E+01  0.254857E+01  0.203545E+00
  0.188235E+01  0.254523E+01  0.202618E+00
  0.188463E+01  0.261660E+01  0.203759E+00
  0.188691E+01  0.308797E+01  0.204690E+00
  0.188919E+01  0.255537E+01  0.203815E+00
  0.189148E+01  0.278320E+01  0.203724E+00
  0.189376E+01  0.276137E+01  0.204062E+00
  0.189604E+01  0.266300E+01  0.202604E+00
  0.189833E+01  0.249031E+01  0.202771E+00
  0.190061E+01  0.276086E+01  0.203956E+00
  0.190289E+01  0.255460E+01  0.203013E+00
  0.190518E+01  0.286740E+01  0.203387E+00
  0.190746E+01  0.298149E+01  0.205105E+00
  0.190974E+01  0.266611E+01  0.202396E+00
  0.191203E+01  0.241180E+01  0.203643E+00
  0.191431E+01  0.263746E+01  0.203333E+00
  0.191659E+01  0.284477E+01  0.203221E+00
  0.191888E+01  0.316463E+01  0.204967E+00
  0.192116E+01  0.321069E+01  0.204566E+00
  0.192344E+01  0.285340E+01  0.203985E+00
  0.192572E+01  0.306457E+01  0.203330E+00
  0.192801E+01  0.272720E+01  0.204409E+00
  0.193029E+01  0.245240E+01  0.202931E+00
  0.193257E+01  0.244240E+01  0.201524E+00
  0.193486E+01  0.323014E+01  0.205294E+00
  0.193714E+01  0.294957E+01  0.203494E+00
  0.193942E+01  0.261829E+01  0.203546E+00
  0.194171E+01  0.201023E+01  0.202407E+00
  0.194399E+01  0.240903E+01  0.202586E+00
  0.194627E+01  0.216774E+01  0.204429E+00
  0.194856E+01  0.272040E+01  0.203355E+00
  0.195084E+01  0.277197E+01  0.203173E+00
  0.195312E+01  0.234437E+01  0.203504E+00
  0.195540E+01  0.275454E+01  0.202894E+00
  0.195769E+01  0.313043E+01  0.204298E+00
  0.195997E+01  0.303691E+01  0.204713E+00
  0.196225E+01  0.301611E+01  0.204570E+00
  0.196454E+01  0.290040E+01  0.204439E+00
  0.196682E+01  0.290631E+01  0.203978E+00
  0.196910E+01  0.303886E+01  0.203451E+00
  0.197139E+01  0.273834E+01  0.203172E+00
  0.197367E+01  0.230566E+01  0.203238E+00
  0.197595E+01  0.222383E+01  0.204533E+00
  0.197824E+01  0.198746E+01  0.203727E+00
  0.198052E+01  0.273006E+01  0.203889E+00
  0.198280E+01  0.289971E+01  0.203482E+00
  0.198509E+01  0.316174E+01  0.204993E+00
  0.198737E+01  0.267900E+01  0.203316E+00
  0.198965E+01  0.272837E+01  0.203772E+00
  0.199193E+01  0.247517E+01  0.203707E+00
  0.199422E+01  0.213223E+01  0.202413E+00
  0.199650E+01  0.247569E+01  0.204169E+00
  0.199878E+01  0.258806E+01  0.203674E+00
  0.200107E+01  0.252903E+01  0.204528E+00
  0.200335E+01  0.293066E+01  0.204729E+00
  0.200563E+01  0.317494E+01  0.202008E+00
  0.200792E+01  0.292549E+01  0.204171E+00
  0.201020E+01  0.273246E+01  0.203886E+00
  0.201248E+01  0.243563E+01  0.201985E+00
  0.201477E+01  0.242391E+01  0.204906E+00
  0.201705E+01  0.227083E+01  0.203336E+00
  0.201933E+01  0.259880E+01  0.203318E+00
  0.202161E+01  0.241937E+01  0.203000E+00
  0.202390E+01  0.245586E+01  0.202723E+00
  0.202618E+01  0.210831E+01  0.203803E+00
  0.202846E+01  0.232711E+01  0.204768E+00
  0.203075E+01  0.230300E+01  0.204206E+00
  0.203303E+01  0.266251E+01  0.205675E+00
  0.203531E+01  0.227603E+01  0.203211E+00
  0.203760E+01  0.188491E+01  0.204360E+00
  0.203988E+01  0.228811E+01  0.203450E+00
  0.204216E+01  0.226720E+01  0.203746E+00
  0.204445E+01  0.212851E+01  0.202860E+00
  0.204673E+01  0.246743E+01  0.203742E+00
  0.204901E+01  0.205403E+01  0.204095E+00
  0.205130E+01  0.235111E+01  0.204432E+00
  0.205358E+01  0.273131E+01  0.204910E+00
  0.205586E+01  0.286063E+01  0.203802E+00
  0.205814E+01  0.247426E+01  0.205220E+00
  0.206043E+01  0.221694E+01  0.208306E+00
  0.206271E+01  0.233440E+01  0.212567E+00
  0.206499E+01  0.309466E+01  0.214023E+00
  0.206728E+01  0.284943E+01  0.215652E+00
  0.206956E+01  0.261326E+01  0.215190E+00
  0.207184E+01  0.288837E+01  0.217577E+00
  0.207413E+01  0.263791E+01  0.218153E+00
  0.207641E+01  0.265637E+01  0.217849E+00
  0.207869E+01  0.291671E+01  0.218825E+00
  0.208098E+01  0.218691E+01  0.219515E+00
  0.208326E+01  0.235209E+01  0.219416E+00
  0.208554E+01  0.249766E+01  0.219553E+00
  0.208782E+01  0.218897E+01  0.221609E+00
  0.209011E+01  0.257326E+01  0.223136E+00
  0.209239E+01  0.253297E+01  0.223480E+00
  0.209467E+01  0.225743E+01  0.223723E+00
  0.209696E+01  0.220674E+01  0.222741E+00
  0.209924E+01  0.246863E+01  0.224968E+00
  0.210152E+01  0.310103E+01  0.226385E+00
  0.210381E+01  0.191714E+01  0.225260E+00
  0.210609E+01  0.225189E+01  0.227702E+00
  0.210837E+01  0.231643E+01  0.227675E+00
  0.211066E+01  0.195786E+01  0.226654E+00
  0.211294E+01  0.216971E+01  0.228420E+00
  0.211522E+01  0.242666E+01  0.230469E+00
  0.211751E+01  0.262494E+01  0.229099E+00
  0.211979E+01  0.267831E+01  0.229625E+00
  0.212207E+01  0.279077E+01  0.232474E+00
  0.212435E+01  0.243511E+01  0.231794E+00
  0.212664E+01  0.256957E+01  0.233407E+00
  0.212892E+01  0.244486E+01  0.234270E+00
  0.213120E+01  0.185960E+01  0.234156E+00
  0.213349E+01  0.186074E+01  0.233859E+00
  0.213577E+01  0.195437E+01  0.232834E+00
  0.213805E+01  0.263354E+01  0.235809E+00
  0.214034E+01  0.264694E+01  0.238689E+00
  0.214262E+01  0.275640E+01  0.237154E+00
  0.214490E+01  0.248671E+01  0.239231E+00
  0.214719E+01  0.183554E+01  0.238854E+00
  0.214947E+01  0.227000E+01  0.239425E+00
  0.215175E+01  0.185506E+01  0.240714E+00
  0.215404E+01  0.178346E+01  0.237745E+00
  0.215632E+01  0.216223E+01  0.240627E+00
  0.215860E+01  0.218717E+01  0.240383E+00
  0.216088E+01  0.217477E+01  0.241613E+00
  0.216317E+01  0.236906E+01  0.242231E+00
  0.216545E+01  0.264880E+01  0.243439E+00
  0.216773E+01  0.247514E+01  0.242606E+00
  0.217002E+01  0.244431E+01  0.242777E+00
  0.217230E+01  0.201606E+01  0.243212E+00
  0.217458E+01  0.129446E+01  0.241978E+00
  0.217687E+01  0.186286E+01  0.242202E+00
  0.217915E+01  0.263800E+01  0.245886E+00
  0.218143E+01  0.238197E+01  0.245057E+00
  0.218372E+01  0.245369E+01  0.245358E+00
  0.218600E+01  0.229643E+01  0.246287E+00
  0.218828E+01  0.212426E+01  0.246382E+00
  0.219056E+01  0.181651E+01  0.243810E+00
  0.219285E+01  0.229940E+01  0.245449E+00
  0.219513E+01  0.268409E+01  0.246657E+00
  0.219741E+01  0.254143E+01  0.248302E+00
  0.219970E+01  0.225246E+01  0.246117E+00
  0.220198E+01  0.218597E+01  0.247088E+00
  0.220426E+01  0.208266E+01  0.246950E+00
  0.220655E+01  0.228043E+01  0.248552E+00
  0.220883E+01  0.251023E+01  0.248515E+00
  0.221111E+01  0.300000E+01  0.247971E+00
  0.221340E+01  0.243906E+01  0.248513E+00
  0.221568E+01  0.230783E+01  0.249424E+00
  0.221796E+01  0.225477E+01  0.249666E+00
  0.222025E+01  0.183354E+01  0.248966E+00
  0.222253E+01  0.213729E+01  0.248415E+00
  0.222481E+01  0.263714E+01  0.249551E+00
  0.222709E+01  0.184329E+01  0.247784E+00
  0.222938E+01  0.202900E+01  0.248816E+00
  0.223166E+01  0.217109E+01  0.249205E+00
  0.223394E+01  0.178729E+01  0.248796E+00
  0.223623E+01  0.182523E+01  0.250439E+00
  0.223851E+01  0.181000E+01  0.250462E+00
  0.224079E+01  0.193351E+01  0.251435E+00
  0.224308E+01  0.194520E+01  0.249213E+00
  0.224536E+01  0.269966E+01  0.251043E+00
  0.224764E+01  0.208729E+01  0.250365E+00
  0.224993E+01  0.183500E+01  0.250961E+00
  0.225221E+01  0.225600E+01  0.251285E+00
  0.225449E+01  0.231311E+01  0.252918E+00
  0.225677E+01  0.178849E+01  0.250216E+00
  0.225906E+01  0.241243E+01  0.251832E+00
  0.226134E+01  0.222646E+01  0.252752E+00
  0.226362E+01  0.216760E+01  0.250315E+00
  0.226591E+01  0.240114E+01  0.250581E+00
  0.226819E+01  0.291660E+01  0.252896E+00
  0.227047E+01  0.214671E+01  0.252274E+00
  0.227276E+01  0.220940E+01  0.250408E+00
  0.227504E+01  0.198820E+01  0.251732E+00
  0.227732E+01  0.212671E+01  0.252854E+00
  0.227961E+01  0.218331E+01  0.252580E+00
  0.228189E+01  0.163689E+01  0.252402E+00
  0.228417E+01  0.212603E+01  0.251344E+00
  0.228646E+01  0.244314E+01  0.252391E+00
  0.228874E+01  0.268549E+01  0.252284E+00
  0.229102E+01  0.163757E+01  0.250480E+00
  0.229330E+01  0.221686E+01  0.252619E+00
  0.229559E+01  0.184454E+01  0.251928E+00
  0.229787E+01  0.273546E+01  0.254176E+00
  0.230015E+01  0.212800E+01  0.252419E+00
  0.230244E+01  0.225174E+01  0.252288E+00
  0.230472E+01  0.183569E+01  0.251966E+00
  0.230700E+01  0.188191E+01  0.251566E+00
  0.230929E+01  0.177023E+01  0.250919E+00
  0.231157E+01  0.154609E+01  0.251607E+00
  0.231385E+01  0.236617E+01  0.250524E+00
  0.231614E+01  0.173180E+01  0.249650E+00
  0.231842E+01  0.167600E+01  0.248740E+00
  0.232070E+01  0.216826E+01  0.248494E+00
  0.232298E+01  0.159506E+01  0.247693E+00
  0.232527E+01  0.196511E+01  0.249155E+00
  0.232755E+01  0.228849E+01  0.250251E+00
  0.232983E+01  0.213383E+01  0.249091E+00
  0.233212E+01  0.189397E+01  0.249518E+00
  0.233440E+01  0.199214E+01  0.248960E+00
  0.233668E+01  0.156429E+01  0.248032E+00
  0.233897E+01  0.198511E+01  0.248969E+00
  0.234125E+01  0.246577E+01  0.247414E+00
  0.234353E+01  0.210640E+01  0.247481E+00
  0.234582E+01  0.161426E+01  0.247419E+00
  0.234810E+01  0.153434E+01  0.246961E+00
  0.235038E+01  0.205140E+01  0.247446E+00
  0.235267E+01  0.163966E+01  0.247643E+00
  0.235495E+01  0.161400E+01  0.247346E+00
  0.235723E+01  0.190394E+01  0.246429E+00
  0.235951E+01  0.198206E+01  0.246698E+00
  0.236180E+01  0.275889E+01  0.246290E+00
  0.236408E+01  0.312709E+01  0.245942E+00
  0.236636E+01  0.332509E+01  0.246641E+00
  0.236865E+01  0.233663E+01  0.246696E+00
  0.237093E+01  0.238583E+01  0.244915E+00
  0.237321E+01  0.194051E+01  0.245474E+00
  0.237550E+01  0.184054E+01  0.242625E+00
  0.237778E+01  0.177946E+01  0.242733E+00
  0.238006E+01  0.185149E+01  0.244371E+00
  0.238235E+01  0.144829E+01  0.244972E+00
  0.238463E+01  0.181106E+01  0.244234E+00
  0.238691E+01  0.158977E+01  0.242520E+00
  0.238919E+01  0.207274E+01  0.244556E+00
  0.239148E+01  0.135463E+01  0.243369E+00
  0.239376E+01  0.131729E+01  0.242264E+00
  0.239604E+01  0.174440E+01  0.242896E+00
  0.239833E+01  0.201323E+01  0.241150E+00
  0.240061E+01  0.182506E+01  0.242340E+00
  0.240289E+01  0.211989E+01  0.242510E+00
  0.240518E+01  0.245717E+01  0.241965E+00
  0.240746E+01  0.205980E+01  0.241341E+00
  0.240974E+01  0.231157E+01  0.239935E+00
  0.241203E+01  0.214866E+01  0.237457E+00
  0.241431E+01  0.219111E+01  0.235531E+00
  0.241659E+01  0.213163E+01  0.237229E+00
  0.241888E+01  0.136869E+01  0.235458E+00
  0.242116E+01  0.212609E+01  0.235303E+00
  0.242344E+01  0.244397E+01  0.235355E+00
  0.242572E+01  0.256240E+01  0.234046E+00
  0.242801E+01  0.203729E+01  0.233152E+00
  0.243029E+01  0.203203E+01  0.232736E+00
  0.243257E+01  0.235954E+01  0.230388E+00
  0.243486E+01  0.201123E+01  0.230687E+00
  0.243714E+01  0.197537E+01  0.228553E+00
  0.243942E+01  0.209660E+01  0.229025E+00
  0.244171E+01  0.231834E+01  0.229564E+00
  0.244399E+01  0.218854E+01  0.227024E+00
  0.244627E+01  0.191380E+01  0.227777E+00
  0.244856E+01  0.166717E+01  0.226090E+00
  0.245084E+01  0.186417E+01  0.222714E+00
  0.245312E+01  0.145431E+01  0.224274E+00
  0.245540E+01  0.199740E+01  0.224009E+00
  0.245769E+01  0.229240E+01  0.224560E+00
  0.245997E+01  0.277049E+01  0.222899E+00
  0.246225E+01  0.213051E+01  0.223082E+00
  0.246454E+01  0.254714E+01  0.222172E+00
  0.246682E+01  0.213734E+01  0.221388E+00
  0.246910E+01  0.163971E+01  0.219564E+00
  0.247139E+01  0.149454E+01  0.218346E+00
  0.247367E+01  0.178877E+01  0.214678E+00
  0.247595E+01  0.195269E+01  0.208464E+00
  0.247824E+01  0.202994E+01  0.203110E+00
  0.248052E+01  0.209666E+01  0.203792E+00
  0.248280E+01  0.194266E+01  0.203068E+00
  0.248509E+01  0.213206E+01  0.204510E+00
  0.248737E+01  0.202903E+01  0.202689E+00
  0.248965E+01  0.257560E+01  0.204875E+00
  0.249193E+01  0.193820E+01  0.204243E+00
  0.249422E+01  0.196143E+01  0.204550E+00
  0.249650E+01  0.177040E+01  0.203528E+00
  0.249878E+01  0.220374E+01  0.204994E+00
  0.250107E+01  0.209634E+01  0.205073E+00
  0.250335E+01  0.188337E+01  0.203545E+00
  0.250563E+01  0.195231E+01  0.203593E+00
  0.250792E+01  0.192123E+01  0.203985E+00
  0.251020E+01  0.202734E+01  0.205180E+00
  0.251248E+01  0.219286E+01  0.203207E+00
  0.251477E+01  0.172523E+01  0.203717E+00
  0.251705E+01  0.164620E+01  0.203657E+00
  0.251933E+01  0.159629E+01  0.203995E+00
  0.252161E+01  0.167154E+01  0.204647E+00
  0.252390E+01  0.198374E+01  0.202567E+00
  0.252618E+01  0.204094E+01  0.203125E+00
  0.252846E+01  0.227097E+01  0.203279E+00
  0.253075E+01  0.179977E+01  0.204156E+00
  0.253303E+01  0.130523E+01  0.204843E+00
  0.253531E+01  0.178920E+01  0.203814E+00
  0.253760E+01  0.214880E+01  0.203872E+00
  0.253988E+01  0.221657E+01  0.204327E+00
  0.254216E+01  0.211814E+01  0.204326E+00
  0.254445E+01  0.192020E+01  0.203625E+00
  0.254673E+01  0.185706E+01  0.204823E+00
  0.254901E+01  0.219663E+01  0.202909E+00
  0.255130E+01  0.203300E+01  0.204162E+00
  0.255358E+01  0.183814E+01  0.203951E+00
  0.255586E+01  0.153857E+01  0.203870E+00
  0.255814E+01  0.170606E+01  0.204278E+00
  0.256043E+01  0.215560E+01  0.204679E+00
  0.256271E+01  0.205469E+01  0.202744E+00
  0.256499E+01  0.194074E+01  0.203791E+00
  0.256728E+01  0.168874E+01  0.203431E+00
  0.256956E+01  0.194029E+01  0.204951E+00
  0.257184E+01  0.196714E+01  0.203152E+00
  0.257413E+01  0.261186E+01  0.204513E+00
  0.257641E+01  0.223851E+01  0.204426E+00
  0.257869E+01  0.210880E+01  0.203542E+00
  0.258098E+01  0.189557E+01  0.204171E+00
  0.258326E+01  0.178063E+01  0.204283E+00
  0.258554E+01  0.208606E+01  0.203665E+00
  0.258782E+01  0.208903E+01  0.204393E+00
  0.259011E+01  0.207820E+01  0.204666E+00
  0.259239E+01  0.224557E+01  0.204239E+00
  0.259467E+01  0.247260E+01  0.203695E+00
  0.259696E+01  0.227746E+01  0.203785E+00
  0.259924E+01  0.204157E+01  0.203996E+00
  0.260152E+01  0.197557E+01  0.202988E+00
  0.260381E+01  0.205974E+01  0.204253E+00
  0.260609E+01  0.238426E+01  0.204123E+00
  0.260837E+01  0.212371E+01  0.204411E+00
  0.261066E+01  0.222431E+01  0.204967E+00
  0.261294E+01  0.197643E+01  0.203027E+00
  0.261522E+01  0.168926E+01  0.204036E+00
  0.261751E+01  0.159397E+01  0.202109E+00
  0.261979E+01  0.194383E+01  0.203808E+00
  0.262207E+01  0.183497E+01  0.204895E+00
  0.262435E+01  0.179131E+01  0.204379E+00
  0.262664E+01  0.173931E+01  0.203011E+00
  0.262892E+01  0.220637E+01  0.204021E+00
  0.263120E+01  0.216260E+01  0.204413E+00
  0.263349E+01  0.221506E+01  0.204478E+00
  0.263577E+01  0.226377E+01  0.204693E+00
  0.263805E+01  0.206783E+01  0.203792E+00
  0.264034E+01  0.185023E+01  0.203518E+00
  0.264262E+01  0.126557E+01  0.204026E+00
  0.264490E+01  0.178483E+01  0.202123E+00
  0.264719E+01  0.201960E+01  0.203584E+00
  0.264947E+01  0.187517E+01  0.204174E+00
  0.265175E+01  0.184354E+01  0.204026E+00
  0.265403E+01  0.204477E+01  0.204040E+00
  0.265632E+01  0.184140E+01  0.204249E+00
  0.265860E+01  0.164763E+01  0.204162E+00
  0.266088E+01  0.201049E+01  0.204542E+00
  0.266317E+01  0.225623E+01  0.203982E+00
  0.266545E+01  0.227640E+01  0.204276E+00
  0.266773E+01  0.242677E+01  0.204092E+00
  0.267002E+01  0.221386E+01  0.204438E+00
  0.267230E+01  0.217360E+01  0.204178E+00
  0.267458E+01  0.223451E+01  0.204444E+00
  0.267687E+01  0.198177E+01  0.204460E+00
  0.267915E+01  0.232543E+01  0.203684E+00
  0.268143E+01  0.193683E+01  0.204769E+00
  0.268372E+01  0.192623E+01  0.204773E+00
  0.268600E+01  0.196249E+01  0.204012E+00
  0.268828E+01  0.223531E+01  0.203932E+00
  0.269056E+01  0.180023E+01  0.203680E+00
  0.269285E+01  0.179291E+01  0.204543E+00
  0.269513E+01  0.199071E+01  0.204591E+00
  0.269741E+01  0.173994E+01  0.204698E+00
  0.269970E+01  0.184814E+01  0.204210E+00
  0.270198E+01  0.144529E+01  0.203376E+00
  0.270426E+01  0.187786E+01  0.204272E+00
  0.270655E+01  0.172334E+01  0.204402E+00
  0.270883E+01  0.197383E+01  0.203831E+00
  0.271111E+01  0.190083E+01  0.203436E+00
  0.271340E+01  0.205646E+01  0.204730E+00
  0.271568E+01  0.280886E+01  0.204720E+00
  0.271796E+01  0.232843E+01  0.203773E+00
  0.272024E+01  0.229531E+01  0.204450E+00
  0.272253E+01  0.166097E+01  0.204169E+00
  0.272481E+01  0.151091E+01  0.203402E+00
  0.272709E+01  0.203489E+01  0.204484E+00
  0.272938E+01  0.159897E+01  0.203903E+00
  0.273166E+01  0.190080E+01  0.202544E+00
  0.273394E+01  0.225394E+01  0.204250E+00
  0.273623E+01  0.174129E+01  0.204105E+00
  0.273851E+01  0.178549E+01  0.204589E+00
  0.274079E+01  0.226986E+01  0.203327E+00
  0.274308E+01  0.261694E+01  0.204624E+00
  0.274536E+01  0.265883E+01  0.205043E+00
  0.274764E+01  0.243594E+01  0.205196E+00
  0.274993E+01  0.189751E+01  0.204464E+00
  0.275221E+01  0.196586E+01  0.203277E+00
  0.275449E+01  0.205669E+01  0.204509E+00
  0.275677E+01  0.189757E+01  0.203126E+00
  0.275906E+01  0.148686E+01  0.203599E+00
  0.276134E+01  0.156509E+01  0.203682E+00
  0.276362E+01  0.222209E+01  0.204420E+00
  0.276591E+01  0.225926E+01  0.203323E+00
  0.276819E+01  0.218871E+01  0.204821E+00
  0.277047E+01  0.179351E+01  0.204664E+00
  0.277276E+01  0.147963E+01  0.203174E+00
  0.277504E+01  0.144857E+01  0.203488E+00
  0.277732E+01  0.190420E+01  0.202756E+00
  0.277961E+01  0.221171E+01  0.203804E+00
  0.278189E+01  0.190386E+01  0.203820E+00
  0.278417E+01  0.187737E+01  0.203309E+00
  0.278645E+01  0.193440E+01  0.203080E+00
  0.278874E+01  0.184914E+01  0.204252E+00
  0.279102E+01  0.203003E+01  0.204778E+00
  0.279330E+01  0.257854E+01  0.205263E+00
  0.279559E+01  0.206169E+01  0.204830E+00
  0.279787E+01  0.217003E+01  0.204970E+00
  0.280015E+01  0.252034E+01  0.205543E+00
  0.280244E+01  0.196757E+01  0.203356E+00
  0.280472E+01  0.189314E+01  0.203450E+00
  0.280700E+01  0.209771E+01  0.203817E+00
  0.280929E+01  0.193009E+01  0.204510E+00
  0.281157E+01  0.250400E+01  0.203785E+00
  0.281385E+01  0.211120E+01  0.204325E+00
  0.281614E+01  0.207046E+01  0.204209E+00
  0.281842E+01  0.194871E+01  0.203825E+00
  0.282070E+01  0.238066E+01  0.203273E+00
  0.282298E+01  0.209026E+01  0.204603E+00
  0.282527E+01  0.188289E+01  0.203022E+00
  0.282755E+01  0.257803E+01  0.203749E+00
  0.282983E+01  0.250620E+01  0.205462E+00
  0.283212E+01  0.176083E+01  0.204345E+00
  0.283440E+01  0.149457E+01  0.204307E+00
  0.283668E+01  0.177457E+01  0.203903E+00
  0.283897E+01  0.170494E+01  0.203555E+00
  0.284125E+01  0.156309E+01  0.203404E+00
  0.284353E+01  0.156437E+01  0.204370E+00
  0.284582E+01  0.145469E+01  0.203618E+00
  0.284810E+01  0.196614E+01  0.203159E+00
  0.285038E+01  0.173089E+01  0.203743E+00
  0.285266E+01  0.195534E+01  0.204521E+00
  0.285495E+01  0.186354E+01  0.203426E+00
  0.285723E+01  0.201291E+01  0.204583E+00
  0.285951E+01  0.220151E+01  0.204466E+00
  0.286180E+01  0.171457E+01  0.204820E+00
  0.286408E+01  0.141486E+01  0.204143E+00
  0.286636E+01  0.191806E+01  0.203320E+00
  0.286865E+01  0.271177E+01  0.204381E+00
  0.287093E+01  0.218311E+01  0.203357E+00
  0.287321E+01  0.266057E+01  0.203124E+00
  0.287550E+01  0.252914E+01  0.204601E+00
  0.287778E+01  0.254331E+01  0.204575E+00
  0.288006E+01  0.227086E+01  0.204371E+00
  0.288235E+01  0.218437E+01  0.204138E+00
  0.288463E+01  0.260820E+01  0.204733E+00
  0.288691E+01  0.236766E+01  0.204644E+00
  0.288919E+01  0.182554E+01  0.203847E+00
  0.289148E+01  0.109809E+01  0.203032E+00
  0.289376E+01  0.189371E+01  0.203011E+00
  0.289604E+01  0.197891E+01  0.204021E+00
  0.289833E+01  0.223423E+01  0.203330E+00
  0.290061E+01  0.183671E+01  0.204276E+00
  0.290289E+01  0.193526E+01  0.204299E+00
  0.290518E+01  0.220229E+01  0.204038E+00
  0.290746E+01  0.200680E+01  0.203573E+00
  0.290974E+01  0.176789E+01  0.203926E+00
  0.291203E+01  0.199494E+01  0.204564E+00
  0.291431E+01  0.237680E+01  0.204512E+00
  0.291659E+01  0.175926E+01  0.202790E+00
  0.291887E+01  0.221311E+01  0.203433E+00
  0.292116E+01  0.270451E+01  0.204565E+00
  0.292344E+01  0.169920E+01  0.202924E+00
  0.292572E+01  0.120309E+01  0.203287E+00
  0.292801E+01  0.179537E+01  0.203975E+00
  0.293029E+01  0.210003E+01  0.204163E+00
  0.293257E+01  0.227480E+01  0.203883E+00
  0.293486E+01  0.181340E+01  0.204328E+00
  0.293714E+01  0.214483E+01  0.203962E+00
  0.293942E+01  0.171037E+01  0.203037E+00
  0.294171E+01  0.162780E+01  0.202656E+00
  0.294399E+01  0.154820E+01  0.203576E+00
  0.294627E+01  0.204906E+01  0.203502E+00
  0.294856E+01  0.211783E+01  0.203661E+00
  0.295084E+01  0.179169E+01  0.203048E+00
  0.295312E+01  0.167151E+01  0.203374E+00
  0.295540E+01  0.162503E+01  0.204038E+00
  0.295769E+01  0.189471E+01  0.203305E+00
  0.295997E+01  0.191654E+01  0.202730E+00
  0.296225E+01  0.199777E+01  0.203452E+00
  0.296454E+01  0.208140E+01  0.203996E+00
  0.296682E+01  0.233311E+01  0.203001E+00
  0.296910E+01  0.178589E+01  0.203590E+00
  0.297139E+01  0.211926E+01  0.204433E+00
  0.297367E+01  0.153506E+01  0.203254E+00
  0.297595E+01  0.148500E+01  0.202952E+00
  0.297824E+01  0.155837E+01  0.203486E+00
  0.298052E+01  0.135443E+01  0.202830E+00
  0.298280E+01  0.178786E+01  0.204264E+00
  0.298508E+01  0.144609E+01  0.203064E+00
  0.298737E+01  0.149809E+01  0.203590E+00
  0.298965E+01  0.142269E+01  0.203569E+00
  0.299193E+01  0.141183E+01  0.203565E+00
  0.299422E+01  0.186669E+01  0.204328E+00
  0.299650E+01  0.169171E+01  0.203967E+00
  0.299878E+01  0.183994E+01  0.202827E+00
  0.300107E+01  0.170040E+01  0.203709E+00
  0.300335E+01  0.187929E+01  0.203768E+00
  0.300563E+01  0.167520E+01  0.203078E+00
  0.300792E+01  0.203534E+01  0.203507E+00
  0.301020E+01  0.220603E+01  0.203354E+00
  0.301248E+01  0.262877E+01  0.204414E+00
  0.301477E+01  0.194643E+01  0.203337E+00
  0.301705E+01  0.233214E+01  0.203704E+00
  0.301933E+01  0.166480E+01  0.202207E+00
  0.302161E+01  0.200820E+01  0.203554E+00
  0.302390E+01  0.197606E+01  0.204340E+00
  0.302618E+01  0.168740E+01  0.203661E+00
  0.302846E+01  0.171331E+01  0.203517E+00
  0.303075E+01  0.174100E+01  0.202174E+00
  0.303303E+01  0.174860E+01  0.201728E+00
  0.303531E+01  0.186003E+01  0.202622E+00
  0.303760E+01  0.213431E+01  0.203351E+00
  0.303988E+01  0.186237E+01  0.203587E+00
  0.304216E+01  0.191911E+01  0.203477E+00
  0.304445E+01  0.194526E+01  0.202530E+00
  0.304673E+01  0.179774E+01  0.204063E+00
  0.304901E+01  0.117423E+01  0.203352E+00
  0.305129E+01  0.173420E+01  0.204137E+00
  0.305358E+01  0.192209E+01  0.203700E+00
  0.305586E+01  0.205191E+01  0.202660E+00
  0.305814E+01  0.222097E+01  0.203187E+00
  0.306043E+01  0.212760E+01  0.202967E+00
  0.306271E+01  0.188751E+01  0.202087E+00
  0.306499E+01  0.201680E+01  0.202173E+00
  0.306728E+01  0.187460E+01  0.203326E+00
  0.306956E+01  0.169746E+01  0.202776E+00
  0.307184E+01  0.179394E+01  0.202793E+00
  0.307413E+01  0.181609E+01  0.203486E+00
  0.307641E+01  0.254077E+01  0.204133E+00
  0.307869E+01  0.222020E+01  0.203189E+00
  0.308098E+01  0.200886E+01  0.202751E+00
  0.308326E+01  0.232626E+01  0.203808E+00
  0.308554E+01  0.193334E+01  0.203062E+00
  0.308782E+01  0.188680E+01  0.202932E+00
  0.309011E+01  0.202409E+01  0.202561E+00
  0.309239E+01  0.132429E+01  0.203250E+00
  0.309467E+01  0.130337E+01  0.202317E+00
  0.309696E+01  0.172491E+01  0.202526E+00
  0.309924E+01  0.158386E+01  0.203188E+00
  0.310152E+01  0.202420E+01  0.203037E+00
  0.310381E+01  0.188174E+01  0.202948E+00
  0.310609E+01  0.220014E+01  0.202682E+00
  0.310837E+01  0.215931E+01  0.203413E+00
  0.311066E+01  0.236946E+01  0.203574E+00
  0.311294E+01  0.210360E+01  0.202399E+00
  0.311522E+01  0.179143E+01  0.202421E+00
  0.311751E+01  0.191180E+01  0.202422E+00
  0.311979E+01  0.168929E+01  0.202815E+00
  0.312207E+01  0.160486E+01  0.202480E+00
  0.312435E+01  0.177840E+01  0.202640E+00
  0.312664E+01  0.183577E+01  0.203111E+00
  0.312892E+01  0.204340E+01  0.202765E+00
  0.313120E+01  0.207606E+01  0.203135E+00
  0.313349E+01  0.161160E+01  0.202876E+00
  0.313577E+01  0.157743E+01  0.203086E+00
  0.313805E+01  0.175903E+01  0.202730E+00
  0.314034E+01  0.172831E+01  0.204008E+00
  0.314262E+01  0.194909E+01  0.202206E+00
  0.314490E+01  0.196780E+01  0.202171E+00
  0.314719E+01  0.219694E+01  0.203495E+00
  0.314947E+01  0.247286E+01  0.203271E+00
  0.315175E+01  0.192451E+01  0.203324E+00
  0.315403E+01  0.193497E+01  0.202998E+00
  0.315632E+01  0.227069E+01  0.203245E+00
  0.315860E+01  0.199931E+01  0.203241E+00
  0.316088E+01  0.181043E+01  0.202309E+00
  0.316317E+01  0.211891E+01  0.203859E+00
  0.316545E+01  0.211897E+01  0.202786E+00
  0.316773E+01  0.198954E+01  0.203548E+00
  0.317002E+01  0.162700E+01  0.202544E+00
  0.317230E+01  0.153811E+01  0.202772E+00
  0.317458E+01  0.210397E+01  0.202420E+00
  0.317687E+01  0.213103E+01  0.202782E+00
  0.317915E+01  0.205271E+01  0.202798E+00
  0.318143E+01  0.190454E+01  0.203790E+00
  0.318372E+01  0.187157E+01  0.202120E+00
  0.318600E+01  0.138609E+01  0.203388E+00
  0.318828E+01  0.166334E+01  0.203095E+00
  0.319056E+01  0.164174E+01  0.201797E+00
  0.319285E+01  0.134531E+01  0.202545E+00
  0.319513E+01  0.188157E+01  0.202785E+00
  0.319741E+01  0.197486E+01  0.202561E+00
  0.319970E+01  0.242497E+01  0.203037E+00
  0.320198E+01  0.171577E+01  0.202093E+00
  0.320426E+01  0.169863E+01  0.203345E+00
  0.320655E+01  0.175486E+01  0.203489E+00
  0.320883E+01  0.208874E+01  0.203156E+00
  0.321111E+01  0.189911E+01  0.203267E+00
  0.321340E+01  0.180423E+01  0.202926E+00
  0.321568E+01  0.236929E+01  0.203611E+00
  0.321796E+01  0.224503E+01  0.202943E+00
  0.322024E+01  0.161169E+01  0.201924E+00
  0.322253E+01  0.224231E+01  0.202904E+00
  0.322481E+01  0.229449E+01  0.202976E+00
  0.322709E+01  0.176663E+01  0.203542E+00
  0.322938E+01  0.196880E+01  0.202371E+00
  0.323166E+01  0.235977E+01  0.203312E+00
  0.323394E+01  0.153731E+01  0.202487E+00
  0.323623E+01  0.161754E+01  0.203073E+00
  0.323851E+01  0.237980E+01  0.203370E+00
  0.324079E+01  0.191003E+01  0.203304E+00
  0.324308E+01  0.176960E+01  0.202812E+00
  0.324536E+01  0.178620E+01  0.203241E+00
  0.324764E+01  0.189080E+01  0.203318E+00
  0.324993E+01  0.204780E+01  0.203845E+00
  0.325221E+01  0.209883E+01  0.203002E+00
  0.325449E+01  0.162837E+01  0.201048E+00
  0.325677E+01  0.238089E+01  0.203292E+00
  0.325906E+01  0.208869E+01  0.202467E+00
  0.326134E+01  0.190000E+01  0.202673E+00
  0.326362E+01  0.204320E+01  0.203496E+00
  0.326591E+01  0.222583E+01  0.203965E+00
  0.326819E+01  0.180431E+01  0.201900E+00
  0.327047E+01  0.134046E+01  0.202900E+00
  0.327276E+01  0.140129E+01  0.202721E+00
  0.327504E+01  0.201806E+01  0.203755E+00
  0.327732E+01  0.216469E+01  0.202959E+00
  0.327961E+01  0.205011E+01  0.203358E+00
  0.328189E+01  0.190034E+01  0.202678E+00
  0.328417E+01  0.201880E+01  0.203018E+00
  0.328645E+01  0.182100E+01  0.202451E+00
  0.328874E+01  0.241180E+01  0.202562E+00
  0.329102E+01  0.244134E+01  0.202667E+00
  0.329330E+01  0.162374E+01  0.202773E+00
  0.329559E+01  0.158651E+01  0.203230E+00
  0.329787E+01  0.192326E+01  0.203070E+00
  0.330015E+01  0.149737E+01  0.203036E+00
  0.330244E+01  0.137283E+01  0.201861E+00
  0.330472E+01  0.135309E+01  0.203255E+00
  0.330700E+01  0.160809E+01  0.202846E+00
  0.330929E+01  0.194903E+01  0.203223E+00
  0.331157E+01  0.153057E+01  0.203412E+00
  0.331385E+01  0.120266E+01  0.203662E+00
  0.331614E+01  0.175637E+01  0.202963E+00
  0.331842E+01  0.186940E+01  0.203006E+00
  0.332070E+01  0.173626E+01  0.203135E+00
  0.332298E+01  0.147014E+01  0.202163E+00
  0.332527E+01  0.258071E+01  0.204075E+00
  0.332755E+01  0.242574E+01  0.203925E+00
  0.332983E+01  0.164351E+01  0.203059E+00
  0.333212E+01  0.141106E+01  0.203266E+00
  0.333440E+01  0.136857E+01  0.202815E+00
  0.333668E+01  0.192540E+01  0.202372E+00
  0.333897E+01  0.180657E+01  0.203443E+00
  0.334125E+01  0.173289E+01  0.203256E+00
  0.334353E+01  0.175006E+01  0.202805E+00
  0.334582E+01  0.192080E+01  0.203683E+00
  0.334810E+01  0.181337E+01  0.202412E+00
  0.335038E+01  0.174329E+01  0.202324E+00
  0.335266E+01  0.158529E+01  0.202382E+00
  0.335495E+01  0.181126E+01  0.202932E+00
  0.335723E+01  0.169806E+01  0.203111E+00
  0.335951E+01  0.195797E+01  0.203101E+00
  0.336180E+01  0.185969E+01  0.202941E+00
  0.336408E+01  0.220726E+01  0.201857E+00
  0.336636E+01  0.218994E+01  0.202464E+00
  0.336865E+01  0.139826E+01  0.203264E+00
  0.337093E+01  0.189283E+01  0.202971E+00
  0.337321E+01  0.169409E+01  0.202039E+00
  0.337550E+01  0.117646E+01  0.203428E+00
  0.337778E+01  0.162989E+01  0.203142E+00
  0.338006E+01  0.160354E+01  0.202957E+00
  0.338235E+01  0.164931E+01  0.202777E+00
  0.338463E+01  0.182609E+01  0.203259E+00
  0.338691E+01  0.213737E+01  0.203315E+00
  0.338919E+01  0.133657E+01  0.202830E+00
  0.339148E+01  0.174234E+01  0.202877E+00
  0.339376E+01  0.167414E+01  0.202701E+00
  0.339604E+01  0.163046E+01  0.203100E+00
  0.339833E+01  0.151709E+01  0.203605E+00
  0.340061E+01  0.181657E+01  0.202527E+00
  0.340289E+01  0.169080E+01  0.202987E+00
  0.340518E+01  0.170994E+01  0.203281E+00
  0.340746E+01  0.123097E+01  0.202694E+00
  0.340974E+01  0.871286E+00  0.203052E+00
  0.341203E+01  0.155711E+01  0.203197E+00
  0.341431E+01  0.185566E+01  0.203719E+00
  0.341659E+01  0.153823E+01  0.203316E+00
  0.341887E+01  0.162871E+01  0.203301E+00
  0.342116E+01  0.162140E+01  0.203395E+00
  0.342344E+01  0.130297E+01  0.202633E+00
  0.342572E+01  0.169000E+01  0.203186E+00
  0.342801E+01  0.187360E+01  0.203134E+00
  0.343029E+01  0.213417E+01  0.203307E+00
  0.343257E+01  0.157829E+01  0.203438E+00
  0.343486E+01  0.189931E+01  0.203858E+00
  0.343714E+01  0.173980E+01  0.202553E+00
  0.343942E+01  0.168403E+01  0.203129E+00
  0.344171E+01  0.165343E+01  0.202294E+00
  0.344399E+01  0.150617E+01  0.202921E+00
  0.344627E+01  0.218983E+01  0.203065E+00
  0.344856E+01  0.238229E+01  0.202222E+00
  0.345084E+01  0.174697E+01  0.203095E+00
  0.345312E+01  0.125426E+01  0.202481E+00
  0.345540E+01  0.157631E+01  0.202545E+00
  0.345769E+01  0.180989E+01  0.202640E+00
  0.345997E+01  0.183134E+01  0.203998E+00
  0.346225E+01  0.134597E+01  0.202775E+00
  0.346454E+01  0.195094E+01  0.203832E+00
  0.346682E+01  0.237914E+01  0.203282E+00
  0.346910E+01  0.234489E+01  0.204275E+00
  0.347139E+01  0.170931E+01  0.202709E+00
  0.347367E+01  0.205943E+01  0.202618E+00
  0.347595E+01  0.191983E+01  0.203140E+00
  0.347824E+01  0.212849E+01  0.203637E+00
  0.348052E+01  0.229043E+01  0.202784E+00
  0.348280E+01  0.150314E+01  0.202342E+00
  0.348508E+01  0.128143E+01  0.202441E+00
  0.348737E+01  0.122080E+01  0.202760E+00
  0.348965E+01  0.170709E+01  0.202871E+00
  0.349193E+01  0.141383E+01  0.203209E+00
  0.349422E+01  0.194111E+01  0.203931E+00
  0.349650E+01  0.181054E+01  0.203912E+00
  0.349878E+01  0.181549E+01  0.203912E+00
  0.350107E+01  0.209406E+01  0.203179E+00
  0.350335E+01  0.157760E+01  0.203436E+00
  0.350563E+01  0.153014E+01  0.203739E+00
  0.350792E+01  0.113206E+01  0.202929E+00
  0.351020E+01  0.117426E+01  0.203053E+00
  0.351248E+01  0.126377E+01  0.201823E+00
  0.351477E+01  0.154591E+01  0.202295E+00
  0.351705E+01  0.151443E+01  0.202993E+00
  0.351933E+01  0.227094E+01  0.203680E+00
  0.352161E+01  0.196020E+01  0.203434E+00
  0.352390E+01  0.161611E+01  0.203341E+00
  0.352618E+01  0.139220E+01  0.202575E+00
  0.352846E+01  0.139734E+01  0.202966E+00
  0.353075E+01  0.132266E+01  0.203137E+00
  0.353303E+01  0.208151E+01  0.203270E+00
  0.353531E+01  0.202526E+01  0.203174E+00
  0.353760E+01  0.162769E+01  0.203080E+00
  0.353988E+01  0.176494E+01  0.203404E+00
  0.354216E+01  0.162903E+01  0.202893E+00
  0.354445E+01  0.209471E+01  0.203732E+00
  0.354673E+01  0.205011E+01  0.201794E+00
  0.354901E+01  0.126740E+01  0.201495E+00
  0.355129E+01  0.155774E+01  0.203489E+00
  0.355358E+01  0.165486E+01  0.203607E+00
  0.355586E+01  0.168806E+01  0.203545E+00
  0.355814E+01  0.153969E+01  0.203329E+00
  0.356043E+01  0.147766E+01  0.202329E+00
  0.356271E+01  0.124957E+01  0.203633E+00
  0.356499E+01  0.137986E+01  0.203631E+00
  0.356728E+01  0.126931E+01  0.203188E+00
  0.356956E+01  0.144194E+01  0.203501E+00
  0.357184E+01  0.178806E+01  0.203853E+00
  0.357413E+01  0.146446E+01  0.203873E+00
  0.357641E+01  0.169714E+01  0.203119E+00
  0.357869E+01  0.148086E+01  0.203672E+00
  0.358098E+01  0.118103E+01  0.203003E+00
  0.358326E+01  0.164994E+01  0.203264E+00
  0.358554E+01  0.172560E+01  0.202678E+00
  0.358782E+01  0.163549E+01  0.203022E+00
  0.359011E+01  0.141674E+01  0.202895E+00
  0.359239E+01  0.136003E+01  0.203163E+00
  0.359467E+01  0.196083E+01  0.203288E+00
  0.359696E+01  0.200874E+01  0.204432E+00
  0.359924E+01  0.142503E+01  0.203323E+00
  0.360152E+01  0.204154E+01  0.202318E+00
  0.360381E+01  0.167351E+01  0.203886E+00
  0.360609E+01  0.180269E+01  0.203917E+00
  0.360837E+01  0.259689E+01  0.203282E+00
  0.361066E+01  0.235677E+01  0.204252E+00
  0.361294E+01  0.216829E+01  0.203241E+00
  0.361522E+01  0.155254E+01  0.204016E+00
  0.361750E+01  0.958314E+00  0.203259E+00
  0.361979E+01  0.117240E+01  0.201885E+00
  0.362207E+01  0.178377E+01  0.203866E+00
  0.362435E+01  0.175183E+01  0.204147E+00
  0.362664E+01  0.164857E+01  0.203546E+00
  0.362892E+01  0.128254E+01  0.203132E+00
  0.363120E+01  0.112920E+01  0.202805E+00
  0.363349E+01  0.154114E+01  0.203905E+00
  0.363577E+01  0.154123E+01  0.203872E+00
  0.363805E+01  0.129426E+01  0.202332E+00
  0.364034E+01  0.151103E+01  0.201275E+00
  0.364262E+01  0.157729E+01  0.202955E+00
  0.364490E+01  0.140503E+01  0.202938E+00
  0.364719E+01  0.168591E+01  0.202572E+00
  0.364947E+01  0.220849E+01  0.203728E+00
  0.365175E+01  0.182306E+01  0.203866E+00
  0.365403E+01  0.191500E+01  0.203603E+00
  0.365632E+01  0.208551E+01  0.203786E+00
  0.365860E+01  0.157743E+01  0.203871E+00
  0.366088E+01  0.211957E+01  0.203535E+00
  0.366317E+01  0.190411E+01  0.203967E+00
  0.366545E+01  0.186191E+01  0.203473E+00
  0.366773E+01  0.161023E+01  0.202710E+00
  0.367002E+01  0.146491E+01  0.203263E+00
  0.367230E+01  0.153723E+01  0.202366E+00
  0.367458E+01  0.201234E+01  0.204031E+00
  0.367687E+01  0.213314E+01  0.203558E+00
  0.367915E+01  0.197934E+01  0.203117E+00
  0.368143E+01  0.184183E+01  0.203747E+00
  0.368371E+01  0.180911E+01  0.203875E+00
  0.368600E+01  0.163963E+01  0.203765E+00
  0.368828E+01  0.133597E+01  0.203731E+00
  0.369056E+01  0.191777E+01  0.203829E+00
  0.369285E+01  0.177349E+01  0.203680E+00
  0.369513E+01  0.214289E+01  0.203422E+00
  0.369741E+01  0.174506E+01  0.203120E+00
  0.369970E+01  0.177294E+01  0.203636E+00
  0.370198E+01  0.174769E+01  0.203655E+00
  0.370426E+01  0.173174E+01  0.202975E+00
  0.370655E+01  0.143183E+01  0.202912E+00
  0.370883E+01  0.156331E+01  0.203611E+00
  0.371111E+01  0.191966E+01  0.204299E+00
  0.371340E+01  0.166809E+01  0.203910E+00
  0.371568E+01  0.167209E+01  0.202500E+00
  0.371796E+01  0.154229E+01  0.203384E+00
  0.372024E+01  0.128586E+01  0.202948E+00
  0.372253E+01  0.179677E+01  0.203321E+00
  0.372481E+01  0.178883E+01  0.203366E+00
  0.372709E+01  0.175049E+01  0.202729E+00
  0.372938E+01  0.202274E+01  0.202748E+00
  0.373166E+01  0.189377E+01  0.203211E+00
  0.373394E+01  0.151369E+01  0.202472E+00
  0.373623E+01  0.163991E+01  0.202254E+00
  0.373851E+01  0.156509E+01  0.203136E+00
  0.374079E+01  0.171760E+01  0.203168E+00
  0.374308E+01  0.170051E+01  0.203682E+00
  0.374536E+01  0.156380E+01  0.203652E+00
  0.374764E+01  0.178326E+01  0.203360E+00
  0.374992E+01  0.196280E+01  0.202725E+00
  0.375221E+01  0.154986E+01  0.202697E+00
  0.375449E+01  0.118577E+01  0.203103E+00
  0.375677E+01  0.136020E+01  0.202529E+00
  0.375906E+01  0.149886E+01  0.203175E+00
  0.376134E+01  0.159917E+01  0.203616E+00
  0.376362E+01  0.145560E+01  0.203376E+00
  0.376591E+01  0.141114E+01  0.202758E+00
  0.376819E+01  0.169157E+01  0.202913E+00
  0.377047E+01  0.189374E+01  0.202577E+00
  0.377276E+01  0.173711E+01  0.202941E+00
  0.377504E+01  0.148151E+01  0.202966E+00
  0.377732E+01  0.179186E+01  0.203098E+00
  0.377961E+01  0.176754E+01  0.203175E+00
  0.378189E+01  0.183563E+01  0.203632E+00
  0.378417E+01  0.194437E+01  0.202967E+00
  0.378645E+01  0.178931E+01  0.203981E+00
  0.378874E+01  0.141251E+01  0.203432E+00
  0.379102E+01  0.192766E+01  0.203329E+00
  0.379330E+01  0.166209E+01  0.203514E+00
  0.379559E+01  0.167709E+01  0.203606E+00
  0.379787E+01  0.169506E+01  0.203474E+00
  0.380015E+01  0.167223E+01  0.202667E+00
  0.380244E+01  0.146934E+01  0.202567E+00
  0.380472E+01  0.161294E+01  0.201891E+00
  0.380700E+01  0.154977E+01  0.202390E+00
  0.380929E+01  0.140689E+01  0.203192E+00
  0.381157E+01  0.175409E+01  0.202820E+00
  0.381385E+01  0.137334E+01  0.202344E+00
  0.381613E+01  0.146729E+01  0.203509E+00
  0.381842E+01  0.159577E+01  0.202670E+00
  0.382070E+01  0.125971E+01  0.202376E+00
  0.382298E+01  0.133926E+01  0.202381E+00
  0.382527E+01  0.166000E+01  0.202998E+00
  0.382755E+01  0.149931E+01  0.202812E+00
  0.382983E+01  0.215549E+01  0.203045E+00
  0.383212E+01  0.167543E+01  0.202744E+00
  0.383440E+01  0.155829E+01  0.202632E+00
  0.383668E+01  0.155146E+01  0.202815E+00
  0.383897E+01  0.102169E+01  0.202373E+00
  0.384125E+01  0.149017E+01  0.201731E+00
  0.384353E+01  0.153337E+01  0.203209E+00
  0.384582E+01  0.185834E+01  0.203764E+00
  0.384810E+01  0.136317E+01  0.203482E+00
  0.385038E+01  0.168340E+01  0.203637E+00
  0.385266E+01  0.157494E+01  0.201766E+00
  0.385495E+01  0.107486E+01  0.202018E+00
  0.385723E+01  0.163263E+01  0.202760E+00
  0.385951E+01  0.136049E+01  0.201964E+00
  0.386180E+01  0.175197E+01  0.203176E+00
  0.386408E+01  0.156906E+01  0.202527E+00
  0.386636E+01  0.130314E+01  0.201657E+00
  0.386865E+01  0.121949E+01  0.201764E+00
  0.387093E+01  0.169449E+01  0.201750E+00
  0.387321E+01  0.175040E+01  0.202736E+00
  0.387550E+01  0.166934E+01  0.202639E+00
  0.387778E+01  0.220634E+01  0.202036E+00
  0.388006E+01  0.171857E+01  0.202297E+00
  0.388234E+01  0.108251E+01  0.203033E+00
  0.388463E+01  0.135889E+01  0.202349E+00
  0.388691E+01  0.106131E+01  0.201792E+00
  0.388919E+01  0.188929E+01  0.203141E+00
  0.389148E+01  0.157657E+01  0.202453E+00
  0.389376E+01  0.159023E+01  0.203080E+00
  0.389604E+01  0.185143E+01  0.202838E+00
  0.389833E+01  0.141297E+01  0.201996E+00
  0.390061E+01  0.107989E+01  0.201999E+00
  0.390289E+01  0.144663E+01  0.202441E+00
  0.390518E+01  0.163860E+01  0.202773E+00
  0.390746E+01  0.168151E+01  0.202850E+00
  0.390974E+01  0.175620E+01  0.202596E+00
  0.391203E+01  0.151549E+01  0.202815E+00
  0.391431E+01  0.183269E+01  0.201041E+00
  0.391659E+01  0.165134E+01  0.201711E+00
  0.391887E+01  0.161686E+01  0.202036E+00
  0.392116E+01  0.167149E+01  0.201431E+00
  0.392344E+01  0.171220E+01  0.201847E+00
  0.392572E+01  0.177306E+01  0.201830E+00
  0.392801E+01  0.131434E+01  0.202021E+00
  0.393029E+01  0.152094E+01  0.201268E+00
  0.393257E+01  0.177209E+01  0.202209E+00
  0.393486E+01  0.139277E+01  0.201762E+00
  0.393714E+01  0.106709E+01  0.201812E+00
  0.393942E+01  0.142209E+01  0.201463E+00
  0.394171E+01  0.140951E+01  0.202023E+00
  0.394399E+01  0.186846E+01  0.201613E+00
  0.394627E+01  0.187494E+01  0.202087E+00
  0.394855E+01  0.167366E+01  0.201840E+00
  0.395084E+01  0.162071E+01  0.201182E+00
  0.395312E+01  0.142757E+01  0.201725E+00
  0.395540E+01  0.126354E+01  0.202211E+00
  0.395769E+01  0.133400E+01  0.201964E+00
  0.395997E+01  0.134260E+01  0.201652E+00
  0.396225E+01  0.168754E+01  0.201568E+00
  0.396454E+01  0.128086E+01  0.201359E+00
  0.396682E+01  0.103729E+01  0.201953E+00
  0.396910E+01  0.111057E+01  0.201406E+00
  0.397139E+01  0.157029E+01  0.201718E+00
  0.397367E+01  0.179780E+01  0.201904E+00
  0.397595E+01  0.156429E+01  0.201546E+00
  0.397824E+01  0.180697E+01  0.201788E+00
  0.398052E+01  0.195880E+01  0.202580E+00
  0.398280E+01  0.154751E+01  0.202144E+00
  0.398508E+01  0.186811E+01  0.202588E+00
  0.398737E+01  0.145971E+01  0.202052E+00
  0.398965E+01  0.167186E+01  0.202140E+00
  0.399193E+01  0.160960E+01  0.202338E+00
  0.399422E+01  0.130277E+01  0.202004E+00
  0.399650E+01  0.136769E+01  0.201848E+00
  0.399878E+01  0.111454E+01  0.201796E+00
  0.400107E+01  0.114194E+01  0.201816E+00
  0.400335E+01  0.104591E+01  0.200960E+00
  0.400563E+01  0.130877E+01  0.201492E+00
  0.400792E+01  0.120689E+01  0.200213E+00
  0.401020E+01  0.195797E+01  0.202440E+00
  0.401248E+01  0.249697E+01  0.202386E+00
  0.401477E+01  0.183143E+01  0.201493E+00
  0.401705E+01  0.137477E+01  0.201474E+00
  0.401933E+01  0.173197E+01  0.202065E+00
  0.402161E+01  0.123063E+01  0.201977E+00
  0.402390E+01  0.187537E+01  0.201912E+00
  0.402618E+01  0.217351E+01  0.201943E+00
  0.402846E+01  0.163931E+01  0.200196E+00
  0.403075E+01  0.132763E+01  0.200924E+00
  0.403303E+01  0.127837E+01  0.201983E+00
  0.403531E+01  0.106526E+01  0.201059E+00
  0.403760E+01  0.154466E+01  0.202489E+00
  0.403988E+01  0.175377E+01  0.201853E+00
  0.404216E+01  0.116940E+01  0.201304E+00
  0.404445E+01  0.133503E+01  0.201428E+00
  0.404673E+01  0.140634E+01  0.201504E+00
  0.404901E+01  0.130829E+01  0.201009E+00
  0.405129E+01  0.120520E+01  0.201433E+00
  0.405358E+01  0.149191E+01  0.201295E+00
  0.405586E+01  0.196874E+01  0.201341E+00
  0.405814E+01  0.181860E+01  0.200870E+00
  0.406043E+01  0.153937E+01  0.201242E+00
  0.406271E+01  0.112131E+01  0.201025E+00
  0.406499E+01  0.176309E+01  0.201418E+00
  0.406728E+01  0.140669E+01  0.200786E+00
  0.406956E+01  0.150760E+01  0.201415E+00
  0.407184E+01  0.230503E+01  0.202424E+00
  0.407413E+01  0.173509E+01  0.201215E+00
  0.407641E+01  0.197834E+01  0.202023E+00
  0.407869E+01  0.169183E+01  0.202215E+00
  0.408098E+01  0.191814E+01  0.201986E+00
  0.408326E+01  0.164683E+01  0.201145E+00
  0.408554E+01  0.195980E+01  0.201749E+00
  0.408782E+01  0.136760E+01  0.201266E+00
  0.409011E+01  0.976771E+00  0.200815E+00
  0.409239E+01  0.129037E+01  0.201699E+00
  0.409467E+01  0.186809E+01  0.201958E+00
  0.409696E+01  0.200980E+01  0.201727E+00
  0.409924E+01  0.223071E+01  0.201398E+00
  0.410152E+01  0.169203E+01  0.201885E+00
  0.410381E+01  0.187454E+01  0.201702E+00
  0.410609E+01  0.148960E+01  0.201965E+00
  0.410837E+01  0.104380E+01  0.201861E+00
  0.411066E+01  0.873257E+00  0.200738E+00
  0.411294E+01  0.117737E+01  0.201685E+00
  0.411522E+01  0.117003E+01  0.201177E+00
  0.411750E+01  0.138577E+01  0.201838E+00
  0.411979E+01  0.173174E+01  0.201745E+00
  0.412207E+01  0.119040E+01  0.200394E+00
  0.412435E+01  0.140837E+01  0.201070E+00
  0.412664E+01  0.108449E+01  0.201477E+00
  0.412892E+01  0.162983E+01  0.200888E+00
  0.413120E+01  0.134069E+01  0.201042E+00
  0.413349E+01  0.139583E+01  0.201347E+00
  0.413577E+01  0.188640E+01  0.200538E+00
  0.413805E+01  0.165414E+01  0.200817E+00
  0.414034E+01  0.157029E+01  0.201688E+00
  0.414262E+01  0.147000E+01  0.201049E+00
  0.414490E+01  0.159214E+01  0.199946E+00
  0.414719E+01  0.209623E+01  0.201937E+00
  0.414947E+01  0.160983E+01  0.201162E+00
  0.415175E+01  0.207469E+01  0.201672E+00
  0.415403E+01  0.219640E+01  0.201726E+00
  0.415632E+01  0.174597E+01  0.202217E+00
  0.415860E+01  0.134106E+01  0.201865E+00
  0.416088E+01  0.108540E+01  0.201491E+00
  0.416317E+01  0.130054E+01  0.201149E+00
  0.416545E+01  0.914886E+00  0.201152E+00
  0.416773E+01  0.828714E+00  0.200751E+00
  0.417002E+01  0.110454E+01  0.200018E+00
  0.417230E+01  0.157706E+01  0.201484E+00
  0.417458E+01  0.155746E+01  0.201582E+00
  0.417687E+01  0.121154E+01  0.200167E+00
  0.417915E+01  0.125583E+01  0.201023E+00
  0.418143E+01  0.118571E+01  0.201510E+00
  0.418371E+01  0.173269E+01  0.201544E+00
  0.418600E+01  0.164929E+01  0.201440E+00
  0.418828E+01  0.162243E+01  0.201305E+00
  0.419056E+01  0.136057E+01  0.200274E+00
  0.419285E+01  0.124640E+01  0.201169E+00
  0.419513E+01  0.166917E+01  0.202135E+00
  0.419741E+01  0.192263E+01  0.201705E+00
  0.419970E+01  0.188880E+01  0.201529E+00
  0.420198E+01  0.152457E+01  0.201250E+00
  0.420426E+01  0.194829E+01  0.201661E+00
  0.420655E+01  0.188366E+01  0.201426E+00
  0.420883E+01  0.138154E+01  0.200284E+00
  0.421111E+01  0.140271E+01  0.201439E+00
  0.421340E+01  0.148509E+01  0.200703E+00
  0.421568E+01  0.185891E+01  0.201366E+00
  0.421796E+01  0.197717E+01  0.201044E+00
  0.422024E+01  0.154191E+01  0.201403E+00
  0.422253E+01  0.936829E+00  0.200254E+00
  0.422481E+01  0.132769E+01  0.201846E+00
  0.422709E+01  0.136754E+01  0.201451E+00
  0.422938E+01  0.210337E+01  0.201847E+00
  0.423166E+01  0.155169E+01  0.201016E+00
  0.423394E+01  0.122949E+01  0.201283E+00
  0.423623E+01  0.141889E+01  0.200912E+00
  0.423851E+01  0.107357E+01  0.200987E+00
  0.424079E+01  0.154157E+01  0.202135E+00
  0.424308E+01  0.118563E+01  0.200631E+00
  0.424536E+01  0.983743E+00  0.200651E+00
  0.424764E+01  0.158880E+01  0.202064E+00
  0.424992E+01  0.140837E+01  0.200676E+00
  0.425221E+01  0.156760E+01  0.201510E+00
  0.425449E+01  0.155846E+01  0.200990E+00
  0.425677E+01  0.159480E+01  0.201308E+00
  0.425906E+01  0.159371E+01  0.201182E+00
  0.426134E+01  0.150823E+01  0.201381E+00
  0.426362E+01  0.191560E+01  0.201053E+00
  0.426591E+01  0.146560E+01  0.200969E+00
  0.426819E+01  0.177197E+01  0.201699E+00
  0.427047E+01  0.127943E+01  0.200923E+00
  0.427276E+01  0.159474E+01  0.200522E+00
  0.427504E+01  0.200089E+01  0.201605E+00
  0.427732E+01  0.168286E+01  0.201901E+00
  0.427961E+01  0.162791E+01  0.201121E+00
  0.428189E+01  0.188289E+01  0.201326E+00
  0.428417E+01  0.151060E+01  0.201034E+00
  0.428645E+01  0.106869E+01  0.200439E+00
  0.428874E+01  0.100140E+01  0.201741E+00
  0.429102E+01  0.113023E+01  0.201264E+00
  0.429330E+01  0.924029E+00  0.201253E+00
  0.429559E+01  0.123469E+01  0.200687E+00
  0.429787E+01  0.181883E+01  0.200944E+00
  0.430015E+01  0.156177E+01  0.201141E+00
  0.430244E+01  0.165886E+01  0.200676E+00
  0.430472E+01  0.165617E+01  0.201184E+00
  0.430700E+01  0.127300E+01  0.200296E+00
  0.430929E+01  0.166011E+01  0.201249E+00
  0.431157E+01  0.202854E+01  0.201338E+00
  0.431385E+01  0.200917E+01  0.201540E+00
  0.431613E+01  0.185311E+01  0.200542E+00
  0.431842E+01  0.186506E+01  0.201271E+00
  0.432070E+01  0.210777E+01  0.200756E+00
  0.432298E+01  0.132637E+01  0.199913E+00
  0.432527E+01  0.136809E+01  0.200932E+00
  0.432755E+01  0.140531E+01  0.201213E+00
  0.432983E+01  0.145354E+01  0.200688E+00
  0.433212E+01  0.130389E+01  0.200223E+00
  0.433440E+01  0.126591E+01  0.199759E+00
  0.433668E+01  0.127220E+01  0.200640E+00
  0.433897E+01  0.167351E+01  0.200746E+00
  0.434125E+01  0.176566E+01  0.200778E+00
  0.434353E+01  0.198080E+01  0.201419E+00
  0.434582E+01  0.243271E+01  0.201758E+00
  0.434810E+01  0.191863E+01  0.200840E+00
  0.435038E+01  0.164834E+01  0.200845E+00
  0.435266E+01  0.126217E+01  0.200481E+00
  0.435495E+01  0.137126E+01  0.200957E+00
  0.435723E+01  0.111746E+01  0.200887E+00
  0.435951E+01  0.134291E+01  0.200414E+00
  0.436180E+01  0.151340E+01  0.200256E+00
  0.436408E+01  0.914486E+00  0.201086E+00
  0.436636E+01  0.191969E+01  0.201612E+00
  0.436865E+01  0.176351E+01  0.201553E+00
  0.437093E+01  0.154957E+01  0.201085E+00
  0.437321E+01  0.106246E+01  0.200323E+00
  0.437550E+01  0.139760E+01  0.200598E+00
  0.437778E+01  0.113483E+01  0.200943E+00
  0.438006E+01  0.140646E+01  0.200534E+00
  0.438234E+01  0.185931E+01  0.200765E+00
  0.438463E+01  0.213117E+01  0.201356E+00
  0.438691E+01  0.166674E+01  0.201242E+00
  0.438919E+01  0.162051E+01  0.201240E+00
  0.439148E+01  0.178437E+01  0.201225E+00
  0.439376E+01  0.155746E+01  0.200623E+00
  0.439604E+01  0.130749E+01  0.200679E+00
  0.439833E+01  0.162406E+01  0.199743E+00
  0.440061E+01  0.119520E+01  0.200608E+00
  0.440289E+01  0.888457E+00  0.200418E+00
  0.440518E+01  0.156169E+01  0.201534E+00
  0.440746E+01  0.132131E+01  0.200624E+00
  0.440974E+01  0.140766E+01  0.200298E+00
  0.441203E+01  0.154974E+01  0.200441E+00
  0.441431E+01  0.174746E+01  0.200493E+00
  0.441659E+01  0.150037E+01  0.200844E+00
  0.441887E+01  0.156391E+01  0.200321E+00
  0.442116E+01  0.149046E+01  0.200588E+00
  0.442344E+01  0.154711E+01  0.200707E+00
  0.442572E+01  0.133894E+01  0.200696E+00
  0.442801E+01  0.130666E+01  0.200053E+00
  0.443029E+01  0.116289E+01  0.199876E+00
  0.443257E+01  0.118451E+01  0.200993E+00
  0.443486E+01  0.132666E+01  0.201184E+00
  0.443714E+01  0.102714E+01  0.199506E+00
  0.443942E+01  0.131300E+01  0.200365E+00
  0.444171E+01  0.181857E+01  0.200465E+00
  0.444399E+01  0.213403E+01  0.200809E+00
  0.444627E+01  0.186083E+01  0.200410E+00
  0.444855E+01  0.180006E+01  0.200449E+00
  0.445084E+01  0.163209E+01  0.200638E+00
  0.445312E+01  0.188257E+01  0.200588E+00
  0.445540E+01  0.143380E+01  0.200602E+00
  0.445769E+01  0.144991E+01  0.199838E+00
  0.445997E+01  0.134811E+01  0.200478E+00
  0.446225E+01  0.129900E+01  0.199794E+00
  0.446454E+01  0.157711E+01  0.200564E+00
  0.446682E+01  0.136406E+01  0.201069E+00
  0.446910E+01  0.116423E+01  0.200690E+00
  0.447139E+01  0.118457E+01  0.200288E+00
  0.447367E+01  0.111046E+01  0.199771E+00
  0.447595E+01  0.100837E+01  0.199265E+00
  0.447824E+01  0.144163E+01  0.199471E+00
  0.448052E+01  0.165454E+01  0.200851E+00
  0.448280E+01  0.184837E+01  0.200746E+00
  0.448508E+01  0.148354E+01  0.199981E+00
  0.448737E+01  0.132751E+01  0.200451E+00
  0.448965E+01  0.138869E+01  0.200292E+00
  0.449193E+01  0.143243E+01  0.200689E+00
  0.449422E+01  0.148477E+01  0.199776E+00
  0.449650E+01  0.185554E+01  0.200552E+00
  0.449878E+01  0.216169E+01  0.200382E+00
  0.450107E+01  0.207486E+01  0.200103E+00
  0.450335E+01  0.151851E+01  0.200201E+00
  0.450563E+01  0.197560E+01  0.200352E+00
  0.450792E+01  0.147757E+01  0.199887E+00
  0.451020E+01  0.158154E+01  0.200127E+00
  0.451248E+01  0.158906E+01  0.200228E+00
  0.451476E+01  0.151711E+01  0.200345E+00
  0.451705E+01  0.156014E+01  0.200267E+00
  0.451933E+01  0.144163E+01  0.199811E+00
  0.452161E+01  0.163734E+01  0.200118E+00
  0.452390E+01  0.140063E+01  0.199997E+00
  0.452618E+01  0.129280E+01  0.199544E+00
  0.452846E+01  0.163077E+01  0.200366E+00
  0.453075E+01  0.213669E+01  0.200639E+00
  0.453303E+01  0.184100E+01  0.200339E+00
  0.453531E+01  0.177071E+01  0.200600E+00
  0.453760E+01  0.193694E+01  0.200295E+00
  0.453988E+01  0.202191E+01  0.199927E+00
  0.454216E+01  0.167611E+01  0.199817E+00
  0.454445E+01  0.222374E+01  0.200944E+00
  0.454673E+01  0.175074E+01  0.201118E+00
  0.454901E+01  0.204320E+01  0.201699E+00
  0.455129E+01  0.181520E+01  0.201353E+00
  0.455358E+01  0.190577E+01  0.200688E+00
  0.455586E+01  0.188577E+01  0.200486E+00
  0.455814E+01  0.147034E+01  0.200605E+00
  0.456043E+01  0.160254E+01  0.200447E+00
  0.456271E+01  0.144380E+01  0.200321E+00
  0.456499E+01  0.117260E+01  0.200439E+00
  0.456728E+01  0.116303E+01  0.200599E+00
  0.456956E+01  0.172546E+01  0.201082E+00
  0.457184E+01  0.142183E+01  0.199866E+00
  0.457413E+01  0.894971E+00  0.199192E+00
  0.457641E+01  0.119820E+01  0.199385E+00
  0.457869E+01  0.124917E+01  0.199883E+00
  0.458097E+01  0.898200E+00  0.199588E+00
  0.458326E+01  0.110937E+01  0.199379E+00
  0.458554E+01  0.160477E+01  0.200782E+00
  0.458782E+01  0.187289E+01  0.201128E+00
  0.459011E+01  0.161991E+01  0.200599E+00
  0.459239E+01  0.151686E+01  0.199558E+00
  0.459467E+01  0.121800E+01  0.199926E+00
  0.459696E+01  0.104883E+01  0.199631E+00
  0.459924E+01  0.134866E+01  0.199985E+00
  0.460152E+01  0.118251E+01  0.199118E+00
  0.460381E+01  0.116677E+01  0.199036E+00
  0.460609E+01  0.115480E+01  0.200186E+00
  0.460837E+01  0.143486E+01  0.199831E+00
  0.461066E+01  0.148846E+01  0.199984E+00
  0.461294E+01  0.141800E+01  0.200175E+00
  0.461522E+01  0.148334E+01  0.199259E+00
  0.461750E+01  0.160766E+01  0.199810E+00
  0.461979E+01  0.129414E+01  0.200029E+00
  0.462207E+01  0.168709E+01  0.199667E+00
  0.462435E+01  0.133340E+01  0.198798E+00
  0.462664E+01  0.118140E+01  0.198861E+00
  0.462892E+01  0.112386E+01  0.199055E+00
  0.463120E+01  0.123051E+01  0.199001E+00
  0.463349E+01  0.136731E+01  0.199782E+00
  0.463577E+01  0.143589E+01  0.199070E+00
  0.463805E+01  0.155763E+01  0.199348E+00
  0.464034E+01  0.148523E+01  0.199493E+00
  0.464262E+01  0.118040E+01  0.199530E+00
  0.464490E+01  0.103006E+01  0.199415E+00
  0.464718E+01  0.100991E+01  0.199319E+00
  0.464947E+01  0.136269E+01  0.198907E+00
  0.465175E+01  0.114457E+01  0.199664E+00
  0.465403E+01  0.853971E+00  0.199511E+00
  0.465632E+01  0.160703E+01  0.199409E+00
  0.465860E+01  0.152751E+01  0.199300E+00
  0.466088E+01  0.157729E+01  0.199333E+00
  0.466317E+01  0.158020E+01  0.199124E+00
  0.466545E+01  0.166560E+01  0.199319E+00
  0.466773E+01  0.175349E+01  0.199059E+00
  0.467002E+01  0.152906E+01  0.198752E+00
  0.467230E+01  0.190957E+01  0.199441E+00
  0.467458E+01  0.209834E+01  0.199428E+00
  0.467687E+01  0.137123E+01  0.198517E+00
  0.467915E+01  0.129303E+01  0.197750E+00
  0.468143E+01  0.125040E+01  0.197949E+00
  0.468371E+01  0.157857E+01  0.198139E+00
  0.468600E+01  0.147109E+01  0.197051E+00
  0.468828E+01  0.155120E+01  0.197053E+00
  0.469056E+01  0.130323E+01  0.196987E+00
  0.469285E+01  0.160683E+01  0.197468E+00
  0.469513E+01  0.164394E+01  0.198955E+00
  0.469741E+01  0.145254E+01  0.199040E+00
  0.469970E+01  0.115583E+01  0.200224E+00
  0.470198E+01  0.103923E+01  0.201624E+00
  0.470426E+01  0.111686E+01  0.201158E+00
  0.470655E+01  0.133580E+01  0.201840E+00
  0.470883E+01  0.171891E+01  0.204020E+00
  0.471111E+01  0.145283E+01  0.203579E+00
  0.471339E+01  0.210494E+01  0.205741E+00
  0.471568E+01  0.151723E+01  0.205457E+00
  0.471796E+01  0.111329E+01  0.205800E+00
  0.472024E+01  0.139043E+01  0.206218E+00
  0.472253E+01  0.147766E+01  0.207922E+00
  0.472481E+01  0.156551E+01  0.209137E+00
  0.472709E+01  0.110871E+01  0.210067E+00
  0.472938E+01  0.143729E+01  0.213191E+00
  0.473166E+01  0.673343E+00  0.214285E+00
  0.473394E+01  0.668886E+00  0.216494E+00
  0.473623E+01  0.103349E+01  0.218338E+00
  0.473851E+01  0.117500E+01  0.219750E+00
  0.474079E+01  0.193314E+01  0.221043E+00
  0.474308E+01  0.114800E+01  0.223109E+00
  0.474536E+01  0.142240E+01  0.225565E+00
  0.474764E+01  0.964629E+00  0.227277E+00
  0.474992E+01  0.130111E+01  0.230336E+00
  0.475221E+01  0.878600E+00  0.232798E+00
  0.475449E+01  0.965143E+00  0.233453E+00
  0.475677E+01  0.116291E+01  0.236553E+00
  0.475906E+01  0.126206E+01  0.237722E+00
  0.476134E+01  0.880429E+00  0.240435E+00
  0.476362E+01  0.101451E+01  0.242154E+00
  0.476591E+01  0.965714E+00  0.243402E+00
  0.476819E+01  0.607657E+00  0.245317E+00
  0.477047E+01  0.832800E+00  0.246631E+00
  0.477276E+01  0.181271E+01  0.248492E+00
  0.477504E+01  0.103171E+01  0.249000E+00
  0.477732E+01  0.917657E+00  0.251671E+00
  0.477960E+01  0.109006E+01  0.253684E+00
  0.478189E+01  0.138509E+01  0.255291E+00
  0.478417E+01  0.193737E+01  0.256215E+00
  0.478645E+01  0.127363E+01  0.256676E+00
  0.478874E+01  0.130089E+01  0.259364E+00
  0.479102E+01  0.158914E+01  0.260406E+00
  0.479330E+01  0.142066E+01  0.262756E+00
  0.479559E+01  0.175489E+01  0.266654E+00
  0.479787E+01  0.141154E+01  0.269996E+00
  0.480015E+01  0.689571E+00  0.276726E+00
  0.480244E+01  0.358914E+00  0.279744E+00
  0.480472E+01  0.635029E+00  0.283945E+00
  0.480700E+01  0.113234E+01  0.289402E+00
  0.480929E+01  0.616629E+00  0.290887E+00
  0.481157E+01  0.998400E+00  0.294907E+00
  0.481385E+01  0.504514E+00  0.298230E+00
  0.481613E+01  0.618714E+00  0.303966E+00
  0.481842E+01  0.299229E+00  0.309661E+00
  0.482070E+01  0.701171E+00  0.316673E+00
  0.482298E+01  0.183883E+01  0.325957E+00
  0.482527E+01  0.140303E+01  0.332301E+00
  0.482755E+01  0.146674E+01  0.331600E+00
  0.482983E+01  0.129903E+01  0.338373E+00
  0.483212E+01  0.174611E+01  0.346868E+00
  0.483440E+01  0.112249E+01  0.355624E+00
  0.483668E+01  0.115514E+01  0.363416E+00
  0.483897E+01  0.906029E+00  0.391686E+00
  0.484125E+01  0.215069E+01  0.426197E+00
  0.484353E+01  0.152226E+01  0.464895E+00
  0.484581E+01  0.160574E+01  0.506492E+00
  0.484810E+01  0.327066E+01  0.554687E+00
  0.485038E+01  0.181786E+01  0.625704E+00
  0.485266E+01  0.148329E+01  0.707878E+00
  0.485495E+01 -0.377086E+00  0.823062E+00
  0.485723E+01 -0.211540E+01  0.103427E+01
  0.485951E+01 -0.135057E+01  0.163292E+01
