  0.741270E-01  0.109864E+03  0.100709E+02
  0.764101E-01  0.950370E+02  0.815588E+01
  0.786932E-01  0.106333E+03  0.635045E+01
  0.809763E-01  0.132037E+03  0.574157E+01
  0.832594E-01  0.139691E+03  0.526106E+01
  0.855425E-01  0.140111E+03  0.470500E+01
  0.878256E-01  0.145593E+03  0.405826E+01
  0.901087E-01  0.158765E+03  0.376236E+01
  0.923918E-01  0.150963E+03  0.347726E+01
  0.946750E-01  0.151037E+03  0.314912E+01
  0.969581E-01  0.157242E+03  0.291041E+01
  0.992412E-01  0.154556E+03  0.269208E+01
  0.101524E+00  0.149484E+03  0.249695E+01
  0.103807E+00  0.147731E+03  0.239280E+01
  0.106090E+00  0.147865E+03  0.222600E+01
  0.108374E+00  0.150868E+03  0.197908E+01
  0.110657E+00  0.149565E+03  0.196441E+01
  0.112940E+00  0.145146E+03  0.176318E+01
  0.115223E+00  0.148452E+03  0.177117E+01
  0.117506E+00  0.150535E+03  0.159649E+01
  0.119789E+00  0.147710E+03  0.150650E+01
  0.122072E+00  0.144816E+03  0.147783E+01
  0.124355E+00  0.151799E+03  0.136728E+01
  0.126638E+00  0.147033E+03  0.132545E+01
  0.128922E+00  0.145952E+03  0.122365E+01
  0.131205E+00  0.145538E+03  0.118387E+01
  0.133488E+00  0.143788E+03  0.117865E+01
  0.135771E+00  0.143727E+03  0.102520E+01
  0.138054E+00  0.143375E+03  0.104945E+01
  0.140337E+00  0.144262E+03  0.995756E+00
  0.142620E+00  0.140983E+03  0.952775E+00
  0.144903E+00  0.140156E+03  0.926894E+00
  0.147186E+00  0.141281E+03  0.863438E+00
  0.149469E+00  0.141279E+03  0.860951E+00
  0.151753E+00  0.141122E+03  0.798044E+00
  0.154036E+00  0.138998E+03  0.804118E+00
  0.156319E+00  0.137890E+03  0.743654E+00
  0.158602E+00  0.135598E+03  0.734631E+00
  0.160885E+00  0.134751E+03  0.727986E+00
  0.163168E+00  0.134517E+03  0.676587E+00
  0.165451E+00  0.133105E+03  0.664440E+00
  0.167734E+00  0.131898E+03  0.635825E+00
  0.170017E+00  0.133385E+03  0.624183E+00
  0.172300E+00  0.133300E+03  0.625397E+00
  0.174584E+00  0.132663E+03  0.576750E+00
  0.176867E+00  0.131520E+03  0.569620E+00
  0.179150E+00  0.131221E+03  0.557630E+00
  0.181433E+00  0.130394E+03  0.549903E+00
  0.183716E+00  0.128858E+03  0.532016E+00
  0.185999E+00  0.128444E+03  0.501977E+00
  0.188282E+00  0.129020E+03  0.514888E+00
  0.190565E+00  0.126682E+03  0.487675E+00
  0.192848E+00  0.125079E+03  0.483301E+00
  0.195132E+00  0.124274E+03  0.455957E+00
  0.197415E+00  0.125176E+03  0.459053E+00
  0.199698E+00  0.125049E+03  0.458882E+00
  0.201981E+00  0.123289E+03  0.433000E+00
  0.204264E+00  0.123237E+03  0.426717E+00
  0.206547E+00  0.122558E+03  0.412020E+00
  0.208830E+00  0.121850E+03  0.410906E+00
  0.211113E+00  0.121939E+03  0.410988E+00
  0.213396E+00  0.120646E+03  0.388930E+00
  0.215679E+00  0.119551E+03  0.394746E+00
  0.217963E+00  0.117838E+03  0.371069E+00
  0.220246E+00  0.118454E+03  0.378674E+00
  0.222529E+00  0.117000E+03  0.363776E+00
  0.224812E+00  0.115771E+03  0.350783E+00
  0.227095E+00  0.115691E+03  0.364891E+00
  0.229378E+00  0.114984E+03  0.342203E+00
  0.231661E+00  0.115247E+03  0.348027E+00
  0.233944E+00  0.113592E+03  0.327196E+00
  0.236227E+00  0.112984E+03  0.327795E+00
  0.238511E+00  0.112649E+03  0.331990E+00
  0.240794E+00  0.112761E+03  0.316726E+00
  0.243077E+00  0.113046E+03  0.311699E+00
  0.245360E+00  0.112005E+03  0.311437E+00
  0.247643E+00  0.110572E+03  0.303941E+00
  0.249926E+00  0.109820E+03  0.300404E+00
  0.252209E+00  0.108910E+03  0.293848E+00
  0.254492E+00  0.108312E+03  0.293303E+00
  0.256775E+00  0.108326E+03  0.288404E+00
  0.259058E+00  0.107894E+03  0.287166E+00
  0.261342E+00  0.107576E+03  0.280692E+00
  0.263625E+00  0.106482E+03  0.272631E+00
  0.265908E+00  0.106260E+03  0.276512E+00
  0.268191E+00  0.105646E+03  0.270185E+00
  0.270474E+00  0.104374E+03  0.270086E+00
  0.272757E+00  0.104176E+03  0.260235E+00
  0.275040E+00  0.103323E+03  0.263117E+00
  0.277323E+00  0.103509E+03  0.257723E+00
  0.279606E+00  0.102990E+03  0.257766E+00
  0.281890E+00  0.102167E+03  0.251447E+00
  0.284173E+00  0.101602E+03  0.249627E+00
  0.286456E+00  0.101613E+03  0.251338E+00
  0.288739E+00  0.100646E+03  0.245409E+00
  0.291022E+00  0.998707E+02  0.242117E+00
  0.293305E+00  0.994281E+02  0.241516E+00
  0.295588E+00  0.984985E+02  0.235598E+00
  0.297871E+00  0.985577E+02  0.240688E+00
  0.300154E+00  0.980702E+02  0.232676E+00
  0.302437E+00  0.978095E+02  0.231229E+00
  0.304721E+00  0.974195E+02  0.231876E+00
  0.307004E+00  0.964996E+02  0.227648E+00
  0.309287E+00  0.958698E+02  0.228624E+00
  0.311570E+00  0.957293E+02  0.220976E+00
  0.313853E+00  0.955351E+02  0.227431E+00
  0.316136E+00  0.943490E+02  0.220217E+00
  0.318419E+00  0.936499E+02  0.218965E+00
  0.320702E+00  0.934484E+02  0.217397E+00
  0.322985E+00  0.927578E+02  0.211610E+00
  0.325268E+00  0.928311E+02  0.219879E+00
  0.327552E+00  0.920916E+02  0.212545E+00
  0.329835E+00  0.918525E+02  0.209696E+00
  0.332118E+00  0.912570E+02  0.210914E+00
  0.334401E+00  0.907795E+02  0.204824E+00
  0.336684E+00  0.901164E+02  0.210683E+00
  0.338967E+00  0.895406E+02  0.201594E+00
  0.341250E+00  0.889898E+02  0.203214E+00
  0.343533E+00  0.887649E+02  0.204157E+00
  0.345816E+00  0.884319E+02  0.200461E+00
  0.348100E+00  0.873175E+02  0.201918E+00
  0.350383E+00  0.871701E+02  0.193151E+00
  0.352666E+00  0.868599E+02  0.198618E+00
  0.354949E+00  0.862101E+02  0.195929E+00
  0.357232E+00  0.855763E+02  0.194732E+00
  0.359515E+00  0.851688E+02  0.192524E+00
  0.361798E+00  0.845870E+02  0.187174E+00
  0.364081E+00  0.841791E+02  0.192784E+00
  0.366364E+00  0.839556E+02  0.189870E+00
  0.368647E+00  0.837315E+02  0.187800E+00
  0.370931E+00  0.831230E+02  0.187449E+00
  0.373214E+00  0.825253E+02  0.183773E+00
  0.375497E+00  0.820174E+02  0.186868E+00
  0.377780E+00  0.817743E+02  0.180988E+00
  0.380063E+00  0.809511E+02  0.181012E+00
  0.382346E+00  0.808692E+02  0.181689E+00
  0.384629E+00  0.804694E+02  0.181540E+00
  0.386912E+00  0.797993E+02  0.180965E+00
  0.389195E+00  0.792588E+02  0.173533E+00
  0.391479E+00  0.786014E+02  0.177238E+00
  0.393762E+00  0.780457E+02  0.175215E+00
  0.396045E+00  0.781362E+02  0.176512E+00
  0.398328E+00  0.782568E+02  0.173675E+00
  0.400611E+00  0.772878E+02  0.171099E+00
  0.402894E+00  0.767668E+02  0.173013E+00
  0.405177E+00  0.759643E+02  0.170151E+00
  0.407460E+00  0.758480E+02  0.168743E+00
  0.409743E+00  0.754966E+02  0.167701E+00
  0.412026E+00  0.751202E+02  0.168768E+00
  0.414310E+00  0.747012E+02  0.168982E+00
  0.416593E+00  0.742359E+02  0.162443E+00
  0.418876E+00  0.744893E+02  0.166695E+00
  0.421159E+00  0.739692E+02  0.164199E+00
  0.423442E+00  0.734991E+02  0.164697E+00
  0.425725E+00  0.730781E+02  0.164292E+00
  0.428008E+00  0.726037E+02  0.157836E+00
  0.430291E+00  0.721022E+02  0.162884E+00
  0.432574E+00  0.711758E+02  0.158454E+00
  0.434857E+00  0.705039E+02  0.159524E+00
  0.437141E+00  0.699473E+02  0.156669E+00
  0.439424E+00  0.699490E+02  0.155958E+00
  0.441707E+00  0.697895E+02  0.160246E+00
  0.443990E+00  0.695533E+02  0.154494E+00
  0.446273E+00  0.688674E+02  0.154304E+00
  0.448556E+00  0.685619E+02  0.153171E+00
  0.450839E+00  0.683158E+02  0.152800E+00
  0.453122E+00  0.677197E+02  0.156400E+00
  0.455405E+00  0.676170E+02  0.149258E+00
  0.457689E+00  0.670409E+02  0.151010E+00
  0.459972E+00  0.665806E+02  0.149851E+00
  0.462255E+00  0.660661E+02  0.149935E+00
  0.464538E+00  0.663536E+02  0.150126E+00
  0.466821E+00  0.658566E+02  0.146114E+00
  0.469104E+00  0.654361E+02  0.148292E+00
  0.471387E+00  0.646999E+02  0.146255E+00
  0.473670E+00  0.640981E+02  0.146208E+00
  0.475953E+00  0.639121E+02  0.144560E+00
  0.478236E+00  0.634305E+02  0.143578E+00
  0.480520E+00  0.634821E+02  0.145329E+00
  0.482803E+00  0.634257E+02  0.142985E+00
  0.485086E+00  0.632547E+02  0.141715E+00
  0.487369E+00  0.627533E+02  0.141870E+00
  0.489652E+00  0.621544E+02  0.140902E+00
  0.491935E+00  0.614961E+02  0.142961E+00
  0.494218E+00  0.610214E+02  0.137123E+00
  0.496501E+00  0.607405E+02  0.139233E+00
  0.498784E+00  0.605209E+02  0.139588E+00
  0.501068E+00  0.603381E+02  0.138449E+00
  0.503351E+00  0.602071E+02  0.136091E+00
  0.505634E+00  0.594257E+02  0.136397E+00
  0.507917E+00  0.592637E+02  0.135996E+00
  0.510200E+00  0.587108E+02  0.135496E+00
  0.512483E+00  0.582294E+02  0.135983E+00
  0.514766E+00  0.581030E+02  0.132608E+00
  0.517049E+00  0.577552E+02  0.134067E+00
  0.519332E+00  0.575937E+02  0.133264E+00
  0.521615E+00  0.570571E+02  0.132621E+00
  0.523899E+00  0.568542E+02  0.131022E+00
  0.526182E+00  0.566931E+02  0.130008E+00
  0.528465E+00  0.558320E+02  0.132249E+00
  0.530748E+00  0.552287E+02  0.129709E+00
  0.533031E+00  0.551236E+02  0.128041E+00
  0.535314E+00  0.551752E+02  0.129920E+00
  0.537597E+00  0.549341E+02  0.127356E+00
  0.539880E+00  0.547706E+02  0.129643E+00
  0.542163E+00  0.542415E+02  0.126645E+00
  0.544446E+00  0.538638E+02  0.125213E+00
  0.546730E+00  0.534905E+02  0.127738E+00
  0.549013E+00  0.532913E+02  0.124488E+00
  0.551296E+00  0.530376E+02  0.126998E+00
  0.553579E+00  0.525260E+02  0.123033E+00
  0.555862E+00  0.521202E+02  0.124606E+00
  0.558145E+00  0.518339E+02  0.124612E+00
  0.560428E+00  0.517934E+02  0.121178E+00
  0.562711E+00  0.511383E+02  0.123471E+00
  0.564994E+00  0.508862E+02  0.120236E+00
  0.567278E+00  0.504383E+02  0.122699E+00
  0.569561E+00  0.502134E+02  0.121668E+00
  0.571844E+00  0.501191E+02  0.118983E+00
  0.574127E+00  0.496106E+02  0.120329E+00
  0.576410E+00  0.492719E+02  0.118287E+00
  0.578693E+00  0.494932E+02  0.120227E+00
  0.580976E+00  0.489290E+02  0.117877E+00
  0.583259E+00  0.485603E+02  0.117579E+00
  0.585542E+00  0.484366E+02  0.119200E+00
  0.587825E+00  0.480457E+02  0.115326E+00
  0.590109E+00  0.478188E+02  0.117113E+00
  0.592392E+00  0.473250E+02  0.115009E+00
  0.594675E+00  0.469144E+02  0.115975E+00
  0.596958E+00  0.468020E+02  0.116356E+00
  0.599241E+00  0.462550E+02  0.113648E+00
  0.601524E+00  0.459735E+02  0.113665E+00
  0.603807E+00  0.456054E+02  0.113810E+00
  0.606090E+00  0.452736E+02  0.114909E+00
  0.608373E+00  0.455763E+02  0.116034E+00
  0.610657E+00  0.450453E+02  0.113185E+00
  0.612940E+00  0.448230E+02  0.114739E+00
  0.615223E+00  0.443775E+02  0.113041E+00
  0.617506E+00  0.441158E+02  0.113449E+00
  0.619789E+00  0.443240E+02  0.113028E+00
  0.622072E+00  0.438835E+02  0.113730E+00
  0.624355E+00  0.434470E+02  0.114686E+00
  0.626638E+00  0.431529E+02  0.113069E+00
  0.628921E+00  0.430998E+02  0.113439E+00
  0.631204E+00  0.427629E+02  0.111730E+00
  0.633488E+00  0.421735E+02  0.114061E+00
  0.635771E+00  0.422187E+02  0.114691E+00
  0.638054E+00  0.418392E+02  0.114987E+00
  0.640337E+00  0.415590E+02  0.113809E+00
  0.642620E+00  0.415793E+02  0.113706E+00
  0.644903E+00  0.412205E+02  0.115370E+00
  0.647186E+00  0.408988E+02  0.115105E+00
  0.649469E+00  0.409053E+02  0.114334E+00
  0.651752E+00  0.407291E+02  0.115150E+00
  0.654035E+00  0.405055E+02  0.114438E+00
  0.656319E+00  0.399263E+02  0.115602E+00
  0.658602E+00  0.396184E+02  0.113361E+00
  0.660885E+00  0.396342E+02  0.115440E+00
  0.663168E+00  0.392190E+02  0.115182E+00
  0.665451E+00  0.388738E+02  0.115199E+00
  0.667734E+00  0.388076E+02  0.116548E+00
  0.670017E+00  0.386971E+02  0.112991E+00
  0.672300E+00  0.381320E+02  0.115797E+00
  0.674583E+00  0.378519E+02  0.114445E+00
  0.676867E+00  0.376832E+02  0.115211E+00
  0.679150E+00  0.375449E+02  0.116636E+00
  0.681433E+00  0.372692E+02  0.112773E+00
  0.683716E+00  0.370040E+02  0.117022E+00
  0.685999E+00  0.369972E+02  0.113423E+00
  0.688282E+00  0.367371E+02  0.113893E+00
  0.690565E+00  0.363651E+02  0.116112E+00
  0.692848E+00  0.362682E+02  0.114015E+00
  0.695131E+00  0.362012E+02  0.117095E+00
  0.697414E+00  0.357477E+02  0.112035E+00
  0.699698E+00  0.351388E+02  0.114659E+00
  0.701981E+00  0.352812E+02  0.115532E+00
  0.704264E+00  0.353472E+02  0.114142E+00
  0.706547E+00  0.349921E+02  0.115317E+00
  0.708830E+00  0.348313E+02  0.113689E+00
  0.711113E+00  0.346448E+02  0.114339E+00
  0.713396E+00  0.342531E+02  0.114444E+00
  0.715679E+00  0.338499E+02  0.113493E+00
  0.717962E+00  0.338359E+02  0.115086E+00
  0.720246E+00  0.336717E+02  0.113684E+00
  0.722529E+00  0.333541E+02  0.114516E+00
  0.724812E+00  0.330234E+02  0.112854E+00
  0.727095E+00  0.327050E+02  0.113187E+00
  0.729378E+00  0.326406E+02  0.113758E+00
  0.731661E+00  0.326864E+02  0.114031E+00
  0.733944E+00  0.319319E+02  0.114818E+00
  0.736227E+00  0.319644E+02  0.112632E+00
  0.738510E+00  0.317335E+02  0.113300E+00
  0.740793E+00  0.319098E+02  0.112392E+00
  0.743077E+00  0.313990E+02  0.114238E+00
  0.745360E+00  0.312558E+02  0.113681E+00
  0.747643E+00  0.309985E+02  0.111133E+00
  0.749926E+00  0.309375E+02  0.113961E+00
  0.752209E+00  0.303339E+02  0.112124E+00
  0.754492E+00  0.305062E+02  0.112871E+00
  0.756775E+00  0.301341E+02  0.112235E+00
  0.759058E+00  0.299689E+02  0.112097E+00
  0.761341E+00  0.300338E+02  0.113819E+00
  0.763625E+00  0.296676E+02  0.110320E+00
  0.765908E+00  0.291168E+02  0.112928E+00
  0.768191E+00  0.290617E+02  0.110607E+00
  0.770474E+00  0.291259E+02  0.111581E+00
  0.772757E+00  0.290399E+02  0.114354E+00
  0.775040E+00  0.286131E+02  0.109047E+00
  0.777323E+00  0.286220E+02  0.113201E+00
  0.779606E+00  0.284289E+02  0.110434E+00
  0.781889E+00  0.284476E+02  0.111790E+00
  0.784172E+00  0.282353E+02  0.112126E+00
  0.786456E+00  0.276861E+02  0.109273E+00
  0.788739E+00  0.273090E+02  0.113224E+00
  0.791022E+00  0.273054E+02  0.110030E+00
  0.793305E+00  0.272793E+02  0.111181E+00
  0.795588E+00  0.270363E+02  0.109922E+00
  0.797871E+00  0.267765E+02  0.109563E+00
  0.800154E+00  0.264616E+02  0.111812E+00
  0.802437E+00  0.266184E+02  0.108964E+00
  0.804720E+00  0.264546E+02  0.110454E+00
  0.807003E+00  0.261131E+02  0.109897E+00
  0.809287E+00  0.256145E+02  0.110059E+00
  0.811570E+00  0.258209E+02  0.111425E+00
  0.813853E+00  0.259744E+02  0.108184E+00
  0.816136E+00  0.256312E+02  0.110532E+00
  0.818419E+00  0.252584E+02  0.108685E+00
  0.820702E+00  0.252085E+02  0.110324E+00
  0.822985E+00  0.250505E+02  0.109153E+00
  0.825268E+00  0.250446E+02  0.107964E+00
  0.827551E+00  0.245495E+02  0.110445E+00
  0.829835E+00  0.245249E+02  0.108176E+00
  0.832118E+00  0.242911E+02  0.109196E+00
  0.834401E+00  0.240574E+02  0.108442E+00
  0.836684E+00  0.239175E+02  0.108188E+00
  0.838967E+00  0.236351E+02  0.109573E+00
  0.841250E+00  0.235883E+02  0.106934E+00
  0.843533E+00  0.234264E+02  0.108840E+00
  0.845816E+00  0.231733E+02  0.107774E+00
  0.848099E+00  0.233233E+02  0.108594E+00
  0.850382E+00  0.234038E+02  0.110112E+00
  0.852666E+00  0.231149E+02  0.105786E+00
  0.854949E+00  0.227031E+02  0.108561E+00
  0.857232E+00  0.225838E+02  0.107036E+00
  0.859515E+00  0.223526E+02  0.108936E+00
  0.861798E+00  0.221314E+02  0.106382E+00
  0.864081E+00  0.220726E+02  0.107725E+00
  0.866364E+00  0.221572E+02  0.107901E+00
  0.868647E+00  0.221252E+02  0.107356E+00
  0.870930E+00  0.218047E+02  0.106239E+00
  0.873214E+00  0.217574E+02  0.107040E+00
  0.875497E+00  0.214394E+02  0.107340E+00
  0.877780E+00  0.216164E+02  0.106973E+00
  0.880063E+00  0.210258E+02  0.105901E+00
  0.882346E+00  0.208074E+02  0.106693E+00
  0.884629E+00  0.207683E+02  0.106482E+00
  0.886912E+00  0.208148E+02  0.106885E+00
  0.889195E+00  0.207633E+02  0.106871E+00
  0.891478E+00  0.206623E+02  0.105309E+00
  0.893761E+00  0.204905E+02  0.106752E+00
  0.896045E+00  0.203473E+02  0.106453E+00
  0.898328E+00  0.200783E+02  0.106224E+00
  0.900611E+00  0.199712E+02  0.104898E+00
  0.902894E+00  0.199357E+02  0.105979E+00
  0.905177E+00  0.195236E+02  0.106202E+00
  0.907460E+00  0.191873E+02  0.105148E+00
  0.909743E+00  0.193122E+02  0.104061E+00
  0.912026E+00  0.194201E+02  0.104551E+00
  0.914309E+00  0.194415E+02  0.105483E+00
  0.916592E+00  0.188950E+02  0.105506E+00
  0.918876E+00  0.189152E+02  0.104681E+00
  0.921159E+00  0.188934E+02  0.105237E+00
  0.923442E+00  0.186491E+02  0.104826E+00
  0.925725E+00  0.187865E+02  0.105255E+00
  0.928008E+00  0.186450E+02  0.104833E+00
  0.930291E+00  0.182397E+02  0.104219E+00
  0.932574E+00  0.179830E+02  0.103785E+00
  0.934857E+00  0.177916E+02  0.104541E+00
  0.937140E+00  0.176524E+02  0.104432E+00
  0.939424E+00  0.176932E+02  0.103414E+00
  0.941707E+00  0.179520E+02  0.103669E+00
  0.943990E+00  0.174967E+02  0.103673E+00
  0.946273E+00  0.175025E+02  0.104439E+00
  0.948556E+00  0.173634E+02  0.103078E+00
  0.950839E+00  0.170868E+02  0.102993E+00
  0.953122E+00  0.171030E+02  0.103273E+00
  0.955405E+00  0.168759E+02  0.103246E+00
  0.957688E+00  0.168791E+02  0.103555E+00
  0.959971E+00  0.168675E+02  0.103237E+00
  0.962255E+00  0.167300E+02  0.103862E+00
  0.964538E+00  0.167679E+02  0.102380E+00
  0.966821E+00  0.162028E+02  0.102332E+00
  0.969104E+00  0.160378E+02  0.102851E+00
  0.971387E+00  0.160729E+02  0.102458E+00
  0.973670E+00  0.161869E+02  0.103959E+00
  0.975953E+00  0.162788E+02  0.103134E+00
  0.978236E+00  0.158965E+02  0.101193E+00
  0.980519E+00  0.157697E+02  0.102524E+00
  0.982803E+00  0.159050E+02  0.101883E+00
  0.985086E+00  0.156808E+02  0.103228E+00
  0.987369E+00  0.153885E+02  0.100892E+00
  0.989652E+00  0.154976E+02  0.102660E+00
  0.991935E+00  0.152153E+02  0.101487E+00
  0.994218E+00  0.150722E+02  0.101833E+00
  0.996501E+00  0.151340E+02  0.101373E+00
  0.998784E+00  0.151736E+02  0.102502E+00
  0.100107E+01  0.147641E+02  0.101213E+00
  0.100335E+01  0.146815E+02  0.101816E+00
  0.100563E+01  0.148345E+02  0.101345E+00
  0.100792E+01  0.144145E+02  0.100430E+00
  0.101020E+01  0.142788E+02  0.101585E+00
  0.101248E+01  0.142825E+02  0.100824E+00
  0.101477E+01  0.142343E+02  0.102599E+00
  0.101705E+01  0.142941E+02  0.999356E-01
  0.101933E+01  0.144677E+02  0.101088E+00
  0.102162E+01  0.141542E+02  0.100589E+00
  0.102390E+01  0.141679E+02  0.100795E+00
  0.102846E+01  0.140220E+02  0.100513E+00
  0.103075E+01  0.137583E+02  0.100580E+00
  0.103303E+01  0.137217E+02  0.101202E+00
  0.103531E+01  0.135632E+02  0.100722E+00
  0.103760E+01  0.135547E+02  0.994399E-01
  0.103988E+01  0.133293E+02  0.100542E+00
  0.104216E+01  0.132221E+02  0.999422E-01
  0.104445E+01  0.133635E+02  0.100861E+00
  0.104673E+01  0.130627E+02  0.100312E+00
  0.104901E+01  0.131965E+02  0.100004E+00
  0.105130E+01  0.130204E+02  0.994380E-01
  0.105358E+01  0.129031E+02  0.999920E-01
  0.105586E+01  0.129533E+02  0.100275E+00
  0.105814E+01  0.126186E+02  0.991253E-01
  0.106043E+01  0.125110E+02  0.995916E-01
  0.106271E+01  0.122976E+02  0.100256E+00
  0.106499E+01  0.125225E+02  0.997325E-01
  0.106728E+01  0.122216E+02  0.976841E-01
  0.106956E+01  0.120410E+02  0.993395E-01
  0.107184E+01  0.120824E+02  0.989091E-01
  0.107413E+01  0.119859E+02  0.994970E-01
  0.107641E+01  0.119299E+02  0.983309E-01
  0.107869E+01  0.118099E+02  0.977878E-01
  0.108098E+01  0.119473E+02  0.988715E-01
  0.108326E+01  0.120264E+02  0.989248E-01
  0.108554E+01  0.120531E+02  0.987681E-01
  0.108783E+01  0.118742E+02  0.990966E-01
  0.109011E+01  0.117630E+02  0.986785E-01
  0.109239E+01  0.115159E+02  0.990459E-01
  0.109467E+01  0.115476E+02  0.981757E-01
  0.109696E+01  0.112485E+02  0.973568E-01
  0.109924E+01  0.112983E+02  0.988418E-01
  0.110152E+01  0.112954E+02  0.980236E-01
  0.110381E+01  0.112495E+02  0.993898E-01
  0.110609E+01  0.111524E+02  0.974471E-01
  0.110837E+01  0.113307E+02  0.976467E-01
  0.111066E+01  0.110089E+02  0.985126E-01
  0.111294E+01  0.108772E+02  0.986883E-01
  0.111522E+01  0.106128E+02  0.963652E-01
  0.111751E+01  0.106460E+02  0.977883E-01
  0.111979E+01  0.108059E+02  0.980736E-01
  0.112207E+01  0.105544E+02  0.975848E-01
  0.112435E+01  0.105793E+02  0.969656E-01
  0.112664E+01  0.103857E+02  0.982088E-01
  0.112892E+01  0.103941E+02  0.969961E-01
  0.113120E+01  0.105745E+02  0.983718E-01
  0.113349E+01  0.104293E+02  0.973228E-01
  0.113577E+01  0.102453E+02  0.961359E-01
  0.113805E+01  0.100211E+02  0.972235E-01
  0.114034E+01  0.101336E+02  0.974215E-01
  0.114262E+01  0.100633E+02  0.976097E-01
  0.114490E+01  0.100857E+02  0.962703E-01
  0.114719E+01  0.992311E+01  0.976424E-01
  0.114947E+01  0.997473E+01  0.968142E-01
  0.115175E+01  0.992162E+01  0.969317E-01
  0.115404E+01  0.986644E+01  0.969203E-01
  0.115632E+01  0.977614E+01  0.968774E-01
  0.115860E+01  0.958257E+01  0.965538E-01
  0.116088E+01  0.935907E+01  0.971501E-01
  0.116317E+01  0.947740E+01  0.964596E-01
  0.116545E+01  0.951595E+01  0.955419E-01
  0.116773E+01  0.931310E+01  0.965684E-01
  0.117002E+01  0.901910E+01  0.960052E-01
  0.117230E+01  0.921778E+01  0.964031E-01
  0.117458E+01  0.924856E+01  0.956814E-01
  0.117687E+01  0.926093E+01  0.965939E-01
  0.117915E+01  0.901952E+01  0.962757E-01
  0.118143E+01  0.919491E+01  0.966833E-01
  0.118372E+01  0.935702E+01  0.958335E-01
  0.118600E+01  0.902862E+01  0.959767E-01
  0.118828E+01  0.881814E+01  0.961775E-01
  0.119057E+01  0.879052E+01  0.960343E-01
  0.119285E+01  0.886742E+01  0.948132E-01
  0.119513E+01  0.879841E+01  0.959042E-01
  0.119741E+01  0.873019E+01  0.959298E-01
  0.119970E+01  0.856874E+01  0.959203E-01
  0.120198E+01  0.843806E+01  0.955568E-01
  0.120426E+01  0.839432E+01  0.951562E-01
  0.120655E+01  0.844083E+01  0.952371E-01
  0.120883E+01  0.826478E+01  0.953736E-01
  0.121111E+01  0.849111E+01  0.950698E-01
  0.121340E+01  0.856390E+01  0.953159E-01
  0.121568E+01  0.836499E+01  0.953040E-01
  0.121796E+01  0.823746E+01  0.963117E-01
  0.122025E+01  0.823941E+01  0.955231E-01
  0.122253E+01  0.800668E+01  0.942018E-01
  0.122481E+01  0.773477E+01  0.956045E-01
  0.122709E+01  0.775572E+01  0.955254E-01
  0.122938E+01  0.797236E+01  0.956620E-01
  0.123166E+01  0.792623E+01  0.944533E-01
  0.123394E+01  0.790031E+01  0.946543E-01
  0.123623E+01  0.774715E+01  0.948126E-01
  0.123851E+01  0.760398E+01  0.943494E-01
  0.124079E+01  0.756237E+01  0.946793E-01
  0.124308E+01  0.752531E+01  0.944232E-01
  0.124536E+01  0.763357E+01  0.940900E-01
  0.124764E+01  0.761344E+01  0.948711E-01
  0.124993E+01  0.749886E+01  0.941452E-01
  0.125221E+01  0.736514E+01  0.945180E-01
  0.125449E+01  0.740954E+01  0.941672E-01
  0.125678E+01  0.751227E+01  0.953638E-01
  0.125906E+01  0.749089E+01  0.946406E-01
  0.126134E+01  0.724937E+01  0.936744E-01
  0.126362E+01  0.714705E+01  0.934920E-01
  0.126591E+01  0.718622E+01  0.944389E-01
  0.126819E+01  0.705205E+01  0.946663E-01
  0.127047E+01  0.720469E+01  0.936321E-01
  0.127276E+01  0.699635E+01  0.943573E-01
  0.127504E+01  0.693900E+01  0.944063E-01
  0.127732E+01  0.698398E+01  0.943460E-01
  0.127961E+01  0.696500E+01  0.929861E-01
  0.128189E+01  0.683710E+01  0.938314E-01
  0.128417E+01  0.686381E+01  0.940934E-01
  0.128646E+01  0.694485E+01  0.946898E-01
  0.128874E+01  0.686621E+01  0.938739E-01
  0.129102E+01  0.667658E+01  0.933346E-01
  0.129330E+01  0.662863E+01  0.942816E-01
  0.129559E+01  0.646333E+01  0.934351E-01
  0.129787E+01  0.660268E+01  0.940550E-01
  0.130015E+01  0.663890E+01  0.931420E-01
  0.130244E+01  0.642189E+01  0.932368E-01
  0.130472E+01  0.630726E+01  0.930574E-01
  0.130700E+01  0.652112E+01  0.934437E-01
  0.130929E+01  0.672919E+01  0.927173E-01
  0.131157E+01  0.661207E+01  0.939950E-01
  0.131385E+01  0.678737E+01  0.946398E-01
  0.131614E+01  0.645983E+01  0.942597E-01
  0.131842E+01  0.632220E+01  0.922203E-01
  0.132070E+01  0.635900E+01  0.930630E-01
  0.132299E+01  0.619832E+01  0.931284E-01
  0.132527E+01  0.611549E+01  0.936961E-01
  0.132755E+01  0.625951E+01  0.925227E-01
  0.132983E+01  0.626083E+01  0.928739E-01
  0.133212E+01  0.635251E+01  0.937538E-01
  0.133440E+01  0.599744E+01  0.933536E-01
  0.133668E+01  0.591232E+01  0.921497E-01
  0.133897E+01  0.613360E+01  0.925216E-01
  0.134125E+01  0.609230E+01  0.934812E-01
  0.134353E+01  0.607948E+01  0.940170E-01
  0.134582E+01  0.570226E+01  0.926712E-01
  0.134810E+01  0.561349E+01  0.916918E-01
  0.135038E+01  0.603175E+01  0.930482E-01
  0.135267E+01  0.588695E+01  0.926389E-01
  0.135495E+01  0.589344E+01  0.932489E-01
  0.135723E+01  0.575494E+01  0.924270E-01
  0.135951E+01  0.563140E+01  0.921147E-01
  0.136180E+01  0.552668E+01  0.922052E-01
  0.136408E+01  0.554736E+01  0.929893E-01
  0.136636E+01  0.549080E+01  0.923631E-01
  0.136865E+01  0.572510E+01  0.927020E-01
  0.137093E+01  0.570674E+01  0.931429E-01
  0.137321E+01  0.568522E+01  0.931318E-01
  0.137550E+01  0.552330E+01  0.911246E-01
  0.137778E+01  0.540189E+01  0.922155E-01
  0.138006E+01  0.554058E+01  0.924920E-01
  0.138235E+01  0.555258E+01  0.931578E-01
  0.138463E+01  0.536891E+01  0.927750E-01
  0.138691E+01  0.548591E+01  0.920240E-01
  0.138920E+01  0.544264E+01  0.922313E-01
  0.139148E+01  0.553147E+01  0.928469E-01
  0.139376E+01  0.553537E+01  0.921625E-01
  0.139604E+01  0.525035E+01  0.918261E-01
  0.139833E+01  0.513964E+01  0.918824E-01
  0.140061E+01  0.525146E+01  0.924297E-01
  0.140289E+01  0.526764E+01  0.921563E-01
  0.140518E+01  0.519237E+01  0.914744E-01
  0.140746E+01  0.520984E+01  0.925704E-01
  0.140974E+01  0.497354E+01  0.920318E-01
  0.141203E+01  0.503295E+01  0.925291E-01
  0.141431E+01  0.517167E+01  0.925709E-01
  0.141659E+01  0.522957E+01  0.915948E-01
  0.141888E+01  0.503401E+01  0.915255E-01
  0.142116E+01  0.486994E+01  0.920181E-01
  0.142344E+01  0.495617E+01  0.921363E-01
  0.142572E+01  0.509875E+01  0.923325E-01
  0.142801E+01  0.508214E+01  0.920999E-01
  0.143029E+01  0.481891E+01  0.913393E-01
  0.143257E+01  0.485270E+01  0.919030E-01
  0.143486E+01  0.495509E+01  0.917445E-01
  0.143714E+01  0.464610E+01  0.915636E-01
  0.143942E+01  0.461174E+01  0.920097E-01
  0.144171E+01  0.442022E+01  0.916016E-01
  0.144399E+01  0.454490E+01  0.915377E-01
  0.144627E+01  0.448340E+01  0.915109E-01
  0.144856E+01  0.455663E+01  0.911662E-01
  0.145084E+01  0.448273E+01  0.916340E-01
  0.145312E+01  0.464532E+01  0.921496E-01
  0.145541E+01  0.480638E+01  0.913303E-01
  0.145769E+01  0.473075E+01  0.918294E-01
  0.145997E+01  0.471717E+01  0.906817E-01
  0.146225E+01  0.455972E+01  0.915319E-01
  0.146454E+01  0.459993E+01  0.919696E-01
  0.146682E+01  0.444788E+01  0.908531E-01
  0.146910E+01  0.441096E+01  0.914515E-01
  0.147139E+01  0.446712E+01  0.919582E-01
  0.147367E+01  0.439569E+01  0.910551E-01
  0.147595E+01  0.430207E+01  0.909216E-01
  0.147824E+01  0.414149E+01  0.913775E-01
  0.148052E+01  0.424979E+01  0.917808E-01
  0.148280E+01  0.445800E+01  0.911266E-01
  0.148509E+01  0.429709E+01  0.914330E-01
  0.148737E+01  0.440052E+01  0.906635E-01
  0.148965E+01  0.439252E+01  0.904941E-01
  0.149193E+01  0.468615E+01  0.916155E-01
  0.149422E+01  0.440852E+01  0.912267E-01
  0.149650E+01  0.445905E+01  0.916782E-01
  0.149878E+01  0.445635E+01  0.917077E-01
  0.150107E+01  0.433638E+01  0.915106E-01
  0.150335E+01  0.416232E+01  0.912335E-01
  0.150563E+01  0.423963E+01  0.905970E-01
  0.150792E+01  0.410828E+01  0.913123E-01
  0.151020E+01  0.419780E+01  0.917497E-01
  0.151248E+01  0.420820E+01  0.914305E-01
  0.151477E+01  0.408589E+01  0.906480E-01
  0.151705E+01  0.404519E+01  0.906469E-01
  0.151933E+01  0.400227E+01  0.914373E-01
  0.152162E+01  0.406441E+01  0.915082E-01
  0.152390E+01  0.410411E+01  0.901816E-01
  0.152618E+01  0.420560E+01  0.913961E-01
  0.152846E+01  0.412674E+01  0.912427E-01
  0.153075E+01  0.394522E+01  0.911205E-01
  0.153303E+01  0.409106E+01  0.910168E-01
  0.153531E+01  0.392773E+01  0.904533E-01
  0.153760E+01  0.395512E+01  0.912956E-01
  0.153988E+01  0.383226E+01  0.913342E-01
  0.154216E+01  0.402878E+01  0.909867E-01
  0.154445E+01  0.391373E+01  0.901742E-01
  0.154673E+01  0.388928E+01  0.903918E-01
  0.154901E+01  0.378947E+01  0.910997E-01
  0.155130E+01  0.386273E+01  0.911862E-01
  0.155358E+01  0.375200E+01  0.910119E-01
  0.155586E+01  0.358356E+01  0.904712E-01
  0.155814E+01  0.392340E+01  0.902965E-01
  0.156043E+01  0.393874E+01  0.905954E-01
  0.156271E+01  0.368016E+01  0.905914E-01
  0.156499E+01  0.382133E+01  0.908183E-01
  0.156728E+01  0.383277E+01  0.908913E-01
  0.156956E+01  0.389938E+01  0.913696E-01
  0.157184E+01  0.365960E+01  0.904103E-01
  0.157413E+01  0.369727E+01  0.906848E-01
  0.157641E+01  0.378794E+01  0.908591E-01
  0.157869E+01  0.364360E+01  0.907804E-01
  0.158098E+01  0.360970E+01  0.907410E-01
  0.158326E+01  0.361989E+01  0.907875E-01
  0.158554E+01  0.358344E+01  0.905623E-01
  0.158783E+01  0.359121E+01  0.901187E-01
  0.159011E+01  0.358293E+01  0.909557E-01
  0.159239E+01  0.350132E+01  0.912382E-01
  0.159467E+01  0.360785E+01  0.910420E-01
  0.159696E+01  0.375180E+01  0.907487E-01
  0.159924E+01  0.354123E+01  0.905964E-01
  0.160152E+01  0.346331E+01  0.899193E-01
  0.160381E+01  0.345272E+01  0.906357E-01
  0.160609E+01  0.353046E+01  0.910299E-01
  0.160837E+01  0.359546E+01  0.910393E-01
  0.161066E+01  0.349704E+01  0.906493E-01
  0.161294E+01  0.357102E+01  0.901641E-01
  0.161522E+01  0.363538E+01  0.902115E-01
  0.161751E+01  0.361221E+01  0.904703E-01
  0.161979E+01  0.341070E+01  0.907129E-01
  0.162207E+01  0.328300E+01  0.906324E-01
  0.162435E+01  0.327960E+01  0.905010E-01
  0.162664E+01  0.336315E+01  0.903705E-01
  0.162892E+01  0.323138E+01  0.900344E-01
  0.163120E+01  0.337470E+01  0.895085E-01
  0.163349E+01  0.328938E+01  0.907726E-01
  0.163577E+01  0.323596E+01  0.904874E-01
  0.163805E+01  0.317199E+01  0.899993E-01
  0.164034E+01  0.319148E+01  0.904147E-01
  0.164262E+01  0.320423E+01  0.898369E-01
  0.164490E+01  0.309289E+01  0.902579E-01
  0.164719E+01  0.299595E+01  0.902954E-01
  0.164947E+01  0.289522E+01  0.904032E-01
  0.165175E+01  0.303054E+01  0.905405E-01
  0.165404E+01  0.310665E+01  0.893895E-01
  0.165632E+01  0.325828E+01  0.896245E-01
  0.165860E+01  0.316763E+01  0.905290E-01
  0.166088E+01  0.333168E+01  0.899860E-01
  0.166317E+01  0.329570E+01  0.904886E-01
  0.166545E+01  0.310893E+01  0.905076E-01
  0.166773E+01  0.309123E+01  0.910679E-01
  0.167002E+01  0.308202E+01  0.897042E-01
  0.167230E+01  0.313441E+01  0.896145E-01
  0.167458E+01  0.318257E+01  0.903794E-01
  0.167687E+01  0.317579E+01  0.900095E-01
  0.167915E+01  0.320128E+01  0.904709E-01
  0.168143E+01  0.305285E+01  0.901038E-01
  0.168372E+01  0.299165E+01  0.902505E-01
  0.168600E+01  0.301677E+01  0.901602E-01
  0.168828E+01  0.308630E+01  0.904126E-01
  0.169056E+01  0.281288E+01  0.892473E-01
  0.169285E+01  0.296825E+01  0.907033E-01
  0.169513E+01  0.286678E+01  0.891655E-01
  0.169741E+01  0.299186E+01  0.902462E-01
  0.169970E+01  0.305328E+01  0.897713E-01
  0.170198E+01  0.307495E+01  0.900132E-01
  0.170426E+01  0.291143E+01  0.901634E-01
  0.170655E+01  0.283232E+01  0.904251E-01
  0.170883E+01  0.273520E+01  0.895948E-01
  0.171111E+01  0.293842E+01  0.897215E-01
  0.171340E+01  0.289614E+01  0.897503E-01
  0.171568E+01  0.301589E+01  0.899144E-01
  0.171796E+01  0.282657E+01  0.897839E-01
  0.172025E+01  0.275385E+01  0.892126E-01
  0.172253E+01  0.280536E+01  0.903835E-01
  0.172481E+01  0.277899E+01  0.904578E-01
  0.172709E+01  0.279891E+01  0.891145E-01
  0.172938E+01  0.283721E+01  0.899428E-01
  0.173166E+01  0.291442E+01  0.903015E-01
  0.173394E+01  0.268072E+01  0.901460E-01
  0.173623E+01  0.281244E+01  0.901081E-01
  0.173851E+01  0.273063E+01  0.903128E-01
  0.174079E+01  0.283484E+01  0.893538E-01
  0.174308E+01  0.291086E+01  0.897885E-01
  0.174536E+01  0.254284E+01  0.889967E-01
  0.174764E+01  0.269499E+01  0.899337E-01
  0.174993E+01  0.274715E+01  0.894338E-01
  0.175221E+01  0.271269E+01  0.901716E-01
  0.175449E+01  0.261530E+01  0.891614E-01
  0.175677E+01  0.247551E+01  0.897928E-01
  0.175906E+01  0.266457E+01  0.901821E-01
  0.176134E+01  0.274386E+01  0.901235E-01
  0.176362E+01  0.264491E+01  0.892607E-01
  0.176591E+01  0.257479E+01  0.898567E-01
  0.176819E+01  0.284028E+01  0.894490E-01
  0.177047E+01  0.296237E+01  0.895739E-01
  0.177276E+01  0.293090E+01  0.903898E-01
  0.177504E+01  0.279857E+01  0.897963E-01
  0.177732E+01  0.274737E+01  0.895816E-01
  0.177961E+01  0.271095E+01  0.905324E-01
  0.178189E+01  0.286128E+01  0.899332E-01
  0.178417E+01  0.265052E+01  0.889291E-01
  0.178646E+01  0.257126E+01  0.895490E-01
  0.178874E+01  0.261859E+01  0.900786E-01
  0.179102E+01  0.244719E+01  0.896875E-01
  0.179330E+01  0.247723E+01  0.897746E-01
  0.179559E+01  0.243385E+01  0.896619E-01
  0.179787E+01  0.259157E+01  0.898620E-01
  0.180015E+01  0.271752E+01  0.898554E-01
  0.180244E+01  0.252784E+01  0.897352E-01
  0.180472E+01  0.274686E+01  0.901803E-01
  0.180700E+01  0.278837E+01  0.903873E-01
  0.180929E+01  0.274715E+01  0.898702E-01
  0.181157E+01  0.257419E+01  0.888701E-01
  0.181385E+01  0.262436E+01  0.901799E-01
  0.181614E+01  0.269300E+01  0.898523E-01
  0.181842E+01  0.245352E+01  0.892403E-01
  0.182070E+01  0.251084E+01  0.897196E-01
  0.182298E+01  0.283826E+01  0.902516E-01
  0.182527E+01  0.273540E+01  0.888922E-01
  0.182755E+01  0.258123E+01  0.895066E-01
  0.182983E+01  0.253475E+01  0.895764E-01
  0.183212E+01  0.237872E+01  0.897547E-01
  0.183440E+01  0.240459E+01  0.893267E-01
  0.183668E+01  0.239937E+01  0.902697E-01
  0.183897E+01  0.261721E+01  0.887125E-01
  0.184125E+01  0.261844E+01  0.892264E-01
  0.184353E+01  0.253984E+01  0.895025E-01
  0.184582E+01  0.264093E+01  0.897932E-01
  0.184810E+01  0.249112E+01  0.898365E-01
  0.185038E+01  0.241249E+01  0.898128E-01
  0.185267E+01  0.236615E+01  0.893991E-01
  0.185495E+01  0.234047E+01  0.894162E-01
  0.185723E+01  0.212599E+01  0.886519E-01
  0.185951E+01  0.221909E+01  0.892832E-01
  0.186180E+01  0.236006E+01  0.895877E-01
  0.186408E+01  0.231547E+01  0.896344E-01
  0.186636E+01  0.232885E+01  0.892633E-01
  0.186865E+01  0.236617E+01  0.893613E-01
  0.187093E+01  0.237588E+01  0.900016E-01
  0.187321E+01  0.234095E+01  0.894173E-01
  0.187550E+01  0.234167E+01  0.892327E-01
  0.187778E+01  0.228264E+01  0.898729E-01
  0.188006E+01  0.237227E+01  0.895469E-01
  0.188235E+01  0.219568E+01  0.888765E-01
  0.188463E+01  0.220574E+01  0.895811E-01
  0.188691E+01  0.225456E+01  0.898743E-01
  0.188919E+01  0.244295E+01  0.897781E-01
  0.189148E+01  0.234926E+01  0.894423E-01
  0.189376E+01  0.236789E+01  0.895100E-01
  0.189604E+01  0.220970E+01  0.888885E-01
  0.189833E+01  0.208270E+01  0.889966E-01
  0.190061E+01  0.234927E+01  0.896803E-01
  0.190289E+01  0.218306E+01  0.893015E-01
  0.190518E+01  0.198663E+01  0.888476E-01
  0.190746E+01  0.213077E+01  0.897466E-01
  0.190974E+01  0.227685E+01  0.887282E-01
  0.191203E+01  0.209880E+01  0.893898E-01
  0.191431E+01  0.204916E+01  0.888436E-01
  0.191659E+01  0.223647E+01  0.893214E-01
  0.191888E+01  0.226441E+01  0.901834E-01
  0.192116E+01  0.217365E+01  0.898440E-01
  0.192344E+01  0.224888E+01  0.893653E-01
  0.192572E+01  0.232274E+01  0.890489E-01
  0.192801E+01  0.222684E+01  0.895858E-01
  0.193029E+01  0.217456E+01  0.892931E-01
  0.193257E+01  0.219320E+01  0.888860E-01
  0.193486E+01  0.218711E+01  0.898846E-01
  0.193714E+01  0.212753E+01  0.892617E-01
  0.193942E+01  0.183947E+01  0.888522E-01
  0.194171E+01  0.224094E+01  0.892885E-01
  0.194399E+01  0.201463E+01  0.889647E-01
  0.194627E+01  0.211395E+01  0.898934E-01
  0.194856E+01  0.213896E+01  0.891758E-01
  0.195084E+01  0.186357E+01  0.887209E-01
  0.195312E+01  0.199307E+01  0.891455E-01
  0.195540E+01  0.229006E+01  0.888398E-01
  0.195769E+01  0.240233E+01  0.895944E-01
  0.195997E+01  0.237653E+01  0.898758E-01
  0.196225E+01  0.236173E+01  0.896457E-01
  0.196454E+01  0.210875E+01  0.895089E-01
  0.196682E+01  0.210057E+01  0.893589E-01
  0.196910E+01  0.202507E+01  0.889486E-01
  0.197139E+01  0.193475E+01  0.888233E-01
  0.197367E+01  0.207105E+01  0.893430E-01
  0.197595E+01  0.210902E+01  0.898819E-01
  0.197824E+01  0.214737E+01  0.896564E-01
  0.198052E+01  0.231580E+01  0.895809E-01
  0.198280E+01  0.221646E+01  0.890398E-01
  0.198509E+01  0.217167E+01  0.897752E-01
  0.198737E+01  0.223107E+01  0.892742E-01
  0.198965E+01  0.211331E+01  0.894213E-01
  0.199193E+01  0.213802E+01  0.895560E-01
  0.199422E+01  0.193456E+01  0.889471E-01
  0.199650E+01  0.195193E+01  0.894678E-01
  0.199878E+01  0.207447E+01  0.896103E-01
  0.200107E+01  0.213004E+01  0.897732E-01
  0.200335E+01  0.208867E+01  0.895588E-01
  0.200563E+01  0.220675E+01  0.884211E-01
  0.200792E+01  0.209935E+01  0.893401E-01
  0.201020E+01  0.204198E+01  0.892162E-01
  0.201248E+01  0.232493E+01  0.889541E-01
  0.201477E+01  0.204254E+01  0.899877E-01
  0.201705E+01  0.199770E+01  0.891708E-01
  0.201933E+01  0.195944E+01  0.893100E-01
  0.202161E+01  0.196477E+01  0.891658E-01
  0.202390E+01  0.212186E+01  0.887918E-01
  0.202618E+01  0.187236E+01  0.892369E-01
  0.202846E+01  0.178415E+01  0.894712E-01
  0.203075E+01  0.191067E+01  0.891240E-01
  0.203303E+01  0.190117E+01  0.897195E-01
  0.203531E+01  0.193680E+01  0.890657E-01
  0.203760E+01  0.205062E+01  0.898400E-01
  0.203988E+01  0.204420E+01  0.892305E-01
  0.204216E+01  0.194006E+01  0.892784E-01
  0.204445E+01  0.196531E+01  0.892330E-01
  0.204673E+01  0.189356E+01  0.892668E-01
  0.204901E+01  0.203284E+01  0.895870E-01
  0.205130E+01  0.206343E+01  0.898014E-01
  0.205358E+01  0.199635E+01  0.896984E-01
  0.205586E+01  0.231068E+01  0.894181E-01
  0.205814E+01  0.206909E+01  0.898870E-01
  0.206043E+01  0.179337E+01  0.912244E-01
  0.206271E+01  0.196436E+01  0.931289E-01
  0.206499E+01  0.206989E+01  0.936276E-01
  0.206728E+01  0.176257E+01  0.939074E-01
  0.206956E+01  0.194867E+01  0.937866E-01
  0.207184E+01  0.163575E+01  0.946173E-01
  0.207413E+01  0.221799E+01  0.957649E-01
  0.207641E+01  0.214801E+01  0.953601E-01
  0.207869E+01  0.174800E+01  0.951716E-01
  0.208098E+01  0.189757E+01  0.960759E-01
  0.208326E+01  0.183212E+01  0.958520E-01
  0.208554E+01  0.214202E+01  0.962825E-01
  0.208782E+01  0.207819E+01  0.974074E-01
  0.209011E+01  0.190075E+01  0.976650E-01
  0.209239E+01  0.174963E+01  0.976410E-01
  0.209467E+01  0.178898E+01  0.979652E-01
  0.209696E+01  0.182017E+01  0.976294E-01
  0.209924E+01  0.193526E+01  0.985323E-01
  0.210152E+01  0.201377E+01  0.989722E-01
  0.210381E+01  0.187931E+01  0.989185E-01
  0.210609E+01  0.204656E+01  0.100171E+00
  0.210837E+01  0.190774E+01  0.998982E-01
  0.211066E+01  0.186543E+01  0.993698E-01
  0.211294E+01  0.196254E+01  0.100195E+00
  0.211522E+01  0.203042E+01  0.101215E+00
  0.211751E+01  0.211335E+01  0.100538E+00
  0.211979E+01  0.210831E+01  0.100860E+00
  0.212207E+01  0.200175E+01  0.101617E+00
  0.212435E+01  0.185820E+01  0.101413E+00
  0.212664E+01  0.210005E+01  0.102355E+00
  0.212892E+01  0.181309E+01  0.102333E+00
  0.213120E+01  0.190398E+01  0.102813E+00
  0.213349E+01  0.180598E+01  0.102495E+00
  0.213577E+01  0.176068E+01  0.101858E+00
  0.213805E+01  0.187426E+01  0.103257E+00
  0.214034E+01  0.190205E+01  0.104167E+00
  0.214262E+01  0.182065E+01  0.103406E+00
  0.214490E+01  0.173337E+01  0.104317E+00
  0.214719E+01  0.187698E+01  0.104711E+00
  0.214947E+01  0.199378E+01  0.104863E+00
  0.215175E+01  0.166690E+01  0.105671E+00
  0.215404E+01  0.170168E+01  0.104361E+00
  0.215632E+01  0.167875E+01  0.105279E+00
  0.215860E+01  0.182484E+01  0.105102E+00
  0.216088E+01  0.188573E+01  0.105997E+00
  0.216317E+01  0.198952E+01  0.106176E+00
  0.216545E+01  0.187068E+01  0.106332E+00
  0.216773E+01  0.213232E+01  0.106709E+00
  0.217002E+01  0.189448E+01  0.106297E+00
  0.217230E+01  0.193678E+01  0.107161E+00
  0.217458E+01  0.166817E+01  0.106580E+00
  0.217687E+01  0.177738E+01  0.106246E+00
  0.217915E+01  0.181149E+01  0.107494E+00
  0.218143E+01  0.184699E+01  0.107586E+00
  0.218372E+01  0.152981E+01  0.107183E+00
  0.218600E+01  0.168443E+01  0.107735E+00
  0.218828E+01  0.154879E+01  0.107643E+00
  0.219056E+01  0.197657E+01  0.107150E+00
  0.219285E+01  0.203730E+01  0.107533E+00
  0.219513E+01  0.201846E+01  0.107798E+00
  0.219741E+01  0.174098E+01  0.108214E+00
  0.219970E+01  0.174586E+01  0.107445E+00
  0.220198E+01  0.174090E+01  0.108246E+00
  0.220426E+01  0.195610E+01  0.108692E+00
  0.220655E+01  0.180032E+01  0.108726E+00
  0.220883E+01  0.177130E+01  0.108459E+00
  0.221111E+01  0.165035E+01  0.107754E+00
  0.221340E+01  0.148212E+01  0.108267E+00
  0.221568E+01  0.172154E+01  0.109073E+00
  0.221796E+01  0.172148E+01  0.109093E+00
  0.222025E+01  0.129023E+01  0.108624E+00
  0.222253E+01  0.172710E+01  0.108603E+00
  0.222481E+01  0.153731E+01  0.108983E+00
  0.222709E+01  0.147172E+01  0.107992E+00
  0.222938E+01  0.169404E+01  0.108899E+00
  0.223166E+01  0.198484E+01  0.109046E+00
  0.223394E+01  0.185910E+01  0.108887E+00
  0.223623E+01  0.193562E+01  0.109536E+00
  0.223851E+01  0.189694E+01  0.109734E+00
  0.224079E+01  0.163528E+01  0.109760E+00
  0.224308E+01  0.181114E+01  0.109266E+00
  0.224536E+01  0.178046E+01  0.109930E+00
  0.224764E+01  0.173470E+01  0.109339E+00
  0.224993E+01  0.187299E+01  0.110349E+00
  0.225221E+01  0.199157E+01  0.110384E+00
  0.225449E+01  0.228614E+01  0.111448E+00
  0.225677E+01  0.208612E+01  0.110283E+00
  0.225906E+01  0.176533E+01  0.110109E+00
  0.226134E+01  0.175683E+01  0.110447E+00
  0.226362E+01  0.185848E+01  0.109986E+00
  0.226591E+01  0.161005E+01  0.109600E+00
  0.226819E+01  0.184241E+01  0.110516E+00
  0.227047E+01  0.173375E+01  0.110145E+00
  0.227276E+01  0.160711E+01  0.109512E+00
  0.227504E+01  0.179301E+01  0.110750E+00
  0.227732E+01  0.179611E+01  0.110900E+00
  0.227961E+01  0.188652E+01  0.110866E+00
  0.228189E+01  0.201637E+01  0.110635E+00
  0.228417E+01  0.152062E+01  0.109768E+00
  0.228646E+01  0.177579E+01  0.110708E+00
  0.228874E+01  0.172726E+01  0.110849E+00
  0.229102E+01  0.155293E+01  0.109906E+00
  0.229330E+01  0.177938E+01  0.111065E+00
  0.229559E+01  0.187504E+01  0.110828E+00
  0.229787E+01  0.183060E+01  0.111091E+00
  0.230015E+01  0.202140E+01  0.110949E+00
  0.230244E+01  0.182879E+01  0.110455E+00
  0.230472E+01  0.209232E+01  0.110695E+00
  0.230700E+01  0.204557E+01  0.110405E+00
  0.230929E+01  0.170653E+01  0.109995E+00
  0.231157E+01  0.177757E+01  0.110466E+00
  0.231385E+01  0.170438E+01  0.109213E+00
  0.231614E+01  0.166707E+01  0.109313E+00
  0.231842E+01  0.172716E+01  0.109121E+00
  0.232070E+01  0.192674E+01  0.109221E+00
  0.232298E+01  0.173544E+01  0.108827E+00
  0.232527E+01  0.183993E+01  0.109090E+00
  0.232755E+01  0.204243E+01  0.109572E+00
  0.232983E+01  0.177163E+01  0.108832E+00
  0.233212E+01  0.188067E+01  0.109251E+00
  0.233440E+01  0.165643E+01  0.108925E+00
  0.233668E+01  0.161968E+01  0.108747E+00
  0.233897E+01  0.155323E+01  0.108472E+00
  0.234125E+01  0.167360E+01  0.108046E+00
  0.234353E+01  0.139242E+01  0.107809E+00
  0.234582E+01  0.179556E+01  0.108490E+00
  0.234810E+01  0.141847E+01  0.107834E+00
  0.235038E+01  0.178049E+01  0.108260E+00
  0.235267E+01  0.169000E+01  0.108247E+00
  0.235495E+01  0.141602E+01  0.107688E+00
  0.235723E+01  0.154142E+01  0.107264E+00
  0.235951E+01  0.143219E+01  0.107547E+00
  0.236180E+01  0.165860E+01  0.107121E+00
  0.236408E+01  0.157560E+01  0.106959E+00
  0.236636E+01  0.163956E+01  0.107225E+00
  0.236865E+01  0.173542E+01  0.108100E+00
  0.237093E+01  0.150514E+01  0.106840E+00
  0.237321E+01  0.159563E+01  0.107564E+00
  0.237550E+01  0.143778E+01  0.106153E+00
  0.237778E+01  0.127832E+01  0.105831E+00
  0.238006E+01  0.176196E+01  0.106993E+00
  0.238235E+01  0.169984E+01  0.107363E+00
  0.238463E+01  0.177885E+01  0.107196E+00
  0.238691E+01  0.162665E+01  0.106438E+00
  0.238919E+01  0.135404E+01  0.106741E+00
  0.239148E+01  0.153025E+01  0.106937E+00
  0.239376E+01  0.140359E+01  0.106268E+00
  0.239604E+01  0.156162E+01  0.106176E+00
  0.239833E+01  0.143057E+01  0.105091E+00
  0.240061E+01  0.143795E+01  0.105964E+00
  0.240289E+01  0.171378E+01  0.106225E+00
  0.240518E+01  0.164579E+01  0.105678E+00
  0.240746E+01  0.153570E+01  0.105378E+00
  0.240974E+01  0.156406E+01  0.104406E+00
  0.241203E+01  0.135902E+01  0.103798E+00
  0.241431E+01  0.160493E+01  0.103371E+00
  0.241659E+01  0.176351E+01  0.103731E+00
  0.241888E+01  0.171053E+01  0.103343E+00
  0.242116E+01  0.161996E+01  0.102974E+00
  0.242344E+01  0.151386E+01  0.102548E+00
  0.242572E+01  0.136420E+01  0.101628E+00
  0.242801E+01  0.147507E+01  0.101778E+00
  0.243029E+01  0.145253E+01  0.101512E+00
  0.243257E+01  0.136704E+01  0.100310E+00
  0.243486E+01  0.139856E+01  0.100500E+00
  0.243714E+01  0.156588E+01  0.100106E+00
  0.243942E+01  0.149600E+01  0.999538E-01
  0.244171E+01  0.156826E+01  0.100215E+00
  0.244399E+01  0.167644E+01  0.994879E-01
  0.244627E+01  0.172383E+01  0.997271E-01
  0.244856E+01  0.146954E+01  0.989637E-01
  0.245084E+01  0.160577E+01  0.975927E-01
  0.245312E+01  0.139164E+01  0.979906E-01
  0.245540E+01  0.109773E+01  0.972760E-01
  0.245769E+01  0.126660E+01  0.976880E-01
  0.245997E+01  0.141416E+01  0.970239E-01
  0.246225E+01  0.153562E+01  0.974300E-01
  0.246454E+01  0.155252E+01  0.966007E-01
  0.246682E+01  0.127959E+01  0.966116E-01
  0.246910E+01  0.150844E+01  0.961517E-01
  0.247139E+01  0.139444E+01  0.956885E-01
  0.247367E+01  0.160779E+01  0.941536E-01
  0.247595E+01  0.140323E+01  0.910289E-01
  0.247824E+01  0.148140E+01  0.888794E-01
  0.248052E+01  0.160849E+01  0.890211E-01
  0.248280E+01  0.152720E+01  0.887080E-01
  0.248509E+01  0.161677E+01  0.892917E-01
  0.248737E+01  0.159914E+01  0.886463E-01
  0.248965E+01  0.137142E+01  0.888970E-01
  0.249193E+01  0.154090E+01  0.891547E-01
  0.249422E+01  0.143872E+01  0.891950E-01
  0.249650E+01  0.168647E+01  0.891461E-01
  0.249878E+01  0.149570E+01  0.893842E-01
  0.250107E+01  0.153038E+01  0.893507E-01
  0.250335E+01  0.147494E+01  0.889312E-01
  0.250563E+01  0.154580E+01  0.890613E-01
  0.250792E+01  0.157838E+01  0.891005E-01
  0.251020E+01  0.124823E+01  0.892611E-01
  0.251248E+01  0.141552E+01  0.883559E-01
  0.251477E+01  0.155144E+01  0.892227E-01
  0.251705E+01  0.153238E+01  0.891100E-01
  0.251933E+01  0.154086E+01  0.892621E-01
  0.252161E+01  0.182598E+01  0.896409E-01
  0.252390E+01  0.169627E+01  0.885378E-01
  0.252618E+01  0.193452E+01  0.889801E-01
  0.252846E+01  0.184923E+01  0.889754E-01
  0.253075E+01  0.165291E+01  0.891533E-01
  0.253303E+01  0.141831E+01  0.894811E-01
  0.253531E+01  0.169749E+01  0.890603E-01
  0.253760E+01  0.175041E+01  0.890711E-01
  0.253988E+01  0.163798E+01  0.894343E-01
  0.254216E+01  0.175128E+01  0.894560E-01
  0.254445E+01  0.156667E+01  0.888421E-01
  0.254673E+01  0.151101E+01  0.894071E-01
  0.254901E+01  0.178162E+01  0.888584E-01
  0.255130E+01  0.176026E+01  0.895203E-01
  0.255358E+01  0.162690E+01  0.892263E-01
  0.255586E+01  0.154053E+01  0.890262E-01
  0.255814E+01  0.154778E+01  0.889839E-01
  0.256043E+01  0.161183E+01  0.890824E-01
  0.256271E+01  0.160444E+01  0.883966E-01
  0.256499E+01  0.149719E+01  0.887933E-01
  0.256728E+01  0.145807E+01  0.890013E-01
  0.256956E+01  0.150609E+01  0.896333E-01
  0.257184E+01  0.169884E+01  0.889106E-01
  0.257413E+01  0.157383E+01  0.891685E-01
  0.257641E+01  0.157178E+01  0.892678E-01
  0.257869E+01  0.176786E+01  0.891688E-01
  0.258098E+01  0.188494E+01  0.895454E-01
  0.258326E+01  0.160751E+01  0.893780E-01
  0.258554E+01  0.157744E+01  0.888052E-01
  0.258782E+01  0.149164E+01  0.891086E-01
  0.259011E+01  0.145310E+01  0.891079E-01
  0.259239E+01  0.147894E+01  0.890504E-01
  0.259467E+01  0.150749E+01  0.886724E-01
  0.259696E+01  0.148120E+01  0.888438E-01
  0.259924E+01  0.159638E+01  0.890371E-01
  0.260152E+01  0.175641E+01  0.888554E-01
  0.260381E+01  0.166509E+01  0.893109E-01
  0.260609E+01  0.144084E+01  0.887219E-01
  0.260837E+01  0.151335E+01  0.892896E-01
  0.261066E+01  0.171144E+01  0.895573E-01
  0.261294E+01  0.151981E+01  0.886520E-01
  0.261522E+01  0.146253E+01  0.892110E-01
  0.261751E+01  0.149509E+01  0.882714E-01
  0.261979E+01  0.166251E+01  0.889289E-01
  0.262207E+01  0.155301E+01  0.893465E-01
  0.262435E+01  0.147130E+01  0.891876E-01
  0.262664E+01  0.144943E+01  0.888511E-01
  0.262892E+01  0.151477E+01  0.890984E-01
  0.263120E+01  0.166981E+01  0.892720E-01
  0.263349E+01  0.164511E+01  0.893033E-01
  0.263577E+01  0.152199E+01  0.893175E-01
  0.263805E+01  0.151452E+01  0.890707E-01
  0.264034E+01  0.141719E+01  0.889440E-01
  0.264262E+01  0.150307E+01  0.895487E-01
  0.264490E+01  0.156428E+01  0.886789E-01
  0.264719E+01  0.170551E+01  0.892371E-01
  0.264947E+01  0.160609E+01  0.892720E-01
  0.265175E+01  0.157656E+01  0.891497E-01
  0.265403E+01  0.151977E+01  0.890074E-01
  0.265632E+01  0.164979E+01  0.894316E-01
  0.265860E+01  0.164794E+01  0.892386E-01
  0.266088E+01  0.163477E+01  0.892677E-01
  0.266317E+01  0.160622E+01  0.890383E-01
  0.266545E+01  0.152814E+01  0.891795E-01
  0.266773E+01  0.158586E+01  0.888772E-01
  0.267002E+01  0.167830E+01  0.894824E-01
  0.267230E+01  0.155131E+01  0.892354E-01
  0.267458E+01  0.151153E+01  0.889683E-01
  0.267687E+01  0.149983E+01  0.891631E-01
  0.267915E+01  0.149973E+01  0.886346E-01
  0.268143E+01  0.164673E+01  0.895134E-01
  0.268372E+01  0.150119E+01  0.893937E-01
  0.268600E+01  0.145583E+01  0.889675E-01
  0.268828E+01  0.147925E+01  0.886600E-01
  0.269056E+01  0.165643E+01  0.892285E-01
  0.269285E+01  0.159473E+01  0.893920E-01
  0.269513E+01  0.141765E+01  0.893539E-01
  0.269741E+01  0.141914E+01  0.894389E-01
  0.269970E+01  0.168030E+01  0.892359E-01
  0.270198E+01  0.149916E+01  0.889664E-01
  0.270426E+01  0.115540E+01  0.888203E-01
  0.270655E+01  0.159307E+01  0.892904E-01
  0.270883E+01  0.169085E+01  0.889776E-01
  0.271111E+01  0.169249E+01  0.890854E-01
  0.271340E+01  0.169575E+01  0.896041E-01
  0.271568E+01  0.139070E+01  0.889077E-01
  0.271796E+01  0.130285E+01  0.887317E-01
  0.272024E+01  0.143368E+01  0.890398E-01
  0.272253E+01  0.143206E+01  0.891862E-01
  0.272481E+01  0.147985E+01  0.889756E-01
  0.272709E+01  0.162846E+01  0.892696E-01
  0.272938E+01  0.164110E+01  0.892494E-01
  0.273166E+01  0.163538E+01  0.885673E-01
  0.273394E+01  0.161854E+01  0.892155E-01
  0.273623E+01  0.149456E+01  0.891759E-01
  0.273851E+01  0.135256E+01  0.890108E-01
  0.274079E+01  0.161544E+01  0.884905E-01
  0.274308E+01  0.133419E+01  0.889661E-01
  0.274536E+01  0.155284E+01  0.895756E-01
  0.274764E+01  0.159173E+01  0.898182E-01
  0.274993E+01  0.158377E+01  0.895574E-01
  0.275221E+01  0.167277E+01  0.889918E-01
  0.275449E+01  0.157559E+01  0.892582E-01
  0.275677E+01  0.160505E+01  0.890301E-01
  0.275906E+01  0.155527E+01  0.892029E-01
  0.276134E+01  0.153656E+01  0.893253E-01
  0.276362E+01  0.170794E+01  0.896009E-01
  0.276591E+01  0.170826E+01  0.889672E-01
  0.276819E+01  0.173625E+01  0.894895E-01
  0.277047E+01  0.175284E+01  0.897898E-01
  0.277276E+01  0.155412E+01  0.890337E-01
  0.277504E+01  0.171254E+01  0.892971E-01
  0.277732E+01  0.167173E+01  0.887506E-01
  0.277961E+01  0.154346E+01  0.889945E-01
  0.278189E+01  0.141036E+01  0.888197E-01
  0.278417E+01  0.142932E+01  0.889459E-01
  0.278645E+01  0.190179E+01  0.890535E-01
  0.278874E+01  0.170296E+01  0.893244E-01
  0.279102E+01  0.156474E+01  0.892869E-01
  0.279330E+01  0.170206E+01  0.894940E-01
  0.279559E+01  0.158967E+01  0.894637E-01
  0.279787E+01  0.144491E+01  0.893750E-01
  0.280015E+01  0.147777E+01  0.894223E-01
  0.280244E+01  0.139352E+01  0.884944E-01
  0.280472E+01  0.146358E+01  0.886828E-01
  0.280700E+01  0.169785E+01  0.891816E-01
  0.280929E+01  0.137728E+01  0.892635E-01
  0.281157E+01  0.144186E+01  0.887997E-01
  0.281385E+01  0.164107E+01  0.891001E-01
  0.281614E+01  0.157607E+01  0.891840E-01
  0.281842E+01  0.157947E+01  0.891430E-01
  0.282070E+01  0.164820E+01  0.888137E-01
  0.282298E+01  0.158462E+01  0.894375E-01
  0.282527E+01  0.159160E+01  0.888431E-01
  0.282755E+01  0.163557E+01  0.887887E-01
  0.282983E+01  0.157265E+01  0.892254E-01
  0.283212E+01  0.139811E+01  0.890441E-01
  0.283440E+01  0.161554E+01  0.894188E-01
  0.283668E+01  0.152372E+01  0.889630E-01
  0.283897E+01  0.162484E+01  0.889600E-01
  0.284125E+01  0.147099E+01  0.890832E-01
  0.284353E+01  0.146163E+01  0.893676E-01
  0.284582E+01  0.153163E+01  0.891443E-01
  0.284810E+01  0.145825E+01  0.886721E-01
  0.285038E+01  0.150590E+01  0.890209E-01
  0.285266E+01  0.135843E+01  0.891554E-01
  0.285495E+01  0.132380E+01  0.886619E-01
  0.285723E+01  0.158323E+01  0.892793E-01
  0.285951E+01  0.134737E+01  0.889672E-01
  0.286180E+01  0.120744E+01  0.891311E-01
  0.286408E+01  0.125522E+01  0.891262E-01
  0.286636E+01  0.130007E+01  0.884835E-01
  0.286865E+01  0.147773E+01  0.889307E-01
  0.287093E+01  0.141716E+01  0.886582E-01
  0.287321E+01  0.166701E+01  0.886468E-01
  0.287550E+01  0.144601E+01  0.890448E-01
  0.287778E+01  0.155959E+01  0.892178E-01
  0.288006E+01  0.170427E+01  0.893675E-01
  0.288235E+01  0.165909E+01  0.892672E-01
  0.288463E+01  0.152094E+01  0.892006E-01
  0.288691E+01  0.160951E+01  0.893305E-01
  0.288919E+01  0.167223E+01  0.892473E-01
  0.289148E+01  0.158628E+01  0.890645E-01
  0.289376E+01  0.175988E+01  0.888711E-01
  0.289604E+01  0.169144E+01  0.893273E-01
  0.289833E+01  0.155538E+01  0.886805E-01
  0.290061E+01  0.139112E+01  0.889678E-01
  0.290289E+01  0.141523E+01  0.890756E-01
  0.290518E+01  0.167241E+01  0.892235E-01
  0.290746E+01  0.171794E+01  0.891740E-01
  0.290974E+01  0.163217E+01  0.894456E-01
  0.291203E+01  0.151854E+01  0.894068E-01
  0.291431E+01  0.155969E+01  0.890123E-01
  0.291659E+01  0.161981E+01  0.889921E-01
  0.291887E+01  0.143269E+01  0.886476E-01
  0.292116E+01  0.146012E+01  0.889089E-01
  0.292344E+01  0.144358E+01  0.886275E-01
  0.292572E+01  0.126241E+01  0.887370E-01
  0.292801E+01  0.144247E+01  0.889874E-01
  0.293029E+01  0.165263E+01  0.891003E-01
  0.293257E+01  0.159330E+01  0.889302E-01
  0.293486E+01  0.150144E+01  0.894044E-01
  0.293714E+01  0.171854E+01  0.893784E-01
  0.293942E+01  0.164741E+01  0.889771E-01
  0.294171E+01  0.153779E+01  0.885902E-01
  0.294399E+01  0.143291E+01  0.890032E-01
  0.294627E+01  0.121233E+01  0.886332E-01
  0.294856E+01  0.137740E+01  0.889471E-01
  0.295084E+01  0.128416E+01  0.885566E-01
  0.295312E+01  0.134065E+01  0.887660E-01
  0.295540E+01  0.136179E+01  0.890577E-01
  0.295769E+01  0.147669E+01  0.889377E-01
  0.295997E+01  0.158005E+01  0.888244E-01
  0.296225E+01  0.158556E+01  0.891006E-01
  0.296454E+01  0.134206E+01  0.891172E-01
  0.296682E+01  0.145870E+01  0.885704E-01
  0.296910E+01  0.145820E+01  0.890580E-01
  0.297139E+01  0.145386E+01  0.892884E-01
  0.297367E+01  0.135001E+01  0.887658E-01
  0.297595E+01  0.140532E+01  0.886307E-01
  0.297824E+01  0.148395E+01  0.889288E-01
  0.298052E+01  0.142733E+01  0.889008E-01
  0.298280E+01  0.141985E+01  0.893426E-01
  0.298508E+01  0.133398E+01  0.890059E-01
  0.298737E+01  0.143678E+01  0.891084E-01
  0.298965E+01  0.145441E+01  0.890630E-01
  0.299193E+01  0.134690E+01  0.889492E-01
  0.299422E+01  0.118569E+01  0.890702E-01
  0.299650E+01  0.149377E+01  0.892141E-01
  0.299878E+01  0.165099E+01  0.886371E-01
  0.300107E+01  0.161452E+01  0.890547E-01
  0.300335E+01  0.150012E+01  0.886987E-01
  0.300563E+01  0.152612E+01  0.885993E-01
  0.300792E+01  0.150830E+01  0.888292E-01
  0.301020E+01  0.133288E+01  0.884721E-01
  0.301248E+01  0.150415E+01  0.888411E-01
  0.301477E+01  0.128780E+01  0.885716E-01
  0.301705E+01  0.161340E+01  0.887649E-01
  0.301933E+01  0.157285E+01  0.886129E-01
  0.302161E+01  0.156902E+01  0.888579E-01
  0.302390E+01  0.134923E+01  0.888828E-01
  0.302618E+01  0.148526E+01  0.888809E-01
  0.302846E+01  0.123936E+01  0.885424E-01
  0.303075E+01  0.124305E+01  0.882220E-01
  0.303303E+01  0.118965E+01  0.880077E-01
  0.303531E+01  0.130106E+01  0.882528E-01
  0.303760E+01  0.145123E+01  0.885220E-01
  0.303988E+01  0.146740E+01  0.889486E-01
  0.304216E+01  0.162885E+01  0.889835E-01
  0.304445E+01  0.149975E+01  0.883340E-01
  0.304673E+01  0.148140E+01  0.889652E-01
  0.304901E+01  0.174580E+01  0.892330E-01
  0.305129E+01  0.121967E+01  0.890280E-01
  0.305358E+01  0.149833E+01  0.890476E-01
  0.305586E+01  0.152172E+01  0.885438E-01
  0.305814E+01  0.175743E+01  0.889505E-01
  0.306043E+01  0.167660E+01  0.889440E-01
  0.306271E+01  0.157177E+01  0.885630E-01
  0.306499E+01  0.143059E+01  0.883477E-01
  0.306728E+01  0.141893E+01  0.888119E-01
  0.306956E+01  0.155711E+01  0.888865E-01
  0.307184E+01  0.168752E+01  0.891344E-01
  0.307413E+01  0.139388E+01  0.888906E-01
  0.307641E+01  0.148884E+01  0.888085E-01
  0.307869E+01  0.148607E+01  0.883773E-01
  0.308098E+01  0.153314E+01  0.886990E-01
  0.308326E+01  0.165530E+01  0.889387E-01
  0.308554E+01  0.169768E+01  0.889421E-01
  0.308782E+01  0.129478E+01  0.883222E-01
  0.309011E+01  0.126002E+01  0.881012E-01
  0.309239E+01  0.118777E+01  0.887992E-01
  0.309467E+01  0.138340E+01  0.886622E-01
  0.309696E+01  0.160121E+01  0.885093E-01
  0.309924E+01  0.160826E+01  0.891201E-01
  0.310152E+01  0.140058E+01  0.885627E-01
  0.310381E+01  0.131906E+01  0.886544E-01
  0.310609E+01  0.147533E+01  0.883893E-01
  0.310837E+01  0.156179E+01  0.886439E-01
  0.311066E+01  0.161078E+01  0.887691E-01
  0.311294E+01  0.170073E+01  0.886077E-01
  0.311522E+01  0.157670E+01  0.887177E-01
  0.311751E+01  0.158005E+01  0.884937E-01
  0.311979E+01  0.154977E+01  0.887051E-01
  0.312207E+01  0.134533E+01  0.885976E-01
  0.312435E+01  0.122367E+01  0.883225E-01
  0.312664E+01  0.131220E+01  0.887557E-01
  0.312892E+01  0.127920E+01  0.884251E-01
  0.313120E+01  0.124515E+01  0.886696E-01
  0.313349E+01  0.129825E+01  0.887417E-01
  0.313577E+01  0.126851E+01  0.885892E-01
  0.313805E+01  0.120367E+01  0.882027E-01
  0.314034E+01  0.118568E+01  0.885752E-01
  0.314262E+01  0.141443E+01  0.881540E-01
  0.314490E+01  0.145912E+01  0.883741E-01
  0.314719E+01  0.154054E+01  0.887331E-01
  0.314947E+01  0.150646E+01  0.885355E-01
  0.315175E+01  0.145198E+01  0.889277E-01
  0.315403E+01  0.169869E+01  0.889045E-01
  0.315632E+01  0.155548E+01  0.886858E-01
  0.315860E+01  0.146184E+01  0.884364E-01
  0.316088E+01  0.131974E+01  0.883209E-01
  0.316317E+01  0.115679E+01  0.886316E-01
  0.316545E+01  0.125967E+01  0.884289E-01
  0.316773E+01  0.142554E+01  0.887819E-01
  0.317002E+01  0.134040E+01  0.884575E-01
  0.317230E+01  0.148162E+01  0.886942E-01
  0.317458E+01  0.154628E+01  0.884796E-01
  0.317687E+01  0.146472E+01  0.887333E-01
  0.317915E+01  0.151909E+01  0.888067E-01
  0.318143E+01  0.147012E+01  0.890899E-01
  0.318372E+01  0.134821E+01  0.881904E-01
  0.318600E+01  0.129281E+01  0.888780E-01
  0.318828E+01  0.142089E+01  0.886441E-01
  0.319056E+01  0.139541E+01  0.882125E-01
  0.319285E+01  0.139965E+01  0.887353E-01
  0.319513E+01  0.110116E+01  0.884176E-01
  0.319741E+01  0.134179E+01  0.884644E-01
  0.319970E+01  0.157512E+01  0.885514E-01
  0.320198E+01  0.159701E+01  0.885103E-01
  0.320426E+01  0.141978E+01  0.888752E-01
  0.320655E+01  0.146180E+01  0.888026E-01
  0.320883E+01  0.148572E+01  0.888209E-01
  0.321111E+01  0.142463E+01  0.890247E-01
  0.321340E+01  0.156690E+01  0.887827E-01
  0.321568E+01  0.159951E+01  0.889039E-01
  0.321796E+01  0.142305E+01  0.886724E-01
  0.322024E+01  0.155043E+01  0.886064E-01
  0.322253E+01  0.171469E+01  0.888131E-01
  0.322481E+01  0.180532E+01  0.888101E-01
  0.322709E+01  0.152730E+01  0.889606E-01
  0.322938E+01  0.141331E+01  0.884260E-01
  0.323166E+01  0.138962E+01  0.884961E-01
  0.323394E+01  0.133621E+01  0.885608E-01
  0.323623E+01  0.123658E+01  0.887950E-01
  0.323851E+01  0.137249E+01  0.887936E-01
  0.324079E+01  0.134477E+01  0.887814E-01
  0.324308E+01  0.149030E+01  0.887806E-01
  0.324536E+01  0.123549E+01  0.886053E-01
  0.324764E+01  0.123147E+01  0.885254E-01
  0.324993E+01  0.125043E+01  0.885252E-01
  0.325221E+01  0.133662E+01  0.882736E-01
  0.325449E+01  0.141244E+01  0.879794E-01
  0.325677E+01  0.140746E+01  0.886511E-01
  0.325906E+01  0.131198E+01  0.882437E-01
  0.326134E+01  0.139123E+01  0.882343E-01
  0.326362E+01  0.153916E+01  0.885934E-01
  0.326591E+01  0.137695E+01  0.886319E-01
  0.326819E+01  0.158123E+01  0.883952E-01
  0.327047E+01  0.133673E+01  0.887581E-01
  0.327276E+01  0.151859E+01  0.886950E-01
  0.327504E+01  0.146756E+01  0.886722E-01
  0.327732E+01  0.156720E+01  0.884853E-01
  0.327961E+01  0.151457E+01  0.886997E-01
  0.328189E+01  0.155758E+01  0.884316E-01
  0.328417E+01  0.146296E+01  0.886102E-01
  0.328645E+01  0.131062E+01  0.883822E-01
  0.328874E+01  0.163863E+01  0.884586E-01
  0.329102E+01  0.178763E+01  0.884634E-01
  0.329330E+01  0.164795E+01  0.889360E-01
  0.329559E+01  0.156074E+01  0.888539E-01
  0.329787E+01  0.134773E+01  0.887023E-01
  0.330015E+01  0.127679E+01  0.885869E-01
  0.330244E+01  0.134089E+01  0.881645E-01
  0.330472E+01  0.153727E+01  0.888788E-01
  0.330700E+01  0.158968E+01  0.886540E-01
  0.330929E+01  0.138465E+01  0.884291E-01
  0.331157E+01  0.162075E+01  0.890634E-01
  0.331385E+01  0.141158E+01  0.889333E-01
  0.331614E+01  0.132327E+01  0.884790E-01
  0.331842E+01  0.147683E+01  0.885339E-01
  0.332070E+01  0.125201E+01  0.884150E-01
  0.332298E+01  0.142422E+01  0.882650E-01
  0.332527E+01  0.163505E+01  0.887916E-01
  0.332755E+01  0.143325E+01  0.886958E-01
  0.332983E+01  0.123996E+01  0.886231E-01
  0.333212E+01  0.126105E+01  0.888056E-01
  0.333440E+01  0.130321E+01  0.886106E-01
  0.333668E+01  0.158883E+01  0.886325E-01
  0.333897E+01  0.157930E+01  0.889844E-01
  0.334125E+01  0.165985E+01  0.887798E-01
  0.334353E+01  0.147337E+01  0.886508E-01
  0.334582E+01  0.150712E+01  0.889088E-01
  0.334810E+01  0.141589E+01  0.882366E-01
  0.335038E+01  0.148563E+01  0.884975E-01
  0.335266E+01  0.142473E+01  0.886238E-01
  0.335495E+01  0.122759E+01  0.882920E-01
  0.335723E+01  0.123105E+01  0.883785E-01
  0.335951E+01  0.136511E+01  0.887125E-01
  0.336180E+01  0.132953E+01  0.886812E-01
  0.336408E+01  0.137583E+01  0.880702E-01
  0.336636E+01  0.130242E+01  0.882259E-01
  0.336865E+01  0.130060E+01  0.888055E-01
  0.337093E+01  0.157485E+01  0.887581E-01
  0.337321E+01  0.154907E+01  0.884529E-01
  0.337550E+01  0.102735E+01  0.888182E-01
  0.337778E+01  0.110367E+01  0.883905E-01
  0.338006E+01  0.122165E+01  0.884864E-01
  0.338235E+01  0.126537E+01  0.884890E-01
  0.338463E+01  0.137617E+01  0.886298E-01
  0.338691E+01  0.125789E+01  0.883374E-01
  0.338919E+01  0.105958E+01  0.883416E-01
  0.339148E+01  0.119425E+01  0.884257E-01
  0.339376E+01  0.149068E+01  0.889091E-01
  0.339604E+01  0.140374E+01  0.888841E-01
  0.339833E+01  0.130585E+01  0.888878E-01
  0.340061E+01  0.131525E+01  0.883888E-01
  0.340289E+01  0.138389E+01  0.888275E-01
  0.340518E+01  0.145064E+01  0.887699E-01
  0.340746E+01  0.124953E+01  0.884757E-01
  0.340974E+01  0.130905E+01  0.887815E-01
  0.341203E+01  0.135731E+01  0.888687E-01
  0.341431E+01  0.125542E+01  0.888617E-01
  0.341659E+01  0.133305E+01  0.886354E-01
  0.341887E+01  0.160211E+01  0.887217E-01
  0.342116E+01  0.153619E+01  0.887198E-01
  0.342344E+01  0.147759E+01  0.885744E-01
  0.342572E+01  0.121853E+01  0.884634E-01
  0.342801E+01  0.140311E+01  0.886574E-01
  0.343029E+01  0.157174E+01  0.888355E-01
  0.343257E+01  0.156836E+01  0.892065E-01
  0.343486E+01  0.145589E+01  0.890480E-01
  0.343714E+01  0.126368E+01  0.883860E-01
  0.343942E+01  0.133451E+01  0.889395E-01
  0.344171E+01  0.159521E+01  0.888349E-01
  0.344399E+01  0.141728E+01  0.888090E-01
  0.344627E+01  0.151080E+01  0.886965E-01
  0.344856E+01  0.147030E+01  0.882166E-01
  0.345084E+01  0.143551E+01  0.889393E-01
  0.345312E+01  0.149272E+01  0.886756E-01
  0.345540E+01  0.162194E+01  0.888827E-01
  0.345769E+01  0.145972E+01  0.887786E-01
  0.345997E+01  0.144078E+01  0.890699E-01
  0.346225E+01  0.155498E+01  0.890169E-01
  0.346454E+01  0.167990E+01  0.892244E-01
  0.346682E+01  0.163595E+01  0.886583E-01
  0.346910E+01  0.134937E+01  0.888308E-01
  0.347139E+01  0.136951E+01  0.883979E-01
  0.347367E+01  0.150177E+01  0.884595E-01
  0.347595E+01  0.133906E+01  0.886211E-01
  0.347824E+01  0.134937E+01  0.887399E-01
  0.348052E+01  0.133653E+01  0.882325E-01
  0.348280E+01  0.144484E+01  0.885925E-01
  0.348508E+01  0.155686E+01  0.889597E-01
  0.348737E+01  0.129120E+01  0.888180E-01
  0.348965E+01  0.154528E+01  0.888590E-01
  0.349193E+01  0.133779E+01  0.887844E-01
  0.349422E+01  0.137027E+01  0.889641E-01
  0.349650E+01  0.139937E+01  0.889058E-01
  0.349878E+01  0.143609E+01  0.888644E-01
  0.350107E+01  0.141977E+01  0.885373E-01
  0.350335E+01  0.117398E+01  0.886213E-01
  0.350563E+01  0.134086E+01  0.888467E-01
  0.350792E+01  0.142379E+01  0.889029E-01
  0.351020E+01  0.141821E+01  0.887921E-01
  0.351248E+01  0.143906E+01  0.883522E-01
  0.351477E+01  0.139975E+01  0.884575E-01
  0.351705E+01  0.137533E+01  0.887852E-01
  0.351933E+01  0.118836E+01  0.885754E-01
  0.352161E+01  0.122952E+01  0.885953E-01
  0.352390E+01  0.127740E+01  0.886972E-01
  0.352618E+01  0.142221E+01  0.887896E-01
  0.352846E+01  0.119841E+01  0.885798E-01
  0.353075E+01  0.133481E+01  0.889196E-01
  0.353303E+01  0.124504E+01  0.883703E-01
  0.353531E+01  0.154846E+01  0.887810E-01
  0.353760E+01  0.148314E+01  0.887459E-01
  0.353988E+01  0.164973E+01  0.891583E-01
  0.354216E+01  0.147279E+01  0.888137E-01
  0.354445E+01  0.140586E+01  0.888043E-01
  0.354673E+01  0.158648E+01  0.881811E-01
  0.354901E+01  0.134083E+01  0.882802E-01
  0.355129E+01  0.129078E+01  0.890117E-01
  0.355358E+01  0.128622E+01  0.888637E-01
  0.355586E+01  0.984235E+00  0.883172E-01
  0.355814E+01  0.925630E+00  0.883450E-01
  0.356043E+01  0.132125E+01  0.882935E-01
  0.356271E+01  0.148790E+01  0.890548E-01
  0.356499E+01  0.163767E+01  0.892547E-01
  0.356728E+01  0.163009E+01  0.892714E-01
  0.356956E+01  0.129278E+01  0.887524E-01
  0.357184E+01  0.133625E+01  0.887801E-01
  0.357413E+01  0.141056E+01  0.892799E-01
  0.357641E+01  0.151036E+01  0.887504E-01
  0.357869E+01  0.158154E+01  0.891125E-01
  0.358098E+01  0.157994E+01  0.889949E-01
  0.358326E+01  0.165794E+01  0.891317E-01
  0.358554E+01  0.154207E+01  0.888044E-01
  0.358782E+01  0.140957E+01  0.888051E-01
  0.359011E+01  0.110811E+01  0.884962E-01
  0.359239E+01  0.125677E+01  0.888633E-01
  0.359467E+01  0.145189E+01  0.886612E-01
  0.359696E+01  0.159051E+01  0.891952E-01
  0.359924E+01  0.148526E+01  0.888361E-01
  0.360152E+01  0.150686E+01  0.884484E-01
  0.360381E+01  0.133164E+01  0.889769E-01
  0.360609E+01  0.134027E+01  0.891471E-01
  0.360837E+01  0.127567E+01  0.886337E-01
  0.361066E+01  0.118535E+01  0.887961E-01
  0.361294E+01  0.152868E+01  0.888062E-01
  0.361522E+01  0.138378E+01  0.892495E-01
  0.361750E+01  0.134223E+01  0.892430E-01
  0.361979E+01  0.127391E+01  0.884034E-01
  0.362207E+01  0.132821E+01  0.889575E-01
  0.362435E+01  0.130444E+01  0.890235E-01
  0.362664E+01  0.126386E+01  0.887413E-01
  0.362892E+01  0.143537E+01  0.887389E-01
  0.363120E+01  0.148851E+01  0.887489E-01
  0.363349E+01  0.151668E+01  0.890750E-01
  0.363577E+01  0.139895E+01  0.892556E-01
  0.363805E+01  0.146358E+01  0.888492E-01
  0.364034E+01  0.139375E+01  0.882536E-01
  0.364262E+01  0.145267E+01  0.889379E-01
  0.364490E+01  0.145941E+01  0.887666E-01
  0.364719E+01  0.138280E+01  0.885392E-01
  0.364947E+01  0.161243E+01  0.888569E-01
  0.365175E+01  0.135409E+01  0.887491E-01
  0.365403E+01  0.145683E+01  0.889121E-01
  0.365632E+01  0.145937E+01  0.888201E-01
  0.365860E+01  0.140251E+01  0.889810E-01
  0.366088E+01  0.147311E+01  0.887727E-01
  0.366317E+01  0.121715E+01  0.889346E-01
  0.366545E+01  0.129286E+01  0.885110E-01
  0.366773E+01  0.132528E+01  0.884010E-01
  0.367002E+01  0.125177E+01  0.887219E-01
  0.367230E+01  0.149204E+01  0.884569E-01
  0.367458E+01  0.148840E+01  0.891087E-01
  0.367687E+01  0.134237E+01  0.886621E-01
  0.367915E+01  0.139801E+01  0.887438E-01
  0.368143E+01  0.138572E+01  0.889876E-01
  0.368371E+01  0.124342E+01  0.889339E-01
  0.368600E+01  0.126463E+01  0.892572E-01
  0.368828E+01  0.121095E+01  0.889773E-01
  0.369056E+01  0.124343E+01  0.889058E-01
  0.369285E+01  0.122914E+01  0.889530E-01
  0.369513E+01  0.146319E+01  0.888141E-01
  0.369741E+01  0.141274E+01  0.888288E-01
  0.369970E+01  0.153206E+01  0.890645E-01
  0.370198E+01  0.145617E+01  0.889507E-01
  0.370426E+01  0.134033E+01  0.886477E-01
  0.370655E+01  0.114831E+01  0.886575E-01
  0.370883E+01  0.132158E+01  0.889623E-01
  0.371111E+01  0.147178E+01  0.891512E-01
  0.371340E+01  0.136996E+01  0.889608E-01
  0.371568E+01  0.146179E+01  0.884408E-01
  0.371796E+01  0.136875E+01  0.890593E-01
  0.372024E+01  0.146042E+01  0.889117E-01
  0.372253E+01  0.130685E+01  0.886717E-01
  0.372481E+01  0.135095E+01  0.888131E-01
  0.372709E+01  0.138716E+01  0.886106E-01
  0.372938E+01  0.130588E+01  0.884435E-01
  0.373166E+01  0.139832E+01  0.887498E-01
  0.373394E+01  0.129101E+01  0.885265E-01
  0.373623E+01  0.138730E+01  0.882180E-01
  0.373851E+01  0.135389E+01  0.886914E-01
  0.374079E+01  0.131620E+01  0.886626E-01
  0.374308E+01  0.115569E+01  0.889072E-01
  0.374536E+01  0.128823E+01  0.889137E-01
  0.374764E+01  0.145525E+01  0.887485E-01
  0.374992E+01  0.143089E+01  0.884192E-01
  0.375221E+01  0.130796E+01  0.883849E-01
  0.375449E+01  0.126488E+01  0.887876E-01
  0.375677E+01  0.121469E+01  0.885146E-01
  0.375906E+01  0.107836E+01  0.884192E-01
  0.376134E+01  0.121954E+01  0.886522E-01
  0.376362E+01  0.133614E+01  0.886925E-01
  0.376591E+01  0.115485E+01  0.883895E-01
  0.376819E+01  0.118019E+01  0.883758E-01
  0.377047E+01  0.118886E+01  0.879806E-01
  0.377276E+01  0.129206E+01  0.884987E-01
  0.377504E+01  0.132125E+01  0.886024E-01
  0.377732E+01  0.130185E+01  0.885923E-01
  0.377961E+01  0.126200E+01  0.884481E-01
  0.378189E+01  0.129926E+01  0.887658E-01
  0.378417E+01  0.142853E+01  0.888377E-01
  0.378645E+01  0.122325E+01  0.888144E-01
  0.378874E+01  0.122883E+01  0.887366E-01
  0.379102E+01  0.141475E+01  0.888216E-01
  0.379330E+01  0.143815E+01  0.889187E-01
  0.379559E+01  0.134525E+01  0.889027E-01
  0.379787E+01  0.148673E+01  0.890310E-01
  0.380015E+01  0.152767E+01  0.886977E-01
  0.380244E+01  0.136295E+01  0.883887E-01
  0.380472E+01  0.120614E+01  0.879949E-01
  0.380700E+01  0.125402E+01  0.883676E-01
  0.380929E+01  0.120742E+01  0.886587E-01
  0.381157E+01  0.132512E+01  0.887364E-01
  0.381385E+01  0.146156E+01  0.887060E-01
  0.381613E+01  0.128490E+01  0.888189E-01
  0.381842E+01  0.134340E+01  0.886067E-01
  0.382070E+01  0.148301E+01  0.886414E-01
  0.382298E+01  0.134142E+01  0.883880E-01
  0.382527E+01  0.145804E+01  0.887737E-01
  0.382755E+01  0.130388E+01  0.885172E-01
  0.382983E+01  0.111854E+01  0.883717E-01
  0.383212E+01  0.122936E+01  0.884375E-01
  0.383440E+01  0.151294E+01  0.888366E-01
  0.383668E+01  0.150875E+01  0.888803E-01
  0.383897E+01  0.138565E+01  0.885351E-01
  0.384125E+01  0.118646E+01  0.879933E-01
  0.384353E+01  0.125231E+01  0.886662E-01
  0.384582E+01  0.122389E+01  0.886945E-01
  0.384810E+01  0.119606E+01  0.887536E-01
  0.385038E+01  0.145770E+01  0.887610E-01
  0.385266E+01  0.159000E+01  0.882703E-01
  0.385495E+01  0.153525E+01  0.885644E-01
  0.385723E+01  0.115999E+01  0.883116E-01
  0.385951E+01  0.130659E+01  0.883533E-01
  0.386180E+01  0.157826E+01  0.889712E-01
  0.386408E+01  0.153584E+01  0.888139E-01
  0.386636E+01  0.135757E+01  0.883626E-01
  0.386865E+01  0.127980E+01  0.882540E-01
  0.387093E+01  0.132515E+01  0.880877E-01
  0.387321E+01  0.123422E+01  0.882605E-01
  0.387550E+01  0.135058E+01  0.884671E-01
  0.387778E+01  0.150200E+01  0.882075E-01
  0.388006E+01  0.130457E+01  0.883896E-01
  0.388234E+01  0.112990E+01  0.885519E-01
  0.388463E+01  0.135093E+01  0.884398E-01
  0.388691E+01  0.127470E+01  0.882937E-01
  0.388919E+01  0.126927E+01  0.884964E-01
  0.389148E+01  0.131688E+01  0.883102E-01
  0.389376E+01  0.123589E+01  0.885595E-01
  0.389604E+01  0.149183E+01  0.884467E-01
  0.389833E+01  0.121680E+01  0.881585E-01
  0.390061E+01  0.111020E+01  0.881813E-01
  0.390289E+01  0.108817E+01  0.881044E-01
  0.390518E+01  0.102872E+01  0.882559E-01
  0.390746E+01  0.116800E+01  0.884330E-01
  0.390974E+01  0.125990E+01  0.884487E-01
  0.391203E+01  0.123928E+01  0.886012E-01
  0.391431E+01  0.113606E+01  0.875461E-01
  0.391659E+01  0.135154E+01  0.881431E-01
  0.391887E+01  0.145663E+01  0.885710E-01
  0.392116E+01  0.131902E+01  0.879887E-01
  0.392344E+01  0.116756E+01  0.878552E-01
  0.392572E+01  0.121695E+01  0.878083E-01
  0.392801E+01  0.136381E+01  0.882790E-01
  0.393029E+01  0.143401E+01  0.880378E-01
  0.393257E+01  0.119384E+01  0.882727E-01
  0.393486E+01  0.134794E+01  0.883158E-01
  0.393714E+01  0.126502E+01  0.881808E-01
  0.393942E+01  0.124381E+01  0.878023E-01
  0.394171E+01  0.139967E+01  0.884672E-01
  0.394399E+01  0.131509E+01  0.880422E-01
  0.394627E+01  0.126660E+01  0.881499E-01
  0.394855E+01  0.135343E+01  0.880799E-01
  0.395084E+01  0.138957E+01  0.880675E-01
  0.395312E+01  0.122684E+01  0.879474E-01
  0.395540E+01  0.117788E+01  0.882628E-01
  0.395769E+01  0.114686E+01  0.880447E-01
  0.395997E+01  0.119216E+01  0.881849E-01
  0.396225E+01  0.129533E+01  0.879802E-01
  0.396454E+01  0.121196E+01  0.880564E-01
  0.396682E+01  0.120659E+01  0.883012E-01
  0.396910E+01  0.111130E+01  0.878411E-01
  0.397139E+01  0.113751E+01  0.877818E-01
  0.397367E+01  0.136272E+01  0.877465E-01
  0.397595E+01  0.138685E+01  0.880151E-01
  0.397824E+01  0.145168E+01  0.882055E-01
  0.398052E+01  0.132031E+01  0.883246E-01
  0.398280E+01  0.123051E+01  0.882582E-01
  0.398508E+01  0.122759E+01  0.881205E-01
  0.398737E+01  0.114017E+01  0.879181E-01
  0.398965E+01  0.118667E+01  0.878433E-01
  0.399193E+01  0.132641E+01  0.880489E-01
  0.399422E+01  0.114665E+01  0.879149E-01
  0.399650E+01  0.116089E+01  0.879501E-01
  0.399878E+01  0.117074E+01  0.883006E-01
  0.400107E+01  0.119141E+01  0.882615E-01
  0.400335E+01  0.124199E+01  0.880083E-01
  0.400563E+01  0.130156E+01  0.879673E-01
  0.400792E+01  0.106663E+01  0.874075E-01
  0.401020E+01  0.134700E+01  0.883802E-01
  0.401248E+01  0.137454E+01  0.883661E-01
  0.401477E+01  0.128486E+01  0.879504E-01
  0.401705E+01  0.125558E+01  0.880270E-01
  0.401933E+01  0.127098E+01  0.880725E-01
  0.402161E+01  0.124567E+01  0.882806E-01
  0.402390E+01  0.152949E+01  0.879712E-01
  0.402618E+01  0.152535E+01  0.880720E-01
  0.402846E+01  0.112001E+01  0.872593E-01
  0.403075E+01  0.123248E+01  0.879040E-01
  0.403303E+01  0.119504E+01  0.882557E-01
  0.403531E+01  0.128207E+01  0.879976E-01
  0.403760E+01  0.132075E+01  0.882601E-01
  0.403988E+01  0.139620E+01  0.880238E-01
  0.404216E+01  0.116443E+01  0.879389E-01
  0.404445E+01  0.107562E+01  0.877790E-01
  0.404673E+01  0.123894E+01  0.880979E-01
  0.404901E+01  0.141780E+01  0.881159E-01
  0.405129E+01  0.124416E+01  0.880402E-01
  0.405358E+01  0.133622E+01  0.878533E-01
  0.405586E+01  0.122673E+01  0.875882E-01
  0.405814E+01  0.117979E+01  0.875052E-01
  0.406043E+01  0.940815E+00  0.876401E-01
  0.406271E+01  0.107890E+01  0.876305E-01
  0.406499E+01  0.117193E+01  0.877131E-01
  0.406728E+01  0.117611E+01  0.876207E-01
  0.406956E+01  0.112841E+01  0.877389E-01
  0.407184E+01  0.123109E+01  0.881007E-01
  0.407413E+01  0.129954E+01  0.878584E-01
  0.407641E+01  0.118678E+01  0.877318E-01
  0.407869E+01  0.123683E+01  0.879052E-01
  0.408098E+01  0.133780E+01  0.879105E-01
  0.408326E+01  0.125827E+01  0.877301E-01
  0.408554E+01  0.134693E+01  0.878241E-01
  0.408782E+01  0.137127E+01  0.877903E-01
  0.409011E+01  0.119081E+01  0.877063E-01
  0.409239E+01  0.121827E+01  0.879518E-01
  0.409467E+01  0.132147E+01  0.880871E-01
  0.409696E+01  0.113398E+01  0.875213E-01
  0.409924E+01  0.137467E+01  0.875024E-01
  0.410152E+01  0.131722E+01  0.879638E-01
  0.410381E+01  0.127751E+01  0.877650E-01
  0.410609E+01  0.139417E+01  0.880981E-01
  0.410837E+01  0.113893E+01  0.880308E-01
  0.411066E+01  0.118991E+01  0.877954E-01
  0.411294E+01  0.107968E+01  0.877902E-01
  0.411522E+01  0.128640E+01  0.876740E-01
  0.411750E+01  0.138125E+01  0.880665E-01
  0.411979E+01  0.119796E+01  0.879612E-01
  0.412207E+01  0.137460E+01  0.875658E-01
  0.412435E+01  0.142184E+01  0.877952E-01
  0.412664E+01  0.109721E+01  0.878419E-01
  0.412892E+01  0.854765E+00  0.871393E-01
  0.413120E+01  0.120312E+01  0.878457E-01
  0.413349E+01  0.126530E+01  0.878297E-01
  0.413577E+01  0.112749E+01  0.871706E-01
  0.413805E+01  0.123810E+01  0.874541E-01
  0.414034E+01  0.123378E+01  0.877331E-01
  0.414262E+01  0.127773E+01  0.877369E-01
  0.414490E+01  0.122577E+01  0.872294E-01
  0.414719E+01  0.119283E+01  0.877475E-01
  0.414947E+01  0.124989E+01  0.879158E-01
  0.415175E+01  0.134749E+01  0.878635E-01
  0.415403E+01  0.134760E+01  0.876357E-01
  0.415632E+01  0.125906E+01  0.878124E-01
  0.415860E+01  0.124242E+01  0.880103E-01
  0.416088E+01  0.124849E+01  0.880484E-01
  0.416317E+01  0.135302E+01  0.879729E-01
  0.416545E+01  0.125220E+01  0.878331E-01
  0.416773E+01  0.110363E+01  0.876702E-01
  0.417002E+01  0.115181E+01  0.872601E-01
  0.417230E+01  0.129459E+01  0.878234E-01
  0.417458E+01  0.127172E+01  0.878573E-01
  0.417687E+01  0.136035E+01  0.873948E-01
  0.417915E+01  0.142967E+01  0.879820E-01
  0.418143E+01  0.122321E+01  0.878046E-01
  0.418371E+01  0.111926E+01  0.876213E-01
  0.418600E+01  0.139535E+01  0.880362E-01
  0.418828E+01  0.141885E+01  0.880922E-01
  0.419056E+01  0.114983E+01  0.872643E-01
  0.419285E+01  0.127564E+01  0.877817E-01
  0.419513E+01  0.124900E+01  0.880426E-01
  0.419741E+01  0.104572E+01  0.876151E-01
  0.419970E+01  0.108659E+01  0.876109E-01
  0.420198E+01  0.135806E+01  0.880715E-01
  0.420426E+01  0.132983E+01  0.879213E-01
  0.420655E+01  0.145727E+01  0.879846E-01
  0.420883E+01  0.155033E+01  0.878668E-01
  0.421111E+01  0.141549E+01  0.882855E-01
  0.421340E+01  0.127222E+01  0.877436E-01
  0.421568E+01  0.106762E+01  0.873749E-01
  0.421796E+01  0.116412E+01  0.874230E-01
  0.422024E+01  0.133798E+01  0.878180E-01
  0.422253E+01  0.117462E+01  0.874406E-01
  0.422481E+01  0.120753E+01  0.877893E-01
  0.422709E+01  0.128943E+01  0.878935E-01
  0.422938E+01  0.130512E+01  0.878187E-01
  0.423166E+01  0.135341E+01  0.878411E-01
  0.423394E+01  0.114664E+01  0.876259E-01
  0.423623E+01  0.124056E+01  0.877324E-01
  0.423851E+01  0.122835E+01  0.877492E-01
  0.424079E+01  0.109622E+01  0.878329E-01
  0.424308E+01  0.105457E+01  0.872461E-01
  0.424536E+01  0.112083E+01  0.873774E-01
  0.424764E+01  0.113914E+01  0.877569E-01
  0.424992E+01  0.125720E+01  0.873766E-01
  0.425221E+01  0.122832E+01  0.879190E-01
  0.425449E+01  0.123737E+01  0.875046E-01
  0.425677E+01  0.124127E+01  0.877765E-01
  0.425906E+01  0.113798E+01  0.876240E-01
  0.426134E+01  0.128979E+01  0.876325E-01
  0.426362E+01  0.125636E+01  0.874946E-01
  0.426591E+01  0.135340E+01  0.877663E-01
  0.426819E+01  0.121625E+01  0.878490E-01
  0.427047E+01  0.121378E+01  0.878855E-01
  0.427276E+01  0.129530E+01  0.877013E-01
  0.427504E+01  0.132184E+01  0.877960E-01
  0.427732E+01  0.124296E+01  0.877116E-01
  0.427961E+01  0.110185E+01  0.874379E-01
  0.428189E+01  0.118341E+01  0.876098E-01
  0.428417E+01  0.101746E+01  0.874318E-01
  0.428645E+01  0.813802E+00  0.871286E-01
  0.428874E+01  0.928889E+00  0.877081E-01
  0.429102E+01  0.111160E+01  0.875935E-01
  0.429330E+01  0.130633E+01  0.880304E-01
  0.429559E+01  0.140709E+01  0.880352E-01
  0.429787E+01  0.129483E+01  0.877681E-01
  0.430015E+01  0.105710E+01  0.875463E-01
  0.430244E+01  0.112112E+01  0.873850E-01
  0.430472E+01  0.122885E+01  0.875358E-01
  0.430700E+01  0.131872E+01  0.873958E-01
  0.430929E+01  0.124786E+01  0.877957E-01
  0.431157E+01  0.113485E+01  0.876882E-01
  0.431385E+01  0.101568E+01  0.874393E-01
  0.431613E+01  0.125088E+01  0.874905E-01
  0.431842E+01  0.125188E+01  0.876836E-01
  0.432070E+01  0.130125E+01  0.874271E-01
  0.432298E+01  0.135623E+01  0.875455E-01
  0.432527E+01  0.115153E+01  0.876500E-01
  0.432755E+01  0.136043E+01  0.880515E-01
  0.432983E+01  0.119681E+01  0.876589E-01
  0.433212E+01  0.134568E+01  0.876473E-01
  0.433440E+01  0.125391E+01  0.875221E-01
  0.433668E+01  0.122028E+01  0.877278E-01
  0.433897E+01  0.137002E+01  0.877479E-01
  0.434125E+01  0.103142E+01  0.873854E-01
  0.434353E+01  0.104091E+01  0.875254E-01
  0.434582E+01  0.123420E+01  0.876053E-01
  0.434810E+01  0.122923E+01  0.875774E-01
  0.435038E+01  0.122194E+01  0.875539E-01
  0.435266E+01  0.102390E+01  0.873098E-01
  0.435495E+01  0.903247E+00  0.875110E-01
  0.435723E+01  0.103898E+01  0.875169E-01
  0.435951E+01  0.104883E+01  0.873268E-01
  0.436180E+01  0.118064E+01  0.875152E-01
  0.436408E+01  0.124693E+01  0.880552E-01
  0.436636E+01  0.131285E+01  0.879658E-01
  0.436865E+01  0.117723E+01  0.877825E-01
  0.437093E+01  0.119943E+01  0.876154E-01
  0.437321E+01  0.119273E+01  0.877830E-01
  0.437550E+01  0.106940E+01  0.875136E-01
  0.437778E+01  0.103912E+01  0.877984E-01
  0.438006E+01  0.989704E+00  0.873581E-01
  0.438234E+01  0.112352E+01  0.873833E-01
  0.438463E+01  0.118519E+01  0.874313E-01
  0.438691E+01  0.110935E+01  0.876285E-01
  0.438919E+01  0.125193E+01  0.877461E-01
  0.439148E+01  0.128917E+01  0.878036E-01
  0.439376E+01  0.119989E+01  0.875837E-01
  0.439604E+01  0.106589E+01  0.876075E-01
  0.439833E+01  0.126878E+01  0.873528E-01
  0.440061E+01  0.109951E+01  0.876564E-01
  0.440289E+01  0.100830E+01  0.876057E-01
  0.440518E+01  0.102623E+01  0.876574E-01
  0.440746E+01  0.122504E+01  0.874500E-01
  0.440974E+01  0.127253E+01  0.877075E-01
  0.441203E+01  0.107938E+01  0.873725E-01
  0.441431E+01  0.118623E+01  0.875625E-01
  0.441659E+01  0.122237E+01  0.876331E-01
  0.441887E+01  0.102664E+01  0.871045E-01
  0.442116E+01  0.958840E+00  0.872136E-01
  0.442344E+01  0.860852E+00  0.870041E-01
  0.442572E+01  0.919407E+00  0.873254E-01
  0.442801E+01  0.980654E+00  0.871792E-01
  0.443029E+01  0.118063E+01  0.874624E-01
  0.443257E+01  0.113735E+01  0.876996E-01
  0.443486E+01  0.101777E+01  0.877274E-01
  0.443714E+01  0.110436E+01  0.871177E-01
  0.443942E+01  0.123468E+01  0.874980E-01
  0.444171E+01  0.147715E+01  0.875010E-01
  0.444399E+01  0.124469E+01  0.875495E-01
  0.444627E+01  0.994840E+00  0.872951E-01
  0.444855E+01  0.120102E+01  0.875042E-01
  0.445084E+01  0.108673E+01  0.873548E-01
  0.445312E+01  0.100193E+01  0.872699E-01
  0.445540E+01  0.112383E+01  0.876217E-01
  0.445769E+01  0.110001E+01  0.873366E-01
  0.445997E+01  0.108043E+01  0.875496E-01
  0.446225E+01  0.118777E+01  0.873797E-01
  0.446454E+01  0.107352E+01  0.875243E-01
  0.446682E+01  0.101983E+01  0.874817E-01
  0.446910E+01  0.129960E+01  0.875894E-01
  0.447139E+01  0.118169E+01  0.874329E-01
  0.447367E+01  0.115217E+01  0.875507E-01
  0.447595E+01  0.113532E+01  0.871396E-01
  0.447824E+01  0.119594E+01  0.870418E-01
  0.448052E+01  0.112894E+01  0.873846E-01
  0.448280E+01  0.110110E+01  0.873134E-01
  0.448508E+01  0.132899E+01  0.875863E-01
  0.448737E+01  0.125796E+01  0.878200E-01
  0.448965E+01  0.127504E+01  0.875864E-01
  0.449193E+01  0.129341E+01  0.877175E-01
  0.449422E+01  0.105725E+01  0.871147E-01
  0.449650E+01  0.111377E+01  0.872504E-01
  0.449878E+01  0.104251E+01  0.869624E-01
  0.450107E+01  0.120628E+01  0.869442E-01
  0.450335E+01  0.125012E+01  0.873663E-01
  0.450563E+01  0.115790E+01  0.872565E-01
  0.450792E+01  0.114762E+01  0.871244E-01
  0.451020E+01  0.104957E+01  0.870531E-01
  0.451248E+01  0.119798E+01  0.870416E-01
  0.451476E+01  0.129162E+01  0.872788E-01
  0.451705E+01  0.124811E+01  0.875240E-01
  0.451933E+01  0.118156E+01  0.873672E-01
  0.452161E+01  0.120136E+01  0.875714E-01
  0.452390E+01  0.122381E+01  0.874080E-01
  0.452618E+01  0.127773E+01  0.872083E-01
  0.452846E+01  0.109467E+01  0.872889E-01
  0.453075E+01  0.111291E+01  0.872065E-01
  0.453303E+01  0.114186E+01  0.873322E-01
  0.453531E+01  0.107178E+01  0.872506E-01
  0.453760E+01  0.118247E+01  0.871307E-01
  0.453988E+01  0.135236E+01  0.870305E-01
  0.454216E+01  0.122494E+01  0.870101E-01
  0.454445E+01  0.137932E+01  0.873997E-01
  0.454673E+01  0.126715E+01  0.874411E-01
  0.454901E+01  0.109306E+01  0.875128E-01
  0.455129E+01  0.118553E+01  0.874615E-01
  0.455358E+01  0.114656E+01  0.873155E-01
  0.455586E+01  0.106202E+01  0.871207E-01
  0.455814E+01  0.964938E+00  0.871224E-01
  0.456043E+01  0.125046E+01  0.873480E-01
  0.456271E+01  0.124732E+01  0.875177E-01
  0.456499E+01  0.138973E+01  0.878593E-01
  0.456728E+01  0.108715E+01  0.874842E-01
  0.456956E+01  0.106694E+01  0.874705E-01
  0.457184E+01  0.124846E+01  0.872680E-01
  0.457413E+01  0.117219E+01  0.871194E-01
  0.457641E+01  0.105751E+01  0.870033E-01
  0.457869E+01  0.106812E+01  0.871831E-01
  0.458097E+01  0.126298E+01  0.874932E-01
  0.458326E+01  0.133007E+01  0.874183E-01
  0.458554E+01  0.140460E+01  0.878513E-01
  0.458782E+01  0.127332E+01  0.878283E-01
  0.459011E+01  0.143690E+01  0.876465E-01
  0.459239E+01  0.104412E+01  0.867858E-01
  0.459467E+01  0.100367E+01  0.871592E-01
  0.459696E+01  0.983235E+00  0.872817E-01
  0.459924E+01  0.108285E+01  0.872564E-01
  0.460152E+01  0.116367E+01  0.870199E-01
  0.460381E+01  0.112598E+01  0.870993E-01
  0.460609E+01  0.108544E+01  0.873672E-01
  0.460837E+01  0.115838E+01  0.870268E-01
  0.461066E+01  0.115643E+01  0.871647E-01
  0.461294E+01  0.120736E+01  0.873121E-01
  0.461522E+01  0.111300E+01  0.868535E-01
  0.461750E+01  0.121652E+01  0.871945E-01
  0.461979E+01  0.116473E+01  0.873363E-01
  0.462207E+01  0.119877E+01  0.870722E-01
  0.462435E+01  0.986012E+00  0.868070E-01
  0.462664E+01  0.932025E+00  0.867343E-01
  0.462892E+01  0.108574E+01  0.869951E-01
  0.463120E+01  0.112670E+01  0.867437E-01
  0.463349E+01  0.130733E+01  0.871338E-01
  0.463577E+01  0.114754E+01  0.869371E-01
  0.463805E+01  0.113660E+01  0.869990E-01
  0.464034E+01  0.101110E+01  0.868482E-01
  0.464262E+01  0.121747E+01  0.871027E-01
  0.464490E+01  0.961630E+00  0.868940E-01
  0.464718E+01  0.117507E+01  0.867537E-01
  0.464947E+01  0.122591E+01  0.867739E-01
  0.465175E+01  0.105349E+01  0.870766E-01
  0.465403E+01  0.100651E+01  0.868151E-01
  0.465632E+01  0.102810E+01  0.868022E-01
  0.465860E+01  0.873481E+00  0.867745E-01
  0.466088E+01  0.102856E+01  0.869460E-01
  0.466317E+01  0.106195E+01  0.866208E-01
  0.466545E+01  0.113368E+01  0.867383E-01
  0.466773E+01  0.111422E+01  0.866492E-01
  0.467002E+01  0.110214E+01  0.866101E-01
  0.467230E+01  0.122844E+01  0.867174E-01
  0.467458E+01  0.123752E+01  0.866266E-01
  0.467687E+01  0.101407E+01  0.863612E-01
  0.467915E+01  0.103716E+01  0.860999E-01
  0.468143E+01  0.121365E+01  0.864777E-01
  0.468371E+01  0.112705E+01  0.861405E-01
  0.468600E+01  0.108751E+01  0.859252E-01
  0.468828E+01  0.110491E+01  0.858464E-01
  0.469056E+01  0.100333E+01  0.857245E-01
  0.469285E+01  0.106848E+01  0.860644E-01
  0.469513E+01  0.114581E+01  0.866771E-01
  0.469741E+01  0.120125E+01  0.866451E-01
  0.469970E+01  0.115179E+01  0.874376E-01
  0.470198E+01  0.962691E+00  0.877483E-01
  0.470426E+01  0.102805E+01  0.876574E-01
  0.470655E+01  0.111012E+01  0.881177E-01
  0.470883E+01  0.801370E+00  0.883128E-01
  0.471111E+01  0.972642E+00  0.884312E-01
  0.471339E+01  0.998346E+00  0.889312E-01
  0.471568E+01  0.946840E+00  0.892133E-01
  0.471796E+01  0.816185E+00  0.897963E-01
  0.472024E+01  0.116364E+01  0.899116E-01
  0.472253E+01  0.988272E+00  0.904484E-01
  0.472481E+01  0.109091E+01  0.910550E-01
  0.472709E+01  0.878148E+00  0.915926E-01
  0.472938E+01  0.118054E+01  0.932191E-01
  0.473166E+01  0.108035E+01  0.935563E-01
  0.473394E+01  0.970284E+00  0.942153E-01
  0.473623E+01  0.112901E+01  0.951791E-01
  0.473851E+01  0.864617E+00  0.956591E-01
  0.474079E+01  0.982012E+00  0.960249E-01
  0.474308E+01  0.888210E+00  0.969727E-01
  0.474536E+01  0.977000E+00  0.979959E-01
  0.474764E+01  0.996481E+00  0.992433E-01
  0.474992E+01  0.877568E+00  0.100042E+00
  0.475221E+01  0.822963E+00  0.100879E+00
  0.475449E+01  0.106130E+01  0.101647E+00
  0.475677E+01  0.112284E+01  0.103141E+00
  0.475906E+01  0.106148E+01  0.103892E+00
  0.476134E+01  0.100811E+01  0.104895E+00
  0.476362E+01  0.889951E+00  0.105380E+00
  0.476591E+01  0.536432E+00  0.105674E+00
  0.476819E+01  0.837383E+00  0.107271E+00
  0.477047E+01  0.870383E+00  0.107455E+00
  0.477276E+01  0.764037E+00  0.107946E+00
  0.477504E+01  0.100777E+01  0.108689E+00
  0.477732E+01  0.108533E+01  0.109786E+00
  0.477960E+01  0.105932E+01  0.110889E+00
  0.478189E+01  0.857642E+00  0.111184E+00
  0.478417E+01  0.101586E+01  0.111446E+00
  0.478645E+01  0.100642E+01  0.111875E+00
  0.478874E+01  0.103062E+01  0.112948E+00
  0.479102E+01  0.907136E+00  0.113439E+00
  0.479330E+01  0.931938E+00  0.114307E+00
  0.479559E+01  0.749457E+00  0.115464E+00
  0.479787E+01  0.997025E+00  0.117243E+00
  0.480015E+01  0.114937E+01  0.120838E+00
  0.480244E+01  0.114864E+01  0.122729E+00
  0.480472E+01  0.801136E+00  0.123989E+00
  0.480700E+01  0.113589E+01  0.126185E+00
  0.480929E+01  0.850037E+00  0.126766E+00
  0.481157E+01  0.879457E+00  0.128421E+00
  0.481385E+01  0.937148E+00  0.130547E+00
  0.481613E+01  0.972605E+00  0.132749E+00
  0.481842E+01  0.960716E+00  0.135131E+00
  0.482070E+01  0.972383E+00  0.137998E+00
  0.482298E+01  0.108377E+01  0.141570E+00
  0.482527E+01  0.996716E+00  0.144113E+00
  0.482755E+01  0.104323E+01  0.144130E+00
  0.482983E+01  0.874037E+00  0.146796E+00
  0.483212E+01  0.473444E+00  0.149414E+00
  0.483440E+01  0.560815E+00  0.153894E+00
  0.483668E+01  0.837049E+00  0.158435E+00
  0.483897E+01  0.880247E+00  0.171500E+00
  0.484125E+01  0.914951E+00  0.184525E+00
  0.484353E+01  0.105595E+01  0.201766E+00
  0.484581E+01  0.835235E+00  0.220299E+00
  0.484810E+01  0.106398E+01  0.237938E+00
  0.485038E+01  0.755111E+00  0.268224E+00
  0.485266E+01  0.117969E+01  0.305462E+00
  0.485495E+01  0.133821E+01  0.361884E+00
  0.485723E+01  0.741593E+00  0.453699E+00
  0.485951E+01 -0.130731E+01  0.686638E+00
