 0.144903E-01  0.159183E+03  0.469945E+01
 0.147186E-01  0.157094E+03  0.415567E+01
 0.149469E-01  0.159193E+03  0.404578E+01
 0.151753E-01  0.158278E+03  0.380914E+01
 0.154036E-01  0.165302E+03  0.373972E+01
 0.156319E-01  0.164318E+03  0.351130E+01
 0.158602E-01  0.155384E+03  0.342664E+01
 0.160885E-01  0.150405E+03  0.335439E+01
 0.163168E-01  0.152534E+03  0.315360E+01
 0.165451E-01  0.154562E+03  0.304789E+01
 0.167734E-01  0.151008E+03  0.292145E+01
 0.170017E-01  0.155463E+03  0.284816E+01
 0.172300E-01  0.153925E+03  0.280043E+01
 0.174584E-01  0.152806E+03  0.261789E+01
 0.176867E-01  0.150830E+03  0.254789E+01
 0.179150E-01  0.148660E+03  0.249276E+01
 0.181433E-01  0.147117E+03  0.243439E+01
 0.183716E-01  0.150155E+03  0.234095E+01
 0.185999E-01  0.153677E+03  0.222629E+01
 0.188282E-01  0.153009E+03  0.222209E+01
 0.190565E-01  0.153820E+03  0.213281E+01
 0.192848E-01  0.149738E+03  0.207986E+01
 0.195132E-01  0.144230E+03  0.198190E+01
 0.197415E-01  0.143676E+03  0.195921E+01
 0.199698E-01  0.142973E+03  0.193358E+01
 0.201981E-01  0.140998E+03  0.184260E+01
 0.204264E-01  0.136743E+03  0.178632E+01
 0.206547E-01  0.138437E+03  0.172847E+01
 0.208830E-01  0.141127E+03  0.170949E+01
 0.211113E-01  0.139085E+03  0.168467E+01
 0.213396E-01  0.140195E+03  0.161197E+01
 0.215679E-01  0.141342E+03  0.159556E+01
 0.217963E-01  0.140346E+03  0.152307E+01
 0.220246E-01  0.138005E+03  0.151437E+01
 0.222529E-01  0.136630E+03  0.146043E+01
 0.224812E-01  0.135993E+03  0.141489E+01
 0.227095E-01  0.134544E+03  0.142985E+01
 0.229378E-01  0.133585E+03  0.136574E+01
 0.231661E-01  0.132226E+03  0.135228E+01
 0.233944E-01  0.132355E+03  0.128894E+01
 0.236227E-01  0.131959E+03  0.127493E+01
 0.238511E-01  0.132549E+03  0.127333E+01
 0.240794E-01  0.130749E+03  0.121989E+01
 0.243077E-01  0.129011E+03  0.118681E+01
 0.245360E-01  0.127731E+03  0.117576E+01
 0.247643E-01  0.126870E+03  0.114707E+01
 0.249926E-01  0.126808E+03  0.112493E+01
 0.252209E-01  0.126915E+03  0.109919E+01
 0.254492E-01  0.125297E+03  0.108943E+01
 0.256775E-01  0.125500E+03  0.107279E+01
 0.259058E-01  0.123245E+03  0.105478E+01
 0.261342E-01  0.122857E+03  0.102611E+01
 0.263625E-01  0.123490E+03  0.100336E+01
 0.265908E-01  0.122878E+03  0.998454E+00
 0.268191E-01  0.121495E+03  0.980910E+00
 0.270474E-01  0.120906E+03  0.970388E+00
 0.272757E-01  0.118151E+03  0.942516E+00
 0.275040E-01  0.116229E+03  0.937127E+00
 0.277323E-01  0.117640E+03  0.921177E+00
 0.279606E-01  0.117606E+03  0.913590E+00
 0.281890E-01  0.116801E+03  0.890999E+00
 0.284173E-01  0.115548E+03  0.881688E+00
 0.286456E-01  0.115608E+03  0.880413E+00
 0.288739E-01  0.115047E+03  0.862131E+00
 0.291022E-01  0.112989E+03  0.847551E+00
 0.293305E-01  0.113286E+03  0.840302E+00
 0.295588E-01  0.113535E+03  0.825967E+00
 0.297871E-01  0.112855E+03  0.829942E+00
 0.300154E-01  0.112424E+03  0.806792E+00
 0.302437E-01  0.111130E+03  0.799039E+00
 0.304721E-01  0.111239E+03  0.798088E+00
 0.307004E-01  0.110728E+03  0.786644E+00
 0.309287E-01  0.109565E+03  0.781754E+00
 0.311570E-01  0.108129E+03  0.763496E+00
 0.313853E-01  0.107330E+03  0.771930E+00
 0.316136E-01  0.106525E+03  0.753383E+00
 0.318419E-01  0.106406E+03  0.745713E+00
 0.320702E-01  0.105758E+03  0.737588E+00
 0.322985E-01  0.104779E+03  0.725440E+00
 0.325268E-01  0.104158E+03  0.740543E+00
 0.327552E-01  0.104799E+03  0.724648E+00
 0.329835E-01  0.103827E+03  0.712584E+00
 0.332118E-01  0.102144E+03  0.711287E+00
 0.334401E-01  0.101898E+03  0.699977E+00
 0.336684E-01  0.101268E+03  0.707897E+00
 0.338967E-01  0.101425E+03  0.686715E+00
 0.341250E-01  0.101309E+03  0.685682E+00
 0.343533E-01  0.991746E+02  0.685064E+00
 0.345816E-01  0.979916E+02  0.675688E+00
 0.348100E-01  0.988531E+02  0.676672E+00
 0.350383E-01  0.992045E+02  0.658834E+00
 0.352666E-01  0.993714E+02  0.666029E+00
 0.354949E-01  0.979229E+02  0.660229E+00
 0.357232E-01  0.975092E+02  0.655338E+00
 0.359515E-01  0.953826E+02  0.645187E+00
 0.361798E-01  0.948309E+02  0.633039E+00
 0.364081E-01  0.939327E+02  0.643944E+00
 0.366364E-01  0.940515E+02  0.638170E+00
 0.368647E-01  0.937999E+02  0.630314E+00
 0.370931E-01  0.937222E+02  0.627480E+00
 0.373214E-01  0.931752E+02  0.619582E+00
 0.375497E-01  0.914040E+02  0.622336E+00
 0.377780E-01  0.903751E+02  0.608981E+00
 0.380063E-01  0.910824E+02  0.607475E+00
 0.382346E-01  0.905123E+02  0.607969E+00
 0.384629E-01  0.896374E+02  0.606978E+00
 0.386912E-01  0.889024E+02  0.603230E+00
 0.389195E-01  0.889560E+02  0.586433E+00
 0.391479E-01  0.882125E+02  0.592499E+00
 0.393762E-01  0.881900E+02  0.590219E+00
 0.396045E-01  0.868280E+02  0.590752E+00
 0.398328E-01  0.867307E+02  0.583155E+00
 0.400611E-01  0.855132E+02  0.576585E+00
 0.402894E-01  0.847727E+02  0.579885E+00
 0.405177E-01  0.844333E+02  0.573108E+00
 0.407460E-01  0.834152E+02  0.567103E+00
 0.409743E-01  0.834760E+02  0.565145E+00
 0.412026E-01  0.837764E+02  0.567676E+00
 0.414310E-01  0.831352E+02  0.565513E+00
 0.416593E-01  0.834324E+02  0.549866E+00
 0.418876E-01  0.829244E+02  0.556120E+00
 0.421159E-01  0.824477E+02  0.551241E+00
 0.423442E-01  0.816424E+02  0.552511E+00
 0.425725E-01  0.816346E+02  0.549121E+00
 0.428008E-01  0.804870E+02  0.535193E+00
 0.430291E-01  0.797031E+02  0.543680E+00
 0.432574E-01  0.793348E+02  0.536684E+00
 0.434857E-01  0.784301E+02  0.537229E+00
 0.437141E-01  0.790287E+02  0.531336E+00
 0.439424E-01  0.776353E+02  0.529566E+00
 0.441707E-01  0.766062E+02  0.536976E+00
 0.443990E-01  0.754739E+02  0.524050E+00
 0.446273E-01  0.758528E+02  0.521085E+00
 0.448556E-01  0.767648E+02  0.518419E+00
 0.450839E-01  0.758278E+02  0.518040E+00
 0.453122E-01  0.748437E+02  0.524578E+00
 0.455405E-01  0.755052E+02  0.509171E+00
 0.457689E-01  0.742381E+02  0.510630E+00
 0.459972E-01  0.731421E+02  0.508929E+00
 0.462255E-01  0.732363E+02  0.509475E+00
 0.464538E-01  0.735516E+02  0.507662E+00
 0.466821E-01  0.735427E+02  0.498487E+00
 0.469104E-01  0.722529E+02  0.500776E+00
 0.471387E-01  0.713572E+02  0.498026E+00
 0.473670E-01  0.709768E+02  0.498141E+00
 0.475953E-01  0.706326E+02  0.493269E+00
 0.478236E-01  0.700322E+02  0.490209E+00
 0.480520E-01  0.707504E+02  0.493789E+00
 0.482803E-01  0.692328E+02  0.486938E+00
 0.485086E-01  0.686935E+02  0.483419E+00
 0.487369E-01  0.690651E+02  0.483759E+00
 0.489652E-01  0.685566E+02  0.483113E+00
 0.491935E-01  0.676071E+02  0.486177E+00
 0.494218E-01  0.677050E+02  0.473730E+00
 0.496501E-01  0.670593E+02  0.476348E+00
 0.498784E-01  0.663375E+02  0.478302E+00
 0.501068E-01  0.666456E+02  0.475197E+00
 0.503351E-01  0.660084E+02  0.469091E+00
 0.505634E-01  0.654516E+02  0.469476E+00
 0.507917E-01  0.645890E+02  0.467743E+00
 0.510200E-01  0.649755E+02  0.467230E+00
 0.512483E-01  0.649745E+02  0.467628E+00
 0.514766E-01  0.631810E+02  0.459188E+00
 0.517049E-01  0.627551E+02  0.461334E+00
 0.519332E-01  0.631850E+02  0.460100E+00
 0.521615E-01  0.624468E+02  0.458005E+00
 0.523899E-01  0.624925E+02  0.453584E+00
 0.526182E-01  0.621040E+02  0.450827E+00
 0.528465E-01  0.626379E+02  0.457419E+00
 0.530748E-01  0.622574E+02  0.452273E+00
 0.533031E-01  0.615199E+02  0.446542E+00
 0.535314E-01  0.615757E+02  0.449607E+00
 0.537597E-01  0.608713E+02  0.445196E+00
 0.539880E-01  0.606738E+02  0.449507E+00
 0.542163E-01  0.603434E+02  0.442681E+00
 0.544446E-01  0.588372E+02  0.438904E+00
 0.546730E-01  0.585081E+02  0.443951E+00
 0.549013E-01  0.584698E+02  0.437038E+00
 0.551296E-01  0.586507E+02  0.440396E+00
 0.553579E-01  0.576944E+02  0.432239E+00
 0.555862E-01  0.574657E+02  0.435540E+00
 0.558145E-01  0.569740E+02  0.434963E+00
 0.560428E-01  0.566340E+02  0.427308E+00
 0.562711E-01  0.568956E+02  0.431209E+00
 0.564994E-01  0.561617E+02  0.424924E+00
 0.567278E-01  0.554816E+02  0.430036E+00
 0.569561E-01  0.557155E+02  0.427988E+00
 0.571844E-01  0.554991E+02  0.421327E+00
 0.574127E-01  0.552303E+02  0.423424E+00
 0.576410E-01  0.548283E+02  0.419986E+00
 0.578693E-01  0.548655E+02  0.423078E+00
 0.580976E-01  0.543327E+02  0.417677E+00
 0.583259E-01  0.537498E+02  0.417366E+00
 0.585542E-01  0.533169E+02  0.419779E+00
 0.587825E-01  0.525676E+02  0.410392E+00
 0.590109E-01  0.518891E+02  0.413633E+00
 0.592392E-01  0.522107E+02  0.410078E+00
 0.594675E-01  0.519438E+02  0.412954E+00
 0.596958E-01  0.511331E+02  0.413414E+00
 0.599241E-01  0.502454E+02  0.407028E+00
 0.601524E-01  0.504374E+02  0.405830E+00
 0.603807E-01  0.505037E+02  0.407128E+00
 0.606090E-01  0.510668E+02  0.410996E+00
 0.608373E-01  0.505929E+02  0.412433E+00
 0.610657E-01  0.495040E+02  0.406746E+00
 0.612940E-01  0.485308E+02  0.409032E+00
 0.615223E-01  0.484859E+02  0.406613E+00
 0.617506E-01  0.488063E+02  0.407468E+00
 0.619789E-01  0.482802E+02  0.406783E+00
 0.622072E-01  0.476636E+02  0.409124E+00
 0.624355E-01  0.476431E+02  0.411565E+00
 0.626638E-01  0.474556E+02  0.407574E+00
 0.628921E-01  0.470653E+02  0.407798E+00
 0.631204E-01  0.468581E+02  0.404667E+00
 0.633488E-01  0.466458E+02  0.412062E+00
 0.635771E-01  0.466621E+02  0.415409E+00
 0.638054E-01  0.465910E+02  0.416678E+00
 0.640337E-01  0.467741E+02  0.413445E+00
 0.642620E-01  0.458753E+02  0.412844E+00
 0.644903E-01  0.455177E+02  0.418115E+00
 0.647186E-01  0.450034E+02  0.418052E+00
 0.649469E-01  0.450006E+02  0.416194E+00
 0.651752E-01  0.444471E+02  0.417797E+00
 0.654035E-01  0.441809E+02  0.416770E+00
 0.656319E-01  0.436629E+02  0.420351E+00
 0.658602E-01  0.434322E+02  0.415917E+00
 0.660885E-01  0.436581E+02  0.420499E+00
 0.663168E-01  0.432907E+02  0.421338E+00
 0.665451E-01  0.427701E+02  0.422990E+00
 0.667734E-01  0.428895E+02  0.425104E+00
 0.670017E-01  0.421512E+02  0.416710E+00
 0.672300E-01  0.418961E+02  0.423417E+00
 0.674583E-01  0.417206E+02  0.421706E+00
 0.676867E-01  0.421391E+02  0.424977E+00
 0.679150E-01  0.412829E+02  0.426689E+00
 0.681433E-01  0.414237E+02  0.418814E+00
 0.683716E-01  0.418246E+02  0.428312E+00
 0.685999E-01  0.412184E+02  0.420580E+00
 0.688282E-01  0.403385E+02  0.422528E+00
 0.690565E-01  0.402226E+02  0.428110E+00
 0.692848E-01  0.385485E+02  0.423868E+00
 0.695131E-01  0.382333E+02  0.429746E+00
 0.697414E-01  0.391593E+02  0.419232E+00
 0.699698E-01  0.391473E+02  0.425454E+00
 0.701981E-01  0.390635E+02  0.428630E+00
 0.704264E-01  0.389111E+02  0.425118E+00
 0.706547E-01  0.381326E+02  0.427724E+00
 0.708830E-01  0.377477E+02  0.424792E+00
 0.711113E-01  0.387133E+02  0.426341E+00
 0.713396E-01  0.381615E+02  0.427503E+00
 0.715679E-01  0.379010E+02  0.426041E+00
 0.717962E-01  0.372137E+02  0.428764E+00
 0.720246E-01  0.368367E+02  0.426220E+00
 0.722529E-01  0.367241E+02  0.428282E+00
 0.724812E-01  0.368368E+02  0.424973E+00
 0.727095E-01  0.364527E+02  0.426785E+00
 0.729378E-01  0.357718E+02  0.428831E+00
 0.731661E-01  0.357008E+02  0.429619E+00
 0.733944E-01  0.360350E+02  0.432453E+00
 0.736227E-01  0.356309E+02  0.426618E+00
 0.738510E-01  0.353728E+02  0.427351E+00
 0.740793E-01  0.354792E+02  0.425981E+00
 0.743077E-01  0.358269E+02  0.430710E+00
 0.745360E-01  0.355756E+02  0.429263E+00
 0.747643E-01  0.346214E+02  0.423826E+00
 0.749926E-01  0.347196E+02  0.430297E+00
 0.752209E-01  0.337906E+02  0.426486E+00
 0.754492E-01  0.336730E+02  0.427852E+00
 0.756775E-01  0.336080E+02  0.427630E+00
 0.759058E-01  0.338992E+02  0.428462E+00
 0.761341E-01  0.335787E+02  0.431481E+00
 0.763625E-01  0.331283E+02  0.424795E+00
 0.765908E-01  0.329556E+02  0.431095E+00
 0.768191E-01  0.316952E+02  0.425895E+00
 0.770474E-01  0.315200E+02  0.428167E+00
 0.772757E-01  0.322948E+02  0.434344E+00
 0.775040E-01  0.315842E+02  0.422557E+00
 0.777323E-01  0.315110E+02  0.431018E+00
 0.779606E-01  0.317562E+02  0.425929E+00
 0.781889E-01  0.313160E+02  0.428251E+00
 0.784172E-01  0.311380E+02  0.428336E+00
 0.786456E-01  0.307179E+02  0.423477E+00
 0.788739E-01  0.299393E+02  0.432667E+00
 0.791022E-01  0.293158E+02  0.426070E+00
 0.793305E-01  0.299039E+02  0.427522E+00
 0.795588E-01  0.301703E+02  0.424913E+00
 0.797871E-01  0.299885E+02  0.424994E+00
 0.800154E-01  0.296683E+02  0.430907E+00
 0.802437E-01  0.293383E+02  0.424017E+00
 0.804720E-01  0.291783E+02  0.427099E+00
 0.807003E-01  0.289315E+02  0.427136E+00
 0.809287E-01  0.299521E+02  0.429598E+00
 0.811570E-01  0.291791E+02  0.432508E+00
 0.813853E-01  0.290664E+02  0.424243E+00
 0.816136E-01  0.291951E+02  0.429813E+00
 0.818419E-01  0.284610E+02  0.426642E+00
 0.820702E-01  0.273391E+02  0.429622E+00
 0.822985E-01  0.276855E+02  0.427222E+00
 0.825268E-01  0.284634E+02  0.425070E+00
 0.827551E-01  0.281022E+02  0.430711E+00
 0.829835E-01  0.274908E+02  0.425395E+00
 0.832118E-01  0.270007E+02  0.426842E+00
 0.834401E-01  0.271755E+02  0.425537E+00
 0.836684E-01  0.271351E+02  0.426032E+00
 0.838967E-01  0.264973E+02  0.428733E+00
 0.841250E-01  0.268480E+02  0.422724E+00
 0.843533E-01  0.260178E+02  0.426610E+00
 0.845816E-01  0.256452E+02  0.425553E+00
 0.848099E-01  0.257919E+02  0.428545E+00
 0.850382E-01  0.258213E+02  0.430276E+00
 0.852666E-01  0.259459E+02  0.420917E+00
 0.854949E-01  0.247909E+02  0.427173E+00
 0.857232E-01  0.244230E+02  0.424921E+00
 0.859515E-01  0.246904E+02  0.428698E+00
 0.861798E-01  0.238368E+02  0.422658E+00
 0.864081E-01  0.244341E+02  0.426107E+00
 0.866364E-01  0.242581E+02  0.427497E+00
 0.868647E-01  0.238430E+02  0.425326E+00
 0.870930E-01  0.248202E+02  0.422978E+00
 0.873214E-01  0.247857E+02  0.425862E+00
 0.875497E-01  0.245274E+02  0.427423E+00
 0.877780E-01  0.241870E+02  0.425130E+00
 0.880063E-01  0.241229E+02  0.422358E+00
 0.882346E-01  0.238337E+02  0.424863E+00
 0.884629E-01  0.235051E+02  0.425759E+00
 0.886912E-01  0.233142E+02  0.426165E+00
 0.889195E-01  0.236533E+02  0.426637E+00
 0.891478E-01  0.241492E+02  0.423392E+00
 0.893761E-01  0.239593E+02  0.425992E+00
 0.896045E-01  0.235489E+02  0.426245E+00
 0.898328E-01  0.234882E+02  0.426416E+00
 0.900611E-01  0.231208E+02  0.422809E+00
 0.902894E-01  0.218983E+02  0.423830E+00
 0.905177E-01  0.220387E+02  0.425481E+00
 0.907460E-01  0.219977E+02  0.422742E+00
 0.909743E-01  0.220921E+02  0.419631E+00
 0.912026E-01  0.220818E+02  0.421817E+00
 0.914309E-01  0.222205E+02  0.425236E+00
 0.916592E-01  0.215099E+02  0.425445E+00
 0.918876E-01  0.212322E+02  0.423601E+00
 0.921159E-01  0.212653E+02  0.424519E+00
 0.923442E-01  0.219394E+02  0.424904E+00
 0.925725E-01  0.218222E+02  0.425475E+00
 0.928008E-01  0.207726E+02  0.424236E+00
 0.930291E-01  0.208195E+02  0.423272E+00
 0.932574E-01  0.205633E+02  0.423175E+00
 0.934857E-01  0.205419E+02  0.425530E+00
 0.937140E-01  0.210043E+02  0.424869E+00
 0.939424E-01  0.208809E+02  0.422655E+00
 0.941707E-01  0.206605E+02  0.422295E+00
 0.943990E-01  0.204653E+02  0.423572E+00
 0.946273E-01  0.194862E+02  0.424950E+00
 0.948556E-01  0.193215E+02  0.421217E+00
 0.950839E-01  0.197013E+02  0.420817E+00
 0.953122E-01  0.199496E+02  0.421573E+00
 0.955405E-01  0.199597E+02  0.422306E+00
 0.957688E-01  0.193528E+02  0.422512E+00
 0.959971E-01  0.193917E+02  0.422140E+00
 0.962255E-01  0.192704E+02  0.423673E+00
 0.964538E-01  0.189177E+02  0.419114E+00
 0.966821E-01  0.186029E+02  0.419841E+00
 0.969104E-01  0.190476E+02  0.421898E+00
 0.971387E-01  0.186233E+02  0.421655E+00
 0.973670E-01  0.182562E+02  0.425126E+00
 0.975953E-01  0.181653E+02  0.422741E+00
 0.978236E-01  0.183624E+02  0.417526E+00
 0.980519E-01  0.184731E+02  0.420390E+00
 0.982803E-01  0.176506E+02  0.363102E+00
 0.985086E-01  0.175458E+02  0.239252E+00
 0.987369E-01  0.178838E+02  0.233027E+00
 0.989652E-01  0.175497E+02  0.234646E+00
 0.991935E-01  0.172726E+02  0.233516E+00
 0.994218E-01  0.171511E+02  0.233786E+00
 0.996501E-01  0.169722E+02  0.233498E+00
 0.998784E-01  0.167501E+02  0.234736E+00
 0.100107E+00  0.168790E+02  0.233729E+00
 0.100335E+00  0.165935E+02  0.234296E+00
 0.100563E+00  0.163757E+02  0.232152E+00
 0.100792E+00  0.163268E+02  0.232217E+00
 0.101020E+00  0.166451E+02  0.234576E+00
 0.101248E+00  0.168341E+02  0.233169E+00
 0.101477E+00  0.164354E+02  0.236092E+00
 0.101705E+00  0.159863E+02  0.232400E+00
 0.101933E+00  0.161973E+02  0.232716E+00
 0.102162E+00  0.161096E+02  0.330409E+00
 0.102390E+00  0.160290E+02  0.172350E+00
 0.102846E+00  0.158998E+02  0.276267E+00
 0.103075E+00  0.155377E+02  0.239110E+00
 0.103303E+00  0.156339E+02  0.234980E+00
 0.103531E+00  0.158426E+02  0.233617E+00
 0.103760E+00  0.157871E+02  0.232286E+00
 0.103988E+00  0.156132E+02  0.233477E+00
 0.104216E+00  0.152370E+02  0.232180E+00
 0.104445E+00  0.148696E+02  0.234299E+00
 0.104673E+00  0.146469E+02  0.233979E+00
 0.104901E+00  0.153285E+02  0.232521E+00
 0.105130E+00  0.150256E+02  0.232433E+00
 0.105358E+00  0.145937E+02  0.233357E+00
 0.105586E+00  0.140555E+02  0.233509E+00
 0.105814E+00  0.136202E+02  0.230855E+00
 0.106043E+00  0.141883E+02  0.232772E+00
 0.106271E+00  0.141186E+02  0.234332E+00
 0.106499E+00  0.137215E+02  0.232069E+00
 0.106728E+00  0.143329E+02  0.229892E+00
 0.106956E+00  0.146512E+02  0.232829E+00
 0.107184E+00  0.141760E+02  0.231800E+00
 0.107413E+00  0.140693E+02  0.233485E+00
 0.107641E+00  0.139299E+02  0.231563E+00
 0.107869E+00  0.137515E+02  0.229729E+00
 0.108098E+00  0.135834E+02  0.231995E+00
 0.108326E+00  0.134289E+02  0.231914E+00
 0.108554E+00  0.135070E+02  0.230700E+00
 0.108783E+00  0.133309E+02  0.232009E+00
 0.109011E+00  0.133384E+02  0.231883E+00
 0.109239E+00  0.130116E+02  0.233164E+00
 0.109467E+00  0.127424E+02  0.230354E+00
 0.109696E+00  0.127488E+02  0.229622E+00
 0.109924E+00  0.127623E+02  0.232049E+00
 0.110152E+00  0.125994E+02  0.230711E+00
 0.110381E+00  0.125720E+02  0.233345E+00
 0.110609E+00  0.127076E+02  0.229919E+00
 0.110837E+00  0.126613E+02  0.229062E+00
 0.111066E+00  0.123034E+02  0.232421E+00
 0.111294E+00  0.125294E+02  0.232786E+00
 0.111522E+00  0.126120E+02  0.228454E+00
 0.111751E+00  0.126122E+02  0.231682E+00
 0.111979E+00  0.123453E+02  0.231685E+00
 0.112207E+00  0.119386E+02  0.230835E+00
 0.112435E+00  0.117919E+02  0.228999E+00
 0.112664E+00  0.123016E+02  0.232023E+00
 0.112892E+00  0.119206E+02  0.230929E+00
 0.113120E+00  0.114711E+02  0.231532E+00
 0.113349E+00  0.119744E+02  0.230510E+00
 0.113577E+00  0.116899E+02  0.228861E+00
 0.113805E+00  0.112253E+02  0.230369E+00
 0.114034E+00  0.115278E+02  0.231830E+00
 0.114262E+00  0.115631E+02  0.231563E+00
 0.114490E+00  0.114927E+02  0.228957E+00
 0.114719E+00  0.113865E+02  0.231742E+00
 0.114947E+00  0.115091E+02  0.230877E+00
 0.115175E+00  0.113685E+02  0.229485E+00
 0.115404E+00  0.114609E+02  0.230637E+00
 0.115632E+00  0.109427E+02  0.230477E+00
 0.115860E+00  0.103497E+02  0.230605E+00
 0.116088E+00  0.103044E+02  0.230642E+00
 0.116317E+00  0.105075E+02  0.230159E+00
 0.116545E+00  0.105491E+02  0.228880E+00
 0.116773E+00  0.108917E+02  0.229773E+00
 0.117002E+00  0.109035E+02  0.230199E+00
 0.117230E+00  0.104858E+02  0.230254E+00
 0.117458E+00  0.105498E+02  0.228111E+00
 0.117687E+00  0.975693E+01  0.230012E+00
 0.117915E+00  0.985121E+01  0.230435E+00
 0.118143E+00  0.103590E+02  0.230246E+00
 0.118372E+00  0.109763E+02  0.230030E+00
 0.118600E+00  0.106697E+02  0.230200E+00
 0.118828E+00  0.105922E+02  0.229777E+00
 0.119057E+00  0.102922E+02  0.229653E+00
 0.119285E+00  0.102361E+02  0.227719E+00
 0.119513E+00  0.100624E+02  0.230286E+00
 0.119741E+00  0.957708E+01  0.229659E+00
 0.119970E+00  0.969432E+01  0.230831E+00
 0.120198E+00  0.102426E+02  0.230009E+00
 0.120426E+00  0.986470E+01  0.228149E+00
 0.120655E+00  0.100048E+02  0.229396E+00
 0.120883E+00  0.100858E+02  0.229671E+00
 0.121111E+00  0.958110E+01  0.227859E+00
 0.121340E+00  0.948265E+01  0.228407E+00
 0.121568E+00  0.939247E+01  0.229069E+00
 0.121796E+00  0.960250E+01  0.230500E+00
 0.122025E+00  0.918253E+01  0.229533E+00
 0.122253E+00  0.912506E+01  0.227078E+00
 0.122481E+00  0.945145E+01  0.230385E+00
 0.122709E+00  0.918164E+01  0.229504E+00
 0.122938E+00  0.889293E+01  0.229566E+00
 0.123166E+00  0.863433E+01  0.228021E+00
 0.123394E+00  0.830793E+01  0.227025E+00
 0.123623E+00  0.866512E+01  0.228807E+00
 0.123851E+00  0.878546E+01  0.228622E+00
 0.124079E+00  0.865777E+01  0.228270E+00
 0.124308E+00  0.817276E+01  0.228450E+00
 0.124536E+00  0.871842E+01  0.227405E+00
 0.124764E+00  0.882472E+01  0.227411E+00
 0.124993E+00  0.893083E+01  0.227755E+00
 0.125221E+00  0.868726E+01  0.228310E+00
 0.125449E+00  0.849443E+01  0.227588E+00
 0.125678E+00  0.836153E+01  0.230004E+00
 0.125906E+00  0.873290E+01  0.228745E+00
 0.126134E+00  0.856608E+01  0.226880E+00
 0.126362E+00  0.857370E+01  0.226232E+00
 0.126591E+00  0.854611E+01  0.228473E+00
 0.126819E+00  0.853489E+01  0.228567E+00
 0.127047E+00  0.830174E+01  0.226163E+00
 0.127276E+00  0.810254E+01  0.228657E+00
 0.127504E+00  0.795217E+01  0.229336E+00
 0.127732E+00  0.815109E+01  0.228132E+00
 0.127961E+00  0.844408E+01  0.226684E+00
 0.128189E+00  0.818292E+01  0.227393E+00
 0.128417E+00  0.792331E+01  0.226945E+00
 0.128646E+00  0.758966E+01  0.228513E+00
 0.128874E+00  0.783346E+01  0.226873E+00
 0.129102E+00  0.749164E+01  0.226533E+00
 0.129330E+00  0.750763E+01  0.227348E+00
 0.129559E+00  0.753145E+01  0.227625E+00
 0.129787E+00  0.742231E+01  0.228450E+00
 0.130015E+00  0.753314E+01  0.225985E+00
 0.130244E+00  0.785301E+01  0.227221E+00
 0.130472E+00  0.756580E+01  0.227601E+00
 0.130700E+00  0.728830E+01  0.226295E+00
 0.130929E+00  0.702395E+01  0.225560E+00
 0.131157E+00  0.676226E+01  0.228090E+00
 0.131385E+00  0.699035E+01  0.228414E+00
 0.131614E+00  0.722148E+01  0.228609E+00
 0.131842E+00  0.718466E+01  0.225146E+00
 0.132070E+00  0.709556E+01  0.224830E+00
 0.132299E+00  0.730470E+01  0.226567E+00
 0.132527E+00  0.773683E+01  0.227592E+00
 0.132755E+00  0.812498E+01  0.226181E+00
 0.132983E+00  0.743592E+01  0.226089E+00
 0.133212E+00  0.700421E+01  0.228120E+00
 0.133440E+00  0.698333E+01  0.227170E+00
 0.133668E+00  0.701560E+01  0.224307E+00
 0.133897E+00  0.713503E+01  0.225719E+00
 0.134125E+00  0.700220E+01  0.227565E+00
 0.134353E+00  0.689452E+01  0.227344E+00
 0.134582E+00  0.689214E+01  0.225831E+00
 0.134810E+00  0.651496E+01  0.224149E+00
 0.135038E+00  0.664390E+01  0.225605E+00
 0.135267E+00  0.654461E+01  0.226418E+00
 0.135495E+00  0.641439E+01  0.226431E+00
 0.135723E+00  0.644645E+01  0.225100E+00
 0.135951E+00  0.632167E+01  0.224174E+00
 0.136180E+00  0.666740E+01  0.225785E+00
 0.136408E+00  0.628976E+01  0.226552E+00
 0.136636E+00  0.635060E+01  0.224944E+00
 0.136865E+00  0.620797E+01  0.226115E+00
 0.137093E+00  0.621425E+01  0.227154E+00
 0.137321E+00  0.685797E+01  0.226399E+00
 0.137550E+00  0.673813E+01  0.224215E+00
 0.137778E+00  0.637101E+01  0.225500E+00
 0.138006E+00  0.614232E+01  0.225318E+00
 0.138235E+00  0.633734E+01  0.226691E+00
 0.138463E+00  0.646689E+01  0.226866E+00
 0.138691E+00  0.643202E+01  0.224546E+00
 0.138920E+00  0.632793E+01  0.225165E+00
 0.139148E+00  0.599527E+01  0.225698E+00
 0.139376E+00  0.624078E+01  0.225233E+00
 0.139604E+00  0.655578E+01  0.224420E+00
 0.139833E+00  0.646243E+01  0.225596E+00
 0.140061E+00  0.612682E+01  0.226369E+00
 0.140289E+00  0.574852E+01  0.224724E+00
 0.140518E+00  0.540283E+01  0.224198E+00
 0.140746E+00  0.566011E+01  0.226324E+00
 0.140974E+00  0.586296E+01  0.225115E+00
 0.141203E+00  0.620382E+01  0.226178E+00
 0.141431E+00  0.610866E+01  0.226196E+00
 0.141659E+00  0.544014E+01  0.223533E+00
 0.141888E+00  0.514841E+01  0.224910E+00
 0.142116E+00  0.544560E+01  0.225815E+00
 0.142344E+00  0.570944E+01  0.226045E+00
 0.142572E+00  0.582328E+01  0.225073E+00
 0.142801E+00  0.554832E+01  0.225248E+00
 0.143029E+00  0.552648E+01  0.224240E+00
 0.143257E+00  0.593646E+01  0.224173E+00
 0.143486E+00  0.620860E+01  0.225186E+00
 0.143714E+00  0.562410E+01  0.225057E+00
 0.143942E+00  0.542307E+01  0.224563E+00
 0.144171E+00  0.535660E+01  0.224849E+00
 0.144399E+00  0.534074E+01  0.224864E+00
 0.144627E+00  0.511696E+01  0.223850E+00
 0.144856E+00  0.490944E+01  0.224155E+00
 0.145084E+00  0.500918E+01  0.224633E+00
 0.145312E+00  0.546605E+01  0.224601E+00
 0.145541E+00  0.553383E+01  0.224442E+00
 0.145769E+00  0.569740E+01  0.225000E+00
 0.145997E+00  0.535537E+01  0.223166E+00
 0.146225E+00  0.503879E+01  0.223145E+00
 0.146454E+00  0.490574E+01  0.224491E+00
 0.146682E+00  0.491394E+01  0.223445E+00
 0.146910E+00  0.553218E+01  0.224255E+00
 0.147139E+00  0.569320E+01  0.225236E+00
 0.147367E+00  0.550991E+01  0.224084E+00
 0.147595E+00  0.558719E+01  0.223354E+00
 0.147824E+00  0.561682E+01  0.225473E+00
 0.148052E+00  0.544666E+01  0.225457E+00
 0.148280E+00  0.531308E+01  0.223376E+00
 0.148509E+00  0.500213E+01  0.224672E+00
 0.148737E+00  0.482063E+01  0.222818E+00
 0.148965E+00  0.498647E+01  0.222767E+00
 0.149193E+00  0.483334E+01  0.223469E+00
 0.149422E+00  0.450756E+01  0.224308E+00
 0.149650E+00  0.453674E+01  0.225052E+00
 0.149878E+00  0.471524E+01  0.224389E+00
 0.150107E+00  0.522296E+01  0.224982E+00
 0.150335E+00  0.543783E+01  0.224981E+00
 0.150563E+00  0.535635E+01  0.223257E+00
 0.150792E+00  0.482964E+01  0.224616E+00
 0.151020E+00  0.468722E+01  0.225612E+00
 0.151248E+00  0.469185E+01  0.224341E+00
 0.151477E+00  0.508118E+01  0.223105E+00
 0.151705E+00  0.544504E+01  0.223444E+00
 0.151933E+00  0.496889E+01  0.223868E+00
 0.152162E+00  0.430873E+01  0.224637E+00
 0.152390E+00  0.437214E+01  0.222831E+00
 0.152618E+00  0.465158E+01  0.224326E+00
 0.152846E+00  0.461736E+01  0.223632E+00
 0.153075E+00  0.464258E+01  0.224386E+00
 0.153303E+00  0.481089E+01  0.224128E+00
 0.153531E+00  0.482447E+01  0.222355E+00
 0.153760E+00  0.464486E+01  0.224693E+00
 0.153988E+00  0.436722E+01  0.224616E+00
 0.154216E+00  0.461653E+01  0.222827E+00
 0.154445E+00  0.509851E+01  0.222447E+00
 0.154673E+00  0.490219E+01  0.222840E+00
 0.154901E+00  0.477579E+01  0.223419E+00
 0.155130E+00  0.461957E+01  0.224427E+00
 0.155358E+00  0.475503E+01  0.224744E+00
 0.155586E+00  0.465947E+01  0.224320E+00
 0.155814E+00  0.510756E+01  0.222611E+00
 0.156043E+00  0.436953E+01  0.222709E+00
 0.156271E+00  0.414358E+01  0.223295E+00
 0.156499E+00  0.414787E+01  0.222931E+00
 0.156728E+00  0.448274E+01  0.224184E+00
 0.156956E+00  0.435320E+01  0.224681E+00
 0.157184E+00  0.403832E+01  0.222123E+00
 0.157413E+00  0.448856E+01  0.223225E+00
 0.157641E+00  0.473579E+01  0.223645E+00
 0.157869E+00  0.416977E+01  0.222864E+00
 0.158098E+00  0.444222E+01  0.223754E+00
 0.158326E+00  0.432425E+01  0.223744E+00
 0.158554E+00  0.444435E+01  0.178980E+00
 0.158783E+00  0.445484E+01  0.152955E+00
 0.159011E+00  0.429507E+01  0.153347E+00
 0.159239E+00  0.438951E+01  0.154355E+00
 0.159467E+00  0.444950E+01  0.153555E+00
 0.159696E+00  0.415521E+01  0.153441E+00
 0.159924E+00  0.409395E+01  0.153169E+00
 0.160152E+00  0.408633E+01  0.151874E+00
 0.160381E+00  0.415982E+01  0.153073E+00
 0.160609E+00  0.454047E+01  0.153312E+00
 0.160837E+00  0.414621E+01  0.152888E+00
 0.161066E+00  0.383387E+01  0.152942E+00
 0.161294E+00  0.415885E+01  0.152623E+00
 0.161522E+00  0.433302E+01  0.152313E+00
 0.161751E+00  0.412923E+01  0.152789E+00
 0.161979E+00  0.395067E+01  0.152969E+00
 0.162207E+00  0.379653E+01  0.153151E+00
 0.162435E+00  0.403906E+01  0.152690E+00
 0.162664E+00  0.433979E+01  0.152980E+00
 0.162892E+00  0.419068E+01  0.152489E+00
 0.163120E+00  0.397567E+01  0.151350E+00
 0.163349E+00  0.397185E+01  0.153143E+00
 0.163577E+00  0.419386E+01  0.153219E+00
 0.163805E+00  0.447423E+01  0.152479E+00
 0.164034E+00  0.407146E+01  0.153109E+00
 0.164262E+00  0.392479E+01  0.152515E+00
 0.164490E+00  0.372876E+01  0.152734E+00
 0.164719E+00  0.378883E+01  0.153240E+00
 0.164947E+00  0.388309E+01  0.153378E+00
 0.165175E+00  0.384069E+01  0.152625E+00
 0.165404E+00  0.401144E+01  0.151865E+00
 0.165632E+00  0.384751E+01  0.151908E+00
 0.165860E+00  0.378288E+01  0.153005E+00
 0.166088E+00  0.390190E+01  0.151726E+00
 0.166317E+00  0.382336E+01  0.152998E+00
 0.166545E+00  0.375597E+01  0.153716E+00
 0.166773E+00  0.340521E+01  0.153222E+00
 0.167002E+00  0.342265E+01  0.151762E+00
 0.167230E+00  0.359471E+01  0.151807E+00
 0.167458E+00  0.360162E+01  0.152143E+00
 0.167687E+00  0.371285E+01  0.152489E+00
 0.167915E+00  0.368791E+01  0.152895E+00
 0.168143E+00  0.366394E+01  0.152078E+00
 0.168372E+00  0.368208E+01  0.152685E+00
 0.168600E+00  0.376885E+01  0.152448E+00
 0.168828E+00  0.388506E+01  0.152761E+00
 0.169056E+00  0.365917E+01  0.151356E+00
 0.169285E+00  0.366414E+01  0.152859E+00
 0.169513E+00  0.333748E+01  0.151709E+00
 0.169741E+00  0.341273E+01  0.152191E+00
 0.169970E+00  0.367318E+01  0.152281E+00
 0.170198E+00  0.386878E+01  0.152658E+00
 0.170426E+00  0.363455E+01  0.152595E+00
 0.170655E+00  0.350463E+01  0.153771E+00
 0.170883E+00  0.335516E+01  0.152471E+00
 0.171111E+00  0.320189E+01  0.151397E+00
 0.171340E+00  0.333274E+01  0.152094E+00
 0.171568E+00  0.342348E+01  0.152181E+00
 0.171796E+00  0.355081E+01  0.151621E+00
 0.172025E+00  0.345987E+01  0.151816E+00
 0.172253E+00  0.335447E+01  0.152753E+00
 0.172481E+00  0.317198E+01  0.152517E+00
 0.172709E+00  0.315952E+01  0.150599E+00
 0.172938E+00  0.330027E+01  0.151859E+00
 0.173166E+00  0.332983E+01  0.152895E+00
 0.173394E+00  0.344602E+01  0.152748E+00
 0.173623E+00  0.324321E+01  0.152705E+00
 0.173851E+00  0.325596E+01  0.152842E+00
 0.174079E+00  0.341431E+01  0.151267E+00
 0.174308E+00  0.313820E+01  0.151915E+00
 0.174536E+00  0.278253E+01  0.151409E+00
 0.174764E+00  0.309038E+01  0.151822E+00
 0.174993E+00  0.313755E+01  0.152102E+00
 0.175221E+00  0.317138E+01  0.152429E+00
 0.175449E+00  0.310561E+01  0.151407E+00
 0.175677E+00  0.292612E+01  0.152019E+00
 0.175906E+00  0.306098E+01  0.153077E+00
 0.176134E+00  0.318790E+01  0.152549E+00
 0.176362E+00  0.335245E+01  0.151273E+00
 0.176591E+00  0.316213E+01  0.151888E+00
 0.176819E+00  0.294006E+01  0.151345E+00
 0.177047E+00  0.294430E+01  0.151047E+00
 0.177276E+00  0.301103E+01  0.152401E+00
 0.177504E+00  0.300475E+01  0.151938E+00
 0.177732E+00  0.272162E+01  0.150810E+00
 0.177961E+00  0.265083E+01  0.152398E+00
 0.178189E+00  0.285864E+01  0.151678E+00
 0.178417E+00  0.289678E+01  0.150367E+00
 0.178646E+00  0.334406E+01  0.151675E+00
 0.178874E+00  0.341660E+01  0.152080E+00
 0.179102E+00  0.304784E+01  0.152207E+00
 0.179330E+00  0.295017E+01  0.151767E+00
 0.179559E+00  0.303754E+01  0.152141E+00
 0.179787E+00  0.313113E+01  0.152418E+00
 0.180015E+00  0.309240E+01  0.151475E+00
 0.180244E+00  0.294925E+01  0.151959E+00
 0.180472E+00  0.303969E+01  0.152424E+00
 0.180700E+00  0.324297E+01  0.152141E+00
 0.180929E+00  0.307770E+01  0.151829E+00
 0.181157E+00  0.302153E+01  0.151111E+00
 0.181385E+00  0.343255E+01  0.151933E+00
 0.181614E+00  0.361918E+01  0.152162E+00
 0.181842E+00  0.315117E+01  0.151345E+00
 0.182070E+00  0.292926E+01  0.151975E+00
 0.182298E+00  0.308586E+01  0.151899E+00
 0.182527E+00  0.294616E+01  0.150600E+00
 0.182755E+00  0.287377E+01  0.151182E+00
 0.182983E+00  0.311845E+01  0.151435E+00
 0.183212E+00  0.295297E+01  0.152690E+00
 0.183440E+00  0.275801E+01  0.152296E+00
 0.183668E+00  0.294136E+01  0.152208E+00
 0.183897E+00  0.304100E+01  0.150952E+00
 0.184125E+00  0.281074E+01  0.151203E+00
 0.184353E+00  0.281262E+01  0.151129E+00
 0.184582E+00  0.291726E+01  0.151814E+00
 0.184810E+00  0.318497E+01  0.152420E+00
 0.185038E+00  0.278306E+01  0.151891E+00
 0.185267E+00  0.268087E+01  0.151970E+00
 0.185495E+00  0.277249E+01  0.159562E+00
 0.185723E+00  0.264760E+01  0.110608E+00
 0.185951E+00  0.259952E+01  0.110640E+00
 0.186180E+00  0.284161E+01  0.111381E+00
 0.186408E+00  0.261859E+01  0.111201E+00
 0.186636E+00  0.250313E+01  0.110382E+00
 0.186865E+00  0.264009E+01  0.110923E+00
 0.187093E+00  0.279063E+01  0.111769E+00
 0.187321E+00  0.277394E+01  0.110877E+00
 0.187550E+00  0.276149E+01  0.110948E+00
 0.187778E+00  0.258020E+01  0.111453E+00
 0.188006E+00  0.259987E+01  0.110834E+00
 0.188235E+00  0.253656E+01  0.110810E+00
 0.188463E+00  0.258546E+01  0.111217E+00
 0.188691E+00  0.276386E+01  0.111731E+00
 0.188919E+00  0.269413E+01  0.111080E+00
 0.189148E+00  0.271662E+01  0.111316E+00
 0.189376E+00  0.270631E+01  0.111369E+00
 0.189604E+00  0.258098E+01  0.110400E+00
 0.189833E+00  0.248092E+01  0.110825E+00
 0.190061E+00  0.265219E+01  0.111341E+00
 0.190289E+00  0.254446E+01  0.110643E+00
 0.190518E+00  0.256293E+01  0.111089E+00
 0.190746E+00  0.266397E+01  0.111696E+00
 0.190974E+00  0.260392E+01  0.110425E+00
 0.191203E+00  0.243527E+01  0.111106E+00
 0.191431E+00  0.249232E+01  0.111038E+00
 0.191659E+00  0.268131E+01  0.110782E+00
 0.191888E+00  0.283128E+01  0.111858E+00
 0.192116E+00  0.281296E+01  0.111642E+00
 0.192344E+00  0.273166E+01  0.111401E+00
 0.192572E+00  0.279706E+01  0.110761E+00
 0.192801E+00  0.263095E+01  0.111445E+00
 0.193029E+00  0.248244E+01  0.110949E+00
 0.193257E+00  0.251386E+01  0.110157E+00
 0.193486E+00  0.277432E+01  0.111719E+00
 0.193714E+00  0.265276E+01  0.111283E+00
 0.193942E+00  0.237757E+01  0.110642E+00
 0.194171E+00  0.230224E+01  0.110722E+00
 0.194399E+00  0.233173E+01  0.110841E+00
 0.194627E+00  0.233125E+01  0.111127E+00
 0.194856E+00  0.251688E+01  0.111105E+00
 0.195084E+00  0.243228E+01  0.110811E+00
 0.195312E+00  0.236459E+01  0.111058E+00
 0.195540E+00  0.265890E+01  0.110541E+00
 0.195769E+00  0.288313E+01  0.111497E+00
 0.195997E+00  0.286643E+01  0.111818E+00
 0.196225E+00  0.281908E+01  0.111332E+00
 0.196454E+00  0.266285E+01  0.111582E+00
 0.196682E+00  0.263824E+01  0.111397E+00
 0.196910E+00  0.262746E+01  0.110685E+00
 0.197139E+00  0.246572E+01  0.110913E+00
 0.197367E+00  0.234357E+01  0.111157E+00
 0.197595E+00  0.230354E+01  0.111241E+00
 0.197824E+00  0.229040E+01  0.111397E+00
 0.198052E+00  0.262381E+01  0.111388E+00
 0.198280E+00  0.271049E+01  0.110847E+00
 0.198509E+00  0.276325E+01  0.111698E+00
 0.198737E+00  0.262231E+01  0.111104E+00
 0.198965E+00  0.255016E+01  0.111296E+00
 0.199193E+00  0.242828E+01  0.110848E+00
 0.199422E+00  0.222326E+01  0.110787E+00
 0.199650E+00  0.233483E+01  0.111389E+00
 0.199878E+00  0.245209E+01  0.111013E+00
 0.200107E+00  0.249237E+01  0.111665E+00
 0.200335E+00  0.264241E+01  0.111599E+00
 0.200563E+00  0.278079E+01  0.110238E+00
 0.200792E+00  0.265105E+01  0.111275E+00
 0.201020E+00  0.253641E+01  0.111241E+00
 0.201248E+00  0.251727E+01  0.110348E+00
 0.201477E+00  0.237862E+01  0.111632E+00
 0.201705E+00  0.229906E+01  0.111063E+00
 0.201933E+00  0.237744E+01  0.111075E+00
 0.202161E+00  0.234590E+01  0.110526E+00
 0.202390E+00  0.237880E+01  0.110774E+00
 0.202618E+00  0.216355E+01  0.111287E+00
 0.202846E+00  0.217198E+01  0.111262E+00
 0.203075E+00  0.224686E+01  0.111535E+00
 0.203303E+00  0.235954E+01  0.111979E+00
 0.203531E+00  0.224175E+01  0.110836E+00
 0.203760E+00  0.215440E+01  0.111503E+00
 0.203988E+00  0.227285E+01  0.111237E+00
 0.204216E+00  0.223642E+01  0.110812E+00
 0.204445E+00  0.220376E+01  0.110951E+00
 0.204673E+00  0.227318E+01  0.111265E+00
 0.204901E+00  0.222116E+01  0.111107E+00
 0.205130E+00  0.234498E+01  0.111676E+00
 0.205358E+00  0.250318E+01  0.111671E+00
 0.205586E+00  0.266600E+01  0.111496E+00
 0.205814E+00  0.241472E+01  0.111791E+00
 0.206043E+00  0.217856E+01  0.113806E+00
 0.206271E+00  0.231387E+01  0.115907E+00
 0.206499E+00  0.261669E+01  0.116430E+00
 0.206728E+00  0.244557E+01  0.117455E+00
 0.206956E+00  0.239915E+01  0.117581E+00
 0.207184E+00  0.238734E+01  0.118120E+00
 0.207413E+00  0.254417E+01  0.119057E+00
 0.207641E+00  0.253388E+01  0.119039E+00
 0.207869E+00  0.241347E+01  0.118909E+00
 0.208098E+00  0.220803E+01  0.119740E+00
 0.208326E+00  0.223754E+01  0.119653E+00
 0.208554E+00  0.240911E+01  0.120053E+00
 0.208782E+00  0.231129E+01  0.120626E+00
 0.209011E+00  0.233420E+01  0.121727E+00
 0.209239E+00  0.224923E+01  0.121994E+00
 0.209467E+00  0.215303E+01  0.121643E+00
 0.209696E+00  0.215915E+01  0.121835E+00
 0.209924E+00  0.234702E+01  0.122808E+00
 0.210152E+00  0.255246E+01  0.122984E+00
 0.210381E+00  0.214309E+01  0.123284E+00
 0.210609E+00  0.225069E+01  0.124301E+00
 0.210837E+00  0.222011E+01  0.123876E+00
 0.211066E+00  0.208579E+01  0.123960E+00
 0.211294E+00  0.220077E+01  0.124817E+00
 0.211522E+00  0.236148E+01  0.125244E+00
 0.211751E+00  0.249294E+01  0.125262E+00
 0.211979E+00  0.252676E+01  0.125476E+00
 0.212207E+00  0.249125E+01  0.126673E+00
 0.212435E+00  0.232442E+01  0.126261E+00
 0.212664E+00  0.241909E+01  0.127387E+00
 0.212892E+00  0.224481E+01  0.127837E+00
 0.213120E+00  0.203824E+01  0.127448E+00
 0.213349E+00  0.196902E+01  0.127640E+00
 0.213577E+00  0.202430E+01  0.127413E+00
 0.213805E+00  0.232456E+01  0.128288E+00
 0.214034E+00  0.239161E+01  0.129912E+00
 0.214262E+00  0.237539E+01  0.129643E+00
 0.214490E+00  0.221142E+01  0.129899E+00
 0.214719E+00  0.205254E+01  0.130466E+00
 0.214947E+00  0.218366E+01  0.130823E+00
 0.215175E+00  0.192227E+01  0.130751E+00
 0.215404E+00  0.188374E+01  0.130246E+00
 0.215632E+00  0.202057E+01  0.131024E+00
 0.215860E+00  0.211892E+01  0.131332E+00
 0.216088E+00  0.217317E+01  0.131464E+00
 0.216317E+00  0.230087E+01  0.132295E+00
 0.216545E+00  0.237704E+01  0.132774E+00
 0.216773E+00  0.241886E+01  0.132164E+00
 0.217002E+00  0.228878E+01  0.132588E+00
 0.217230E+00  0.207139E+01  0.132873E+00
 0.217458E+00  0.171215E+01  0.131924E+00
 0.217687E+00  0.195090E+01  0.132512E+00
 0.217915E+00  0.227441E+01  0.133958E+00
 0.218143E+00  0.222772E+01  0.133460E+00
 0.218372E+00  0.210234E+01  0.133937E+00
 0.218600E+00  0.207479E+01  0.134241E+00
 0.218828E+00  0.196772E+01  0.134316E+00
 0.219056E+00  0.205960E+01  0.133024E+00
 0.219285E+00  0.229524E+01  0.133981E+00
 0.219513E+00  0.242992E+01  0.134676E+00
 0.219741E+00  0.226020E+01  0.134718E+00
 0.219970E+00  0.212478E+01  0.134487E+00
 0.220198E+00  0.209134E+01  0.134884E+00
 0.220426E+00  0.214546E+01  0.134603E+00
 0.220655E+00  0.216912E+01  0.135557E+00
 0.220883E+00  0.225970E+01  0.135578E+00
 0.221111E+00  0.234793E+01  0.134794E+00
 0.221340E+00  0.210186E+01  0.135540E+00
 0.221568E+00  0.211152E+01  0.136114E+00
 0.221796E+00  0.204470E+01  0.135715E+00
 0.222025E+00  0.174952E+01  0.135824E+00
 0.222253E+00  0.201150E+01  0.135554E+00
 0.222481E+00  0.210579E+01  0.135986E+00
 0.222709E+00  0.183436E+01  0.134897E+00
 0.222938E+00  0.197696E+01  0.135754E+00
 0.223166E+00  0.215217E+01  0.136023E+00
 0.223394E+00  0.199611E+01  0.135495E+00
 0.223623E+00  0.200741E+01  0.136579E+00
 0.223851E+00  0.198091E+01  0.136845E+00
 0.224079E+00  0.191950E+01  0.136528E+00
 0.224308E+00  0.203271E+01  0.136340E+00
 0.224536E+00  0.226457E+01  0.136926E+00
 0.224764E+00  0.206166E+01  0.136270E+00
 0.224993E+00  0.202581E+01  0.137080E+00
 0.225221E+00  0.225019E+01  0.137268E+00
 0.225449E+00  0.238919E+01  0.137998E+00
 0.225677E+00  0.215058E+01  0.136611E+00
 0.225906E+00  0.217502E+01  0.137412E+00
 0.226134E+00  0.212196E+01  0.137767E+00
 0.226362E+00  0.212964E+01  0.136452E+00
 0.226591E+00  0.215595E+01  0.136912E+00
 0.226819E+00  0.238628E+01  0.137851E+00
 0.227047E+00  0.210315E+01  0.137101E+00
 0.227276E+00  0.201566E+01  0.136894E+00
 0.227504E+00  0.202120E+01  0.137575E+00
 0.227732E+00  0.208307E+01  0.137551E+00
 0.227961E+00  0.212877E+01  0.137956E+00
 0.228189E+00  0.199237E+01  0.137807E+00
 0.228417E+00  0.196392E+01  0.136854E+00
 0.228646E+00  0.219478E+01  0.137746E+00
 0.228874E+00  0.222249E+01  0.137588E+00
 0.229102E+00  0.183007E+01  0.137120E+00
 0.229330E+00  0.204785E+01  0.137380E+00
 0.229559E+00  0.205811E+01  0.137845E+00
 0.229787E+00  0.232178E+01  0.138529E+00
 0.230015E+00  0.223077E+01  0.137536E+00
 0.230244E+00  0.216206E+01  0.137735E+00
 0.230472E+00  0.212146E+01  0.137685E+00
 0.230700E+00  0.207995E+01  0.136933E+00
 0.230929E+00  0.188078E+01  0.137113E+00
 0.231157E+00  0.184342E+01  0.137338E+00
 0.231385E+00  0.205727E+01  0.136237E+00
 0.231614E+00  0.185742E+01  0.136271E+00
 0.231842E+00  0.186757E+01  0.135778E+00
 0.232070E+00  0.208607E+01  0.135759E+00
 0.232298E+00  0.186922E+01  0.135019E+00
 0.232527E+00  0.203440E+01  0.136000E+00
 0.232755E+00  0.224120E+01  0.136505E+00
 0.232983E+00  0.209347E+01  0.135592E+00
 0.233212E+00  0.201530E+01  0.136132E+00
 0.233440E+00  0.191693E+01  0.135925E+00
 0.233668E+00  0.175627E+01  0.135092E+00
 0.233897E+00  0.188769E+01  0.135623E+00
 0.234125E+00  0.209230E+01  0.135130E+00
 0.234353E+00  0.187617E+01  0.134528E+00
 0.234582E+00  0.180220E+01  0.135041E+00
 0.234810E+00  0.166404E+01  0.134874E+00
 0.235038E+00  0.194655E+01  0.134583E+00
 0.235267E+00  0.179443E+01  0.135090E+00
 0.235495E+00  0.165931E+01  0.134714E+00
 0.235723E+00  0.179413E+01  0.134471E+00
 0.235951E+00  0.186436E+01  0.134038E+00
 0.236180E+00  0.225691E+01  0.134260E+00
 0.236408E+00  0.243226E+01  0.134180E+00
 0.236636E+00  0.249535E+01  0.133973E+00
 0.236865E+00  0.218446E+01  0.134522E+00
 0.237093E+00  0.202836E+01  0.133835E+00
 0.237321E+00  0.187614E+01  0.133332E+00
 0.237550E+00  0.173468E+01  0.132619E+00
 0.237778E+00  0.166424E+01  0.132567E+00
 0.238006E+00  0.186004E+01  0.132880E+00
 0.238235E+00  0.175519E+01  0.133667E+00
 0.238463E+00  0.186766E+01  0.133216E+00
 0.238691E+00  0.175700E+01  0.132732E+00
 0.238919E+00  0.175544E+01  0.132796E+00
 0.239148E+00  0.157216E+01  0.132933E+00
 0.239376E+00  0.150969E+01  0.132471E+00
 0.239604E+00  0.172856E+01  0.131951E+00
 0.239833E+00  0.179404E+01  0.131727E+00
 0.240061E+00  0.177373E+01  0.132230E+00
 0.240289E+00  0.200676E+01  0.131897E+00
 0.240518E+00  0.210429E+01  0.132017E+00
 0.240746E+00  0.194473E+01  0.131655E+00
 0.240974E+00  0.199098E+01  0.130326E+00
 0.241203E+00  0.187958E+01  0.129613E+00
 0.241431E+00  0.198695E+01  0.128915E+00
 0.241659E+00  0.200645E+01  0.128829E+00
 0.241888E+00  0.175530E+01  0.128690E+00
 0.242116E+00  0.194979E+01  0.128339E+00
 0.242344E+00  0.205209E+01  0.128285E+00
 0.242572E+00  0.201627E+01  0.127169E+00
 0.242801E+00  0.187032E+01  0.127201E+00
 0.243029E+00  0.184846E+01  0.126859E+00
 0.243257E+00  0.190796E+01  0.125388E+00
 0.243486E+00  0.182010E+01  0.125640E+00
 0.243714E+00  0.186484E+01  0.124973E+00
 0.243942E+00  0.190654E+01  0.124541E+00
 0.244171E+00  0.202068E+01  0.125037E+00
 0.244399E+00  0.202749E+01  0.124214E+00
 0.244627E+00  0.191587E+01  0.123769E+00
 0.244856E+00  0.172339E+01  0.123303E+00
 0.245084E+00  0.178083E+01  0.121824E+00
 0.245312E+00  0.157118E+01  0.122270E+00
 0.245540E+00  0.162658E+01  0.121743E+00
 0.245769E+00  0.185817E+01  0.122254E+00
 0.245997E+00  0.209641E+01  0.121704E+00
 0.246225E+00  0.198558E+01  0.121210E+00
 0.246454E+00  0.206868E+01  0.121129E+00
 0.246682E+00  0.181362E+01  0.120743E+00
 0.246910E+00  0.167364E+01  0.119503E+00
 0.247139E+00  0.159134E+01  0.119052E+00
 0.247367E+00  0.176943E+01  0.117105E+00
 0.247595E+00  0.178178E+01  0.113448E+00
 0.247824E+00  0.185233E+01  0.111264E+00
 0.248052E+00  0.192783E+01  0.111146E+00
 0.248280E+00  0.186779E+01  0.110580E+00
 0.248509E+00  0.195283E+01  0.111355E+00
 0.248737E+00  0.194182E+01  0.110771E+00
 0.248965E+00  0.200482E+01  0.111496E+00
 0.249193E+00  0.186002E+01  0.111096E+00
 0.249422E+00  0.180413E+01  0.111486E+00
 0.249650E+00  0.185070E+01  0.111300E+00
 0.249878E+00  0.192528E+01  0.111352E+00
 0.250107E+00  0.189704E+01  0.111726E+00
 0.250335E+00  0.180125E+01  0.111209E+00
 0.250563E+00  0.184115E+01  0.110768E+00
 0.250792E+00  0.183575E+01  0.111341E+00
 0.251020E+00  0.175049E+01  0.111688E+00
 0.251248E+00  0.184810E+01  0.110588E+00
 0.251477E+00  0.175608E+01  0.111151E+00
 0.251705E+00  0.169885E+01  0.111097E+00
 0.251933E+00  0.170383E+01  0.111398E+00
 0.252161E+00  0.186412E+01  0.111163E+00
 0.252390E+00  0.196584E+01  0.110730E+00
 0.252618E+00  0.210845E+01  0.110905E+00
 0.252846E+00  0.213156E+01  0.110642E+00
 0.253075E+00  0.183546E+01  0.111377E+00
 0.253303E+00  0.156027E+01  0.111693E+00
 0.253531E+00  0.183701E+01  0.110919E+00
 0.253760E+00  0.203554E+01  0.111271E+00
 0.253988E+00  0.203799E+01  0.111542E+00
 0.254216E+00  0.202281E+01  0.111113E+00
 0.254445E+00  0.186438E+01  0.111211E+00
 0.254673E+00  0.183165E+01  0.111578E+00
 0.254901E+00  0.205455E+01  0.110619E+00
 0.255130E+00  0.200512E+01  0.111376E+00
 0.255358E+00  0.184018E+01  0.111233E+00
 0.255586E+00  0.168312E+01  0.111286E+00
 0.255814E+00  0.175420E+01  0.111025E+00
 0.256043E+00  0.194843E+01  0.111432E+00
 0.256271E+00  0.192576E+01  0.110813E+00
 0.256499E+00  0.181245E+01  0.110681E+00
 0.256728E+00  0.170826E+01  0.111146E+00
 0.256956E+00  0.181785E+01  0.111677E+00
 0.257184E+00  0.196123E+01  0.110728E+00
 0.257413E+00  0.213135E+01  0.111455E+00
 0.257641E+00  0.203199E+01  0.111525E+00
 0.257869E+00  0.204534E+01  0.110859E+00
 0.258098E+00  0.199966E+01  0.111451E+00
 0.258326E+00  0.184742E+01  0.111353E+00
 0.258554E+00  0.191066E+01  0.111208E+00
 0.258782E+00  0.188636E+01  0.111069E+00
 0.259011E+00  0.187120E+01  0.111545E+00
 0.259239E+00  0.195503E+01  0.111417E+00
 0.259467E+00  0.204772E+01  0.110741E+00
 0.259696E+00  0.197595E+01  0.111145E+00
 0.259924E+00  0.193618E+01  0.111250E+00
 0.260152E+00  0.197592E+01  0.110584E+00
 0.260381E+00  0.197663E+01  0.111356E+00
 0.260609E+00  0.198235E+01  0.111355E+00
 0.260837E+00  0.194429E+01  0.111166E+00
 0.261066E+00  0.202877E+01  0.111665E+00
 0.261294E+00  0.185400E+01  0.111016E+00
 0.261522E+00  0.169275E+01  0.110774E+00
 0.261751E+00  0.168471E+01  0.110516E+00
 0.261979E+00  0.186692E+01  0.111040E+00
 0.262207E+00  0.180399E+01  0.111674E+00
 0.262435E+00  0.173264E+01  0.111069E+00
 0.262664E+00  0.172847E+01  0.110958E+00
 0.262892E+00  0.192957E+01  0.111319E+00
 0.263120E+00  0.201669E+01  0.111136E+00
 0.263349E+00  0.202732E+01  0.111567E+00
 0.263577E+00  0.197948E+01  0.111633E+00
 0.263805E+00  0.187902E+01  0.110877E+00
 0.264034E+00  0.171641E+01  0.111119E+00
 0.264262E+00  0.155916E+01  0.111305E+00
 0.264490E+00  0.176932E+01  0.110255E+00
 0.264719E+00  0.193616E+01  0.111099E+00
 0.264947E+00  0.186045E+01  0.111286E+00
 0.265175E+00  0.182784E+01  0.111364E+00
 0.265403E+00  0.186849E+01  0.110957E+00
 0.265632E+00  0.184894E+01  0.111461E+00
 0.265860E+00  0.179639E+01  0.111486E+00
 0.266088E+00  0.192229E+01  0.111152E+00
 0.266317E+00  0.201448E+01  0.111333E+00
 0.266545E+00  0.201296E+01  0.111445E+00
 0.266773E+00  0.208217E+01  0.110973E+00
 0.267002E+00  0.204795E+01  0.111531E+00
 0.267230E+00  0.197204E+01  0.111486E+00
 0.267458E+00  0.194845E+01  0.111090E+00
 0.267687E+00  0.187365E+01  0.111445E+00
 0.267915E+00  0.196899E+01  0.111229E+00
 0.268143E+00  0.190324E+01  0.111284E+00
 0.268372E+00  0.182130E+01  0.111658E+00
 0.268600E+00  0.182107E+01  0.111217E+00
 0.268828E+00  0.191555E+01  0.111201E+00
 0.269056E+00  0.185035E+01  0.110882E+00
 0.269285E+00  0.180612E+01  0.111562E+00
 0.269513E+00  0.177918E+01  0.111675E+00
 0.269741E+00  0.171419E+01  0.111283E+00
 0.269970E+00  0.181611E+01  0.111406E+00
 0.270198E+00  0.161715E+01  0.111140E+00
 0.270426E+00  0.160637E+01  0.110954E+00
 0.270655E+00  0.176733E+01  0.111459E+00
 0.270883E+00  0.191947E+01  0.111264E+00
 0.271111E+00  0.192579E+01  0.110798E+00
 0.271340E+00  0.200170E+01  0.111639E+00
 0.271568E+00  0.211186E+01  0.111429E+00
 0.271796E+00  0.193024E+01  0.111235E+00
 0.272024E+00  0.190242E+01  0.111053E+00
 0.272253E+00  0.167549E+01  0.111358E+00
 0.272481E+00  0.164666E+01  0.111173E+00
 0.272709E+00  0.187047E+01  0.111088E+00
 0.272938E+00  0.177942E+01  0.111237E+00
 0.273166E+00  0.188023E+01  0.110789E+00
 0.273394E+00  0.197759E+01  0.110952E+00
 0.273623E+00  0.175032E+01  0.111395E+00
 0.273851E+00  0.171174E+01  0.111467E+00
 0.274079E+00  0.199503E+01  0.110653E+00
 0.274308E+00  0.206289E+01  0.111486E+00
 0.274536E+00  0.216438E+01  0.111894E+00
 0.274764E+00  0.208682E+01  0.111576E+00
 0.274993E+00  0.188955E+01  0.111590E+00
 0.275221E+00  0.191909E+01  0.111030E+00
 0.275449E+00  0.191213E+01  0.111436E+00
 0.275677E+00  0.183760E+01  0.110660E+00
 0.275906E+00  0.166359E+01  0.111137E+00
 0.276134E+00  0.170694E+01  0.111314E+00
 0.276362E+00  0.202524E+01  0.111124E+00
 0.276591E+00  0.208890E+01  0.111154E+00
 0.276819E+00  0.205581E+01  0.111708E+00
 0.277047E+00  0.188483E+01  0.111301E+00
 0.277276E+00  0.167111E+01  0.111063E+00
 0.277504E+00  0.172082E+01  0.111101E+00
 0.277732E+00  0.188585E+01  0.110436E+00
 0.277961E+00  0.193589E+01  0.111119E+00
 0.278189E+00  0.177485E+01  0.111037E+00
 0.278417E+00  0.178342E+01  0.111009E+00
 0.278645E+00  0.199318E+01  0.110615E+00
 0.278874E+00  0.191359E+01  0.111425E+00
 0.279102E+00  0.194056E+01  0.111734E+00
 0.279330E+00  0.216018E+01  0.111522E+00
 0.279559E+00  0.196338E+01  0.111782E+00
 0.279787E+00  0.192246E+01  0.111861E+00
 0.280015E+00  0.201945E+01  0.111497E+00
 0.280244E+00  0.180737E+01  0.111018E+00
 0.280472E+00  0.180168E+01  0.111021E+00
 0.280700E+00  0.194597E+01  0.110884E+00
 0.280929E+00  0.181272E+01  0.111468E+00
 0.281157E+00  0.200556E+01  0.111265E+00
 0.281385E+00  0.198418E+01  0.111031E+00
 0.281614E+00  0.192475E+01  0.111394E+00
 0.281842E+00  0.190621E+01  0.111128E+00
 0.282070E+00  0.206315E+01  0.111075E+00
 0.282298E+00  0.194938E+01  0.111088E+00
 0.282527E+00  0.190064E+01  0.110955E+00
 0.282755E+00  0.214962E+01  0.111222E+00
 0.282983E+00  0.208287E+01  0.111417E+00
 0.283212E+00  0.172829E+01  0.111507E+00
 0.283440E+00  0.168124E+01  0.111517E+00
 0.283668E+00  0.174484E+01  0.110875E+00
 0.283897E+00  0.175470E+01  0.111087E+00
 0.284125E+00  0.163820E+01  0.111153E+00
 0.284353E+00  0.161321E+01  0.111058E+00
 0.284582E+00  0.162942E+01  0.111157E+00
 0.284810E+00  0.176912E+01  0.110817E+00
 0.285038E+00  0.173333E+01  0.111202E+00
 0.285266E+00  0.173015E+01  0.111050E+00
 0.285495E+00  0.171253E+01  0.111093E+00
 0.285723E+00  0.186705E+01  0.111544E+00
 0.285951E+00  0.181886E+01  0.111137E+00
 0.286180E+00  0.156099E+01  0.111596E+00
 0.286408E+00  0.146810E+01  0.111385E+00
 0.286636E+00  0.171600E+01  0.110615E+00
 0.286865E+00  0.207781E+01  0.111279E+00
 0.287093E+00  0.196785E+01  0.111001E+00
 0.287321E+00  0.219005E+01  0.110545E+00
 0.287550E+00  0.210146E+01  0.111453E+00
 0.287778E+00  0.212710E+01  0.111612E+00
 0.288006E+00  0.209365E+01  0.111157E+00
 0.288235E+00  0.205209E+01  0.111450E+00
 0.288463E+00  0.212720E+01  0.111518E+00
 0.288691E+00  0.206733E+01  0.111624E+00
 0.288919E+00  0.184146E+01  0.110908E+00
 0.289148E+00  0.157413E+01  0.110922E+00
 0.289376E+00  0.188769E+01  0.110940E+00
 0.289604E+00  0.195401E+01  0.110879E+00
 0.289833E+00  0.194974E+01  0.111018E+00
 0.290061E+00  0.174683E+01  0.111371E+00
 0.290289E+00  0.179225E+01  0.111042E+00
 0.290518E+00  0.200156E+01  0.111333E+00
 0.290746E+00  0.196567E+01  0.111240E+00
 0.290974E+00  0.183846E+01  0.111005E+00
 0.291203E+00  0.187518E+01  0.111576E+00
 0.291431E+00  0.200351E+01  0.111326E+00
 0.291659E+00  0.184702E+01  0.110902E+00
 0.291887E+00  0.192672E+01  0.110618E+00
 0.292116E+00  0.206761E+01  0.111321E+00
 0.292344E+00  0.168693E+01  0.110878E+00
 0.292572E+00  0.141540E+01  0.110556E+00
 0.292801E+00  0.169889E+01  0.111227E+00
 0.293029E+00  0.195626E+01  0.111381E+00
 0.293257E+00  0.199209E+01  0.110900E+00
 0.293486E+00  0.182741E+01  0.111464E+00
 0.293714E+00  0.197742E+01  0.111366E+00
 0.293942E+00  0.181213E+01  0.110525E+00
 0.294171E+00  0.168988E+01  0.110685E+00
 0.294399E+00  0.161551E+01  0.111060E+00
 0.294627E+00  0.170220E+01  0.110632E+00
 0.294856E+00  0.178736E+01  0.111048E+00
 0.295084E+00  0.164180E+01  0.110725E+00
 0.295312E+00  0.159590E+01  0.110993E+00
 0.295540E+00  0.161028E+01  0.110852E+00
 0.295769E+00  0.176596E+01  0.110969E+00
 0.295997E+00  0.184935E+01  0.110813E+00
 0.296225E+00  0.187698E+01  0.110686E+00
 0.296454E+00  0.182839E+01  0.111202E+00
 0.296682E+00  0.192513E+01  0.110895E+00
 0.296910E+00  0.177122E+01  0.110756E+00
 0.297139E+00  0.181350E+01  0.111403E+00
 0.297367E+00  0.157788E+01  0.110997E+00
 0.297595E+00  0.155186E+01  0.110422E+00
 0.297824E+00  0.159770E+01  0.110960E+00
 0.298052E+00  0.153482E+01  0.110785E+00
 0.298280E+00  0.164454E+01  0.111345E+00
 0.298508E+00  0.151961E+01  0.110622E+00
 0.298737E+00  0.155363E+01  0.111095E+00
 0.298965E+00  0.153643E+01  0.111152E+00
 0.299193E+00  0.149717E+01  0.110759E+00
 0.299422E+00  0.159324E+01  0.111372E+00
 0.299650E+00  0.170224E+01  0.111298E+00
 0.299878E+00  0.182641E+01  0.110454E+00
 0.300107E+00  0.178291E+01  0.111094E+00
 0.300335E+00  0.177543E+01  0.111105E+00
 0.300563E+00  0.173612E+01  0.110478E+00
 0.300792E+00  0.184484E+01  0.110964E+00
 0.301020E+00  0.188658E+01  0.110986E+00
 0.301248E+00  0.205484E+01  0.110903E+00
 0.301477E+00  0.179883E+01  0.110964E+00
 0.301705E+00  0.198217E+01  0.110880E+00
 0.301933E+00  0.179122E+01  0.110599E+00
 0.302161E+00  0.185188E+01  0.110643E+00
 0.302390E+00  0.175614E+01  0.111305E+00
 0.302618E+00  0.167790E+01  0.111158E+00
 0.302846E+00  0.157295E+01  0.110514E+00
 0.303075E+00  0.156441E+01  0.110332E+00
 0.303303E+00  0.156023E+01  0.110165E+00
 0.303531E+00  0.167398E+01  0.110111E+00
 0.303760E+00  0.183901E+01  0.110844E+00
 0.303988E+00  0.179087E+01  0.111097E+00
 0.304216E+00  0.185970E+01  0.110614E+00
 0.304445E+00  0.181713E+01  0.110640E+00
 0.304673E+00  0.173003E+01  0.111067E+00
 0.304901E+00  0.160720E+01  0.111156E+00
 0.305129E+00  0.159003E+01  0.110917E+00
 0.305358E+00  0.178532E+01  0.111108E+00
 0.305586E+00  0.190142E+01  0.110737E+00
 0.305814E+00  0.206465E+01  0.110497E+00
 0.306043E+00  0.200072E+01  0.110771E+00
 0.306271E+00  0.185374E+01  0.110443E+00
 0.306499E+00  0.180619E+01  0.110036E+00
 0.306728E+00  0.174672E+01  0.110831E+00
 0.306956E+00  0.175002E+01  0.110804E+00
 0.307184E+00  0.182166E+01  0.110455E+00
 0.307413E+00  0.176577E+01  0.111027E+00
 0.307641E+00  0.202917E+01  0.111225E+00
 0.307869E+00  0.195366E+01  0.110445E+00
 0.308098E+00  0.190699E+01  0.110736E+00
 0.308326E+00  0.204575E+01  0.110979E+00
 0.308554E+00  0.191881E+01  0.110901E+00
 0.308782E+00  0.170875E+01  0.110270E+00
 0.309011E+00  0.166272E+01  0.110500E+00
 0.309239E+00  0.139751E+01  0.110830E+00
 0.309467E+00  0.147090E+01  0.110163E+00
 0.309696E+00  0.172436E+01  0.110562E+00
 0.309924E+00  0.172890E+01  0.110924E+00
 0.310152E+00  0.177300E+01  0.110406E+00
 0.310381E+00  0.172748E+01  0.110708E+00
 0.310609E+00  0.190067E+01  0.110660E+00
 0.310837E+00  0.197125E+01  0.110526E+00
 0.311066E+00  0.206320E+01  0.110947E+00
 0.311294E+00  0.199578E+01  0.110603E+00
 0.311522E+00  0.182651E+01  0.110150E+00
 0.311751E+00  0.182771E+01  0.110498E+00
 0.311979E+00  0.172144E+01  0.110547E+00
 0.312207E+00  0.158645E+01  0.110567E+00
 0.312435E+00  0.158494E+01  0.110186E+00
 0.312664E+00  0.165628E+01  0.110758E+00
 0.312892E+00  0.172581E+01  0.110692E+00
 0.313120E+00  0.170842E+01  0.110411E+00
 0.313349E+00  0.155987E+01  0.110741E+00
 0.313577E+00  0.151662E+01  0.110778E+00
 0.313805E+00  0.154591E+01  0.110263E+00
 0.314034E+00  0.156322E+01  0.110967E+00
 0.314262E+00  0.174516E+01  0.110438E+00
 0.314490E+00  0.182173E+01  0.110039E+00
 0.314719E+00  0.195879E+01  0.110883E+00
 0.314947E+00  0.202581E+01  0.110778E+00
 0.315175E+00  0.183698E+01  0.110962E+00
 0.315403E+00  0.192267E+01  0.110482E+00
 0.315632E+00  0.197584E+01  0.110850E+00
 0.315860E+00  0.182459E+01  0.110795E+00
 0.316088E+00  0.167689E+01  0.110152E+00
 0.316317E+00  0.170154E+01  0.110954E+00
 0.316545E+00  0.175799E+01  0.110760E+00
 0.316773E+00  0.176420E+01  0.110539E+00
 0.317002E+00  0.160555E+01  0.110589E+00
 0.317230E+00  0.164655E+01  0.110666E+00
 0.317458E+00  0.187981E+01  0.110150E+00
 0.317687E+00  0.189166E+01  0.110657E+00
 0.317915E+00  0.187075E+01  0.110813E+00
 0.318143E+00  0.178391E+01  0.110662E+00
 0.318372E+00  0.167223E+01  0.110461E+00
 0.318600E+00  0.148802E+01  0.110773E+00
 0.318828E+00  0.160820E+01  0.110761E+00
 0.319056E+00  0.159769E+01  0.109901E+00
 0.319285E+00  0.149982E+01  0.110526E+00
 0.319513E+00  0.156657E+01  0.110629E+00
 0.319741E+00  0.176148E+01  0.110190E+00
 0.319970E+00  0.200924E+01  0.110659E+00
 0.320198E+00  0.179363E+01  0.110503E+00
 0.320426E+00  0.167448E+01  0.110523E+00
 0.320655E+00  0.172101E+01  0.110979E+00
 0.320883E+00  0.184249E+01  0.110940E+00
 0.321111E+00  0.177373E+01  0.110566E+00
 0.321340E+00  0.182297E+01  0.110824E+00
 0.321568E+00  0.202522E+01  0.110906E+00
 0.321796E+00  0.191028E+01  0.110751E+00
 0.322024E+00  0.176819E+01  0.110038E+00
 0.322253E+00  0.204906E+01  0.110701E+00
 0.322481E+00  0.210593E+01  0.110862E+00
 0.322709E+00  0.180608E+01  0.110588E+00
 0.322938E+00  0.179778E+01  0.110555E+00
 0.323166E+00  0.187889E+01  0.110792E+00
 0.323394E+00  0.157798E+01  0.110228E+00
 0.323623E+00  0.156513E+01  0.110799E+00
 0.323851E+00  0.186720E+01  0.110974E+00
 0.324079E+00  0.174374E+01  0.110531E+00
 0.324308E+00  0.170937E+01  0.110750E+00
 0.324536E+00  0.161082E+01  0.110871E+00
 0.324764E+00  0.163982E+01  0.110515E+00
 0.324993E+00  0.172019E+01  0.110993E+00
 0.325221E+00  0.176485E+01  0.110496E+00
 0.325449E+00  0.168285E+01  0.110023E+00
 0.325677E+00  0.190444E+01  0.110312E+00
 0.325906E+00  0.179647E+01  0.110480E+00
 0.326134E+00  0.175849E+01  0.110587E+00
 0.326362E+00  0.186914E+01  0.110552E+00
 0.326591E+00  0.187245E+01  0.111011E+00
 0.326819E+00  0.176458E+01  0.110443E+00
 0.327047E+00  0.149602E+01  0.110299E+00
 0.327276E+00  0.158566E+01  0.110711E+00
 0.327504E+00  0.181815E+01  0.111021E+00
 0.327732E+00  0.193759E+01  0.110403E+00
 0.327961E+00  0.188343E+01  0.110843E+00
 0.328189E+00  0.183794E+01  0.110532E+00
 0.328417E+00  0.181000E+01  0.110716E+00
 0.328645E+00  0.173138E+01  0.110129E+00
 0.328874E+00  0.207887E+01  0.110509E+00
 0.329102E+00  0.215593E+01  0.110620E+00
 0.329330E+00  0.180342E+01  0.110372E+00
 0.329559E+00  0.169629E+01  0.110870E+00
 0.329787E+00  0.168410E+01  0.110849E+00
 0.330015E+00  0.150090E+01  0.110315E+00
 0.330244E+00  0.146683E+01  0.110309E+00
 0.330472E+00  0.156291E+01  0.110841E+00
 0.330700E+00  0.169672E+01  0.110366E+00
 0.330929E+00  0.174028E+01  0.110804E+00
 0.331157E+00  0.166459E+01  0.111063E+00
 0.331385E+00  0.147292E+01  0.110685E+00
 0.331614E+00  0.161611E+01  0.110744E+00
 0.331842E+00  0.172681E+01  0.110629E+00
 0.332070E+00  0.159424E+01  0.110714E+00
 0.332298E+00  0.163271E+01  0.110105E+00
 0.332527E+00  0.209839E+01  0.111116E+00
 0.332755E+00  0.197443E+01  0.111165E+00
 0.332983E+00  0.157018E+01  0.110472E+00
 0.333212E+00  0.143490E+01  0.110859E+00
 0.333440E+00  0.147997E+01  0.110715E+00
 0.333668E+00  0.179987E+01  0.110210E+00
 0.333897E+00  0.180912E+01  0.110946E+00
 0.334125E+00  0.179781E+01  0.110930E+00
 0.334353E+00  0.173573E+01  0.110390E+00
 0.334582E+00  0.178616E+01  0.110967E+00
 0.334810E+00  0.172070E+01  0.110391E+00
 0.335038E+00  0.169931E+01  0.110455E+00
 0.335266E+00  0.161534E+01  0.110130E+00
 0.335495E+00  0.158887E+01  0.110617E+00
 0.335723E+00  0.157395E+01  0.110766E+00
 0.335951E+00  0.171190E+01  0.110428E+00
 0.336180E+00  0.171069E+01  0.110665E+00
 0.336408E+00  0.184142E+01  0.110266E+00
 0.336636E+00  0.177900E+01  0.110069E+00
 0.336865E+00  0.153666E+01  0.110827E+00
 0.337093E+00  0.177492E+01  0.110772E+00
 0.337321E+00  0.167182E+01  0.110075E+00
 0.337550E+00  0.127355E+01  0.110863E+00
 0.337778E+00  0.140839E+01  0.110808E+00
 0.338006E+00  0.149004E+01  0.110322E+00
 0.338235E+00  0.155185E+01  0.110651E+00
 0.338463E+00  0.168048E+01  0.110726E+00
 0.338691E+00  0.169678E+01  0.110810E+00
 0.338919E+00  0.136478E+01  0.110262E+00
 0.339148E+00  0.152534E+01  0.110638E+00
 0.339376E+00  0.165714E+01  0.110755E+00
 0.339604E+00  0.160655E+01  0.110502E+00
 0.339833E+00  0.153204E+01  0.110972E+00
 0.340061E+00  0.162759E+01  0.110637E+00
 0.340289E+00  0.163746E+01  0.110406E+00
 0.340518E+00  0.162772E+01  0.110848E+00
 0.340746E+00  0.135527E+01  0.110689E+00
 0.340974E+00  0.125339E+01  0.110428E+00
 0.341203E+00  0.151486E+01  0.110912E+00
 0.341431E+00  0.160848E+01  0.110967E+00
 0.341659E+00  0.156400E+01  0.110943E+00
 0.341887E+00  0.169712E+01  0.110538E+00
 0.342116E+00  0.166721E+01  0.110887E+00
 0.342344E+00  0.152544E+01  0.110691E+00
 0.342572E+00  0.155152E+01  0.110394E+00
 0.342801E+00  0.173160E+01  0.110821E+00
 0.343029E+00  0.189122E+01  0.110983E+00
 0.343257E+00  0.172850E+01  0.110725E+00
 0.343486E+00  0.173676E+01  0.111117E+00
 0.343714E+00  0.160706E+01  0.110675E+00
 0.343942E+00  0.161208E+01  0.110426E+00
 0.344171E+00  0.169631E+01  0.110584E+00
 0.344399E+00  0.162942E+01  0.110779E+00
 0.344627E+00  0.190390E+01  0.110364E+00
 0.344856E+00  0.196263E+01  0.110433E+00
 0.345084E+00  0.170156E+01  0.110668E+00
 0.345312E+00  0.153749E+01  0.110621E+00
 0.345540E+00  0.168746E+01  0.110252E+00
 0.345769E+00  0.172865E+01  0.110715E+00
 0.345997E+00  0.170949E+01  0.111189E+00
 0.346225E+00  0.163085E+01  0.110526E+00
 0.346454E+00  0.190569E+01  0.111152E+00
 0.346682E+00  0.206272E+01  0.111026E+00
 0.346910E+00  0.190900E+01  0.110820E+00
 0.347139E+00  0.169659E+01  0.110652E+00
 0.347367E+00  0.182445E+01  0.110617E+00
 0.347595E+00  0.174622E+01  0.110437E+00
 0.347824E+00  0.181424E+01  0.110953E+00
 0.348052E+00  0.184083E+01  0.110504E+00
 0.348280E+00  0.160907E+01  0.110515E+00
 0.348508E+00  0.151603E+01  0.110233E+00
 0.348737E+00  0.141959E+01  0.110692E+00
 0.348965E+00  0.165133E+01  0.110808E+00
 0.349193E+00  0.153594E+01  0.110543E+00
 0.349422E+00  0.170143E+01  0.111186E+00
 0.349650E+00  0.170417E+01  0.111256E+00
 0.349878E+00  0.173214E+01  0.110784E+00
 0.350107E+00  0.177901E+01  0.110862E+00
 0.350335E+00  0.150914E+01  0.110980E+00
 0.350563E+00  0.149890E+01  0.110690E+00
 0.350792E+00  0.140389E+01  0.110835E+00
 0.351020E+00  0.140578E+01  0.110776E+00
 0.351248E+00  0.146352E+01  0.109918E+00
 0.351477E+00  0.155096E+01  0.110419E+00
 0.351705E+00  0.157441E+01  0.110676E+00
 0.351933E+00  0.174487E+01  0.111007E+00
 0.352161E+00  0.166556E+01  0.110567E+00
 0.352390E+00  0.154441E+01  0.110872E+00
 0.352618E+00  0.149476E+01  0.110706E+00
 0.352846E+00  0.140032E+01  0.110362E+00
 0.353075E+00  0.145654E+01  0.110851E+00
 0.353303E+00  0.171443E+01  0.110854E+00
 0.353531E+00  0.183866E+01  0.110483E+00
 0.353760E+00  0.170625E+01  0.110849E+00
 0.353988E+00  0.177979E+01  0.111040E+00
 0.354216E+00  0.169612E+01  0.110472E+00
 0.354445E+00  0.182355E+01  0.110936E+00
 0.354673E+00  0.184523E+01  0.110131E+00
 0.354901E+00  0.147899E+01  0.110183E+00
 0.355129E+00  0.150173E+01  0.110566E+00
 0.355358E+00  0.152815E+01  0.111044E+00
 0.355586E+00  0.139881E+01  0.110947E+00
 0.355814E+00  0.132470E+01  0.110398E+00
 0.356043E+00  0.146277E+01  0.110518E+00
 0.356271E+00  0.149846E+01  0.111089E+00
 0.356499E+00  0.160313E+01  0.110793E+00
 0.356728E+00  0.156437E+01  0.111026E+00
 0.356956E+00  0.149388E+01  0.111059E+00
 0.357184E+00  0.160933E+01  0.110784E+00
 0.357413E+00  0.157115E+01  0.111220E+00
 0.357641E+00  0.167754E+01  0.110975E+00
 0.357869E+00  0.163423E+01  0.110719E+00
 0.358098E+00  0.155176E+01  0.110907E+00
 0.358326E+00  0.173314E+01  0.110845E+00
 0.358554E+00  0.172789E+01  0.110749E+00
 0.358782E+00  0.159710E+01  0.110405E+00
 0.359011E+00  0.137724E+01  0.110708E+00
 0.359239E+00  0.143745E+01  0.110898E+00
 0.359467E+00  0.176119E+01  0.110593E+00
 0.359696E+00  0.184757E+01  0.111360E+00
 0.359924E+00  0.164217E+01  0.110991E+00
 0.360152E+00  0.179587E+01  0.110213E+00
 0.360381E+00  0.163297E+01  0.111124E+00
 0.360609E+00  0.169100E+01  0.111265E+00
 0.360837E+00  0.193582E+01  0.110612E+00
 0.361066E+00  0.186651E+01  0.111212E+00
 0.361294E+00  0.188197E+01  0.110915E+00
 0.361522E+00  0.157175E+01  0.111283E+00
 0.361750E+00  0.129925E+01  0.110601E+00
 0.361979E+00  0.134799E+01  0.110437E+00
 0.362207E+00  0.159626E+01  0.111143E+00
 0.362435E+00  0.160570E+01  0.110918E+00
 0.362664E+00  0.153754E+01  0.111027E+00
 0.362892E+00  0.146726E+01  0.110883E+00
 0.363120E+00  0.145318E+01  0.110420E+00
 0.363349E+00  0.159998E+01  0.111188E+00
 0.363577E+00  0.156462E+01  0.111236E+00
 0.363805E+00  0.150346E+01  0.110181E+00
 0.364034E+00  0.154886E+01  0.110100E+00
 0.364262E+00  0.159685E+01  0.110739E+00
 0.364490E+00  0.155735E+01  0.110374E+00
 0.364719E+00  0.166311E+01  0.110638E+00
 0.364947E+00  0.192194E+01  0.110957E+00
 0.365175E+00  0.173007E+01  0.111164E+00
 0.365403E+00  0.177691E+01  0.110731E+00
 0.365632E+00  0.181782E+01  0.111135E+00
 0.365860E+00  0.165756E+01  0.111223E+00
 0.366088E+00  0.181750E+01  0.110702E+00
 0.366317E+00  0.166760E+01  0.111171E+00
 0.366545E+00  0.164163E+01  0.110955E+00
 0.366773E+00  0.155410E+01  0.110282E+00
 0.367002E+00  0.147858E+01  0.110785E+00
 0.367230E+00  0.162488E+01  0.110641E+00
 0.367458E+00  0.181304E+01  0.110800E+00
 0.367687E+00  0.181514E+01  0.111011E+00
 0.367915E+00  0.177171E+01  0.110798E+00
 0.368143E+00  0.169929E+01  0.111155E+00
 0.368371E+00  0.160661E+01  0.110837E+00
 0.368600E+00  0.152022E+01  0.111228E+00
 0.368828E+00  0.141558E+01  0.111212E+00
 0.369056E+00  0.160769E+01  0.110801E+00
 0.369285E+00  0.162641E+01  0.111111E+00
 0.369513E+00  0.182593E+01  0.111024E+00
 0.369741E+00  0.171020E+01  0.110540E+00
 0.369970E+00  0.173820E+01  0.111098E+00
 0.370198E+00  0.169653E+01  0.111115E+00
 0.370426E+00  0.159997E+01  0.110421E+00
 0.370655E+00  0.141817E+01  0.110766E+00
 0.370883E+00  0.154237E+01  0.111138E+00
 0.371111E+00  0.173527E+01  0.111006E+00
 0.371340E+00  0.163926E+01  0.111158E+00
 0.371568E+00  0.164418E+01  0.110551E+00
 0.371796E+00  0.155473E+01  0.110962E+00
 0.372024E+00  0.150768E+01  0.110479E+00
 0.372253E+00  0.161780E+01  0.110889E+00
 0.372481E+00  0.165408E+01  0.110949E+00
 0.372709E+00  0.166949E+01  0.110299E+00
 0.372938E+00  0.173100E+01  0.110627E+00
 0.373166E+00  0.170528E+01  0.110832E+00
 0.373394E+00  0.153461E+01  0.110156E+00
 0.373623E+00  0.158484E+01  0.110400E+00
 0.373851E+00  0.156406E+01  0.110803E+00
 0.374079E+00  0.158242E+01  0.110498E+00
 0.374308E+00  0.151320E+01  0.111075E+00
 0.374536E+00  0.153533E+01  0.110990E+00
 0.374764E+00  0.169872E+01  0.110938E+00
 0.374992E+00  0.174413E+01  0.110250E+00
 0.375221E+00  0.152497E+01  0.110587E+00
 0.375449E+00  0.134783E+01  0.110804E+00
 0.375677E+00  0.136167E+01  0.110223E+00
 0.375906E+00  0.137453E+01  0.110761E+00
 0.376134E+00  0.147138E+01  0.111016E+00
 0.376362E+00  0.147158E+01  0.110527E+00
 0.376591E+00  0.139406E+01  0.110626E+00
 0.376819E+00  0.150294E+01  0.110644E+00
 0.377047E+00  0.159657E+01  0.110093E+00
 0.377276E+00  0.158545E+01  0.110651E+00
 0.377504E+00  0.152162E+01  0.110770E+00
 0.377732E+00  0.160726E+01  0.110406E+00
 0.377961E+00  0.160499E+01  0.110805E+00
 0.378189E+00  0.165770E+01  0.110892E+00
 0.378417E+00  0.173662E+01  0.110905E+00
 0.378645E+00  0.158355E+01  0.110764E+00
 0.378874E+00  0.147051E+01  0.110987E+00
 0.379102E+00  0.170205E+01  0.110999E+00
 0.379330E+00  0.165537E+01  0.110671E+00
 0.379559E+00  0.161693E+01  0.111071E+00
 0.379787E+00  0.168171E+01  0.111053E+00
 0.380015E+00  0.167866E+01  0.110299E+00
 0.380244E+00  0.153140E+01  0.110461E+00
 0.380472E+00  0.148924E+01  0.110232E+00
 0.380700E+00  0.147264E+01  0.110066E+00
 0.380929E+00  0.142989E+01  0.110765E+00
 0.381157E+00  0.158229E+01  0.110599E+00
 0.381385E+00  0.152773E+01  0.110611E+00
 0.381613E+00  0.148261E+01  0.110533E+00
 0.381842E+00  0.153745E+01  0.110636E+00
 0.382070E+00  0.148458E+01  0.110536E+00
 0.382298E+00  0.146869E+01  0.110109E+00
 0.382527E+00  0.160904E+01  0.110720E+00
 0.382755E+00  0.153620E+01  0.110706E+00
 0.382983E+00  0.164880E+01  0.110309E+00
 0.383212E+00  0.156472E+01  0.110605E+00
 0.383440E+00  0.162678E+01  0.110696E+00
 0.383668E+00  0.159522E+01  0.110328E+00
 0.383897E+00  0.136270E+01  0.110436E+00
 0.384125E+00  0.140992E+01  0.110230E+00
 0.384353E+00  0.148562E+01  0.110410E+00
 0.384582E+00  0.156570E+01  0.111044E+00
 0.384810E+00  0.143090E+01  0.110914E+00
 0.385038E+00  0.163346E+01  0.110959E+00
 0.385266E+00  0.165733E+01  0.109902E+00
 0.385495E+00  0.146210E+01  0.110318E+00
 0.385723E+00  0.145748E+01  0.110530E+00
 0.385951E+00  0.147396E+01  0.109995E+00
 0.386180E+00  0.171548E+01  0.110790E+00
 0.386408E+00  0.164532E+01  0.110621E+00
 0.386636E+00  0.144555E+01  0.109805E+00
 0.386865E+00  0.138370E+01  0.110108E+00
 0.387093E+00  0.156075E+01  0.110174E+00
 0.387321E+00  0.157624E+01  0.110112E+00
 0.387550E+00  0.163867E+01  0.110504E+00
 0.387778E+00  0.185897E+01  0.110189E+00
 0.388006E+00  0.158869E+01  0.110435E+00
 0.388234E+00  0.127119E+01  0.110290E+00
 0.388463E+00  0.139372E+01  0.110422E+00
 0.388691E+00  0.133449E+01  0.110298E+00
 0.388919E+00  0.159166E+01  0.110284E+00
 0.389148E+00  0.154446E+01  0.110509E+00
 0.389376E+00  0.153263E+01  0.110747E+00
 0.389604E+00  0.168809E+01  0.110225E+00
 0.389833E+00  0.141528E+01  0.110244E+00
 0.390061E+00  0.122202E+01  0.110261E+00
 0.390289E+00  0.132375E+01  0.110003E+00
 0.390518E+00  0.139991E+01  0.110532E+00
 0.390746E+00  0.149527E+01  0.110649E+00
 0.390974E+00  0.155969E+01  0.110192E+00
 0.391203E+00  0.148665E+01  0.110512E+00
 0.391431E+00  0.154432E+01  0.109710E+00
 0.391659E+00  0.159142E+01  0.110069E+00
 0.391887E+00  0.162365E+01  0.109875E+00
 0.392116E+00  0.157938E+01  0.109971E+00
 0.392344E+00  0.152741E+01  0.110066E+00
 0.392572E+00  0.154568E+01  0.109689E+00
 0.392801E+00  0.147045E+01  0.110158E+00
 0.393029E+00  0.155665E+01  0.109998E+00
 0.393257E+00  0.154689E+01  0.109869E+00
 0.393486E+00  0.145013E+01  0.110153E+00
 0.393714E+00  0.130442E+01  0.110133E+00
 0.393942E+00  0.140811E+01  0.109588E+00
 0.394171E+00  0.151374E+01  0.110197E+00
 0.394399E+00  0.164910E+01  0.109969E+00
 0.394627E+00  0.164562E+01  0.110210E+00
 0.394855E+00  0.160783E+01  0.109720E+00
 0.395084E+00  0.157541E+01  0.109878E+00
 0.395312E+00  0.142000E+01  0.110072E+00
 0.395540E+00  0.131753E+01  0.109890E+00
 0.395769E+00  0.131953E+01  0.110152E+00
 0.395997E+00  0.137269E+01  0.110095E+00
 0.396225E+00  0.151582E+01  0.109600E+00
 0.396454E+00  0.134587E+01  0.109938E+00
 0.396682E+00  0.122277E+01  0.110171E+00
 0.396910E+00  0.122166E+01  0.109550E+00
 0.397139E+00  0.142649E+01  0.109960E+00
 0.397367E+00  0.162531E+01  0.110062E+00
 0.397595E+00  0.160160E+01  0.109627E+00
 0.397824E+00  0.170481E+01  0.110140E+00
 0.398052E+00  0.168928E+01  0.110320E+00
 0.398280E+00  0.151977E+01  0.110353E+00
 0.398508E+00  0.157148E+01  0.110013E+00
 0.398737E+00  0.142103E+01  0.110182E+00
 0.398965E+00  0.149369E+01  0.110222E+00
 0.399193E+00  0.151745E+01  0.109901E+00
 0.399422E+00  0.133896E+01  0.110139E+00
 0.399650E+00  0.132275E+01  0.110129E+00
 0.399878E+00  0.124401E+01  0.109773E+00
 0.400107E+00  0.124646E+01  0.110087E+00
 0.400335E+00  0.125743E+01  0.109834E+00
 0.400563E+00  0.135293E+01  0.109447E+00
 0.400792E+00  0.129843E+01  0.109463E+00
 0.401020E+00  0.170368E+01  0.110329E+00
 0.401248E+00  0.192910E+01  0.109991E+00
 0.401477E+00  0.165466E+01  0.109980E+00
 0.401705E+00  0.145345E+01  0.109871E+00
 0.401933E+00  0.152765E+01  0.110193E+00
 0.402161E+00  0.141839E+01  0.109837E+00
 0.402390E+00  0.176169E+01  0.110120E+00
 0.402618E+00  0.186510E+01  0.110062E+00
 0.402846E+00  0.150012E+01  0.109000E+00
 0.403075E+00  0.136970E+01  0.109671E+00
 0.403303E+00  0.131872E+01  0.110130E+00
 0.403531E+00  0.130657E+01  0.109531E+00
 0.403760E+00  0.150807E+01  0.110299E+00
 0.403988E+00  0.159648E+01  0.110146E+00
 0.404216E+00  0.130472E+01  0.109507E+00
 0.404445E+00  0.128902E+01  0.109856E+00
 0.404673E+00  0.139770E+01  0.109832E+00
 0.404901E+00  0.143900E+01  0.109834E+00
 0.405129E+00  0.135640E+01  0.109523E+00
 0.405358E+00  0.150189E+01  0.109813E+00
 0.405586E+00  0.163663E+01  0.109776E+00
 0.405814E+00  0.154767E+01  0.109223E+00
 0.406043E+00  0.131390E+01  0.109688E+00
 0.406271E+00  0.123527E+01  0.109710E+00
 0.406499E+00  0.147166E+01  0.109399E+00
 0.406728E+00  0.139330E+01  0.109600E+00
 0.406956E+00  0.144252E+01  0.109899E+00
 0.407184E+00  0.174862E+01  0.109854E+00
 0.407413E+00  0.163566E+01  0.109884E+00
 0.407641E+00  0.163091E+01  0.110104E+00
 0.407869E+00  0.157727E+01  0.109821E+00
 0.408098E+00  0.166769E+01  0.110076E+00
 0.408326E+00  0.158104E+01  0.109704E+00
 0.408554E+00  0.167736E+01  0.109959E+00
 0.408782E+00  0.146307E+01  0.109417E+00
 0.409011E+00  0.122947E+01  0.109644E+00
 0.409239E+00  0.135987E+01  0.110013E+00
 0.409467E+00  0.162932E+01  0.109741E+00
 0.409696E+00  0.167092E+01  0.109910E+00
 0.409924E+00  0.181538E+01  0.109857E+00
 0.410152E+00  0.163489E+01  0.109668E+00
 0.410381E+00  0.163178E+01  0.109996E+00
 0.410609E+00  0.150758E+01  0.110170E+00
 0.410837E+00  0.121281E+01  0.109675E+00
 0.411066E+00  0.113832E+01  0.109672E+00
 0.411294E+00  0.120743E+01  0.109783E+00
 0.411522E+00  0.132614E+01  0.109816E+00
 0.411750E+00  0.146806E+01  0.109678E+00
 0.411979E+00  0.151205E+01  0.109950E+00
 0.412207E+00  0.141896E+01  0.109518E+00
 0.412435E+00  0.145531E+01  0.109315E+00
 0.412664E+00  0.122653E+01  0.109801E+00
 0.412892E+00  0.128067E+01  0.109568E+00
 0.413120E+00  0.135358E+01  0.109321E+00
 0.413349E+00  0.142865E+01  0.109740E+00
 0.413577E+00  0.154642E+01  0.109430E+00
 0.413805E+00  0.152561E+01  0.109165E+00
 0.414034E+00  0.148492E+01  0.109850E+00
 0.414262E+00  0.146640E+01  0.109673E+00
 0.414490E+00  0.151263E+01  0.108904E+00
 0.414719E+00  0.165804E+01  0.109891E+00
 0.414947E+00  0.157093E+01  0.109737E+00
 0.415175E+00  0.176379E+01  0.109969E+00
 0.415403E+00  0.180911E+01  0.109606E+00
 0.415632E+00  0.158950E+01  0.110142E+00
 0.415860E+00  0.138816E+01  0.110130E+00
 0.416088E+00  0.129391E+01  0.109581E+00
 0.416317E+00  0.137203E+01  0.109794E+00
 0.416545E+00  0.119310E+01  0.109763E+00
 0.416773E+00  0.108585E+01  0.109140E+00
 0.417002E+00  0.122927E+01  0.109250E+00
 0.417230E+00  0.147976E+01  0.109832E+00
 0.417458E+00  0.148717E+01  0.109471E+00
 0.417687E+00  0.140674E+01  0.109357E+00
 0.417915E+00  0.141978E+01  0.109591E+00
 0.418143E+00  0.133589E+01  0.109890E+00
 0.418371E+00  0.148296E+01  0.109501E+00
 0.418600E+00  0.160051E+01  0.109904E+00
 0.418828E+00  0.158125E+01  0.109845E+00
 0.419056E+00  0.137026E+01  0.109001E+00
 0.419285E+00  0.137258E+01  0.109728E+00
 0.419513E+00  0.151563E+01  0.110163E+00
 0.419741E+00  0.154135E+01  0.109582E+00
 0.419970E+00  0.154564E+01  0.109848E+00
 0.420198E+00  0.155877E+01  0.109908E+00
 0.420426E+00  0.170271E+01  0.109593E+00
 0.420655E+00  0.173597E+01  0.109844E+00
 0.420883E+00  0.159326E+01  0.109567E+00
 0.421111E+00  0.151220E+01  0.109494E+00
 0.421340E+00  0.147710E+01  0.109605E+00
 0.421568E+00  0.152980E+01  0.109575E+00
 0.421796E+00  0.160921E+01  0.109658E+00
 0.422024E+00  0.149493E+01  0.109376E+00
 0.422253E+00  0.121733E+01  0.109421E+00
 0.422481E+00  0.133283E+01  0.109954E+00
 0.422709E+00  0.145500E+01  0.109559E+00
 0.422938E+00  0.170576E+01  0.109969E+00
 0.423166E+00  0.153931E+01  0.109780E+00
 0.423394E+00  0.132043E+01  0.109356E+00
 0.423623E+00  0.137378E+01  0.109630E+00
 0.423851E+00  0.128046E+01  0.109751E+00
 0.424079E+00  0.134437E+01  0.109632E+00
 0.424308E+00  0.120895E+01  0.109461E+00
 0.424536E+00  0.117892E+01  0.109393E+00
 0.424764E+00  0.139553E+01  0.109961E+00
 0.424992E+00  0.142804E+01  0.109203E+00
 0.425221E+00  0.147058E+01  0.109811E+00
 0.425449E+00  0.148114E+01  0.109693E+00
 0.425677E+00  0.148835E+01  0.109392E+00
 0.425906E+00  0.145081E+01  0.109717E+00
 0.426134E+00  0.150136E+01  0.109793E+00
 0.426362E+00  0.161948E+01  0.109272E+00
 0.426591E+00  0.153075E+01  0.109680E+00
 0.426819E+00  0.153110E+01  0.109940E+00
 0.427047E+00  0.138586E+01  0.109311E+00
 0.427276E+00  0.153199E+01  0.109525E+00
 0.427504E+00  0.169008E+01  0.109919E+00
 0.427732E+00  0.155307E+01  0.109600E+00
 0.427961E+00  0.146718E+01  0.109684E+00
 0.428189E+00  0.154688E+01  0.109623E+00
 0.428417E+00  0.131950E+01  0.109588E+00
 0.428645E+00  0.103979E+01  0.109015E+00
 0.428874E+00  0.104603E+01  0.109837E+00
 0.429102E+00  0.117967E+01  0.109810E+00
 0.429330E+00  0.123908E+01  0.109434E+00
 0.429559E+00  0.142437E+01  0.109633E+00
 0.429787E+00  0.157827E+01  0.109677E+00
 0.430015E+00  0.141772E+01  0.109263E+00
 0.430244E+00  0.145571E+01  0.109476E+00
 0.430472E+00  0.149668E+01  0.109632E+00
 0.430700E+00  0.142430E+01  0.109014E+00
 0.430929E+00  0.152970E+01  0.109707E+00
 0.431157E+00  0.162034E+01  0.109689E+00
 0.431385E+00  0.158230E+01  0.109772E+00
 0.431613E+00  0.162107E+01  0.109124E+00
 0.431842E+00  0.165208E+01  0.109667E+00
 0.432070E+00  0.171960E+01  0.109500E+00
 0.432298E+00  0.146786E+01  0.108876E+00
 0.432527E+00  0.136694E+01  0.109567E+00
 0.432755E+00  0.145114E+01  0.109802E+00
 0.432983E+00  0.141571E+01  0.109153E+00
 0.433212E+00  0.140943E+01  0.109290E+00
 0.433440E+00  0.135505E+01  0.109191E+00
 0.433668E+00  0.136872E+01  0.109088E+00
 0.433897E+00  0.155790E+01  0.109527E+00
 0.434125E+00  0.148972E+01  0.109551E+00
 0.434353E+00  0.159365E+01  0.109390E+00
 0.434582E+00  0.182431E+01  0.109863E+00
 0.434810E+00  0.166138E+01  0.109495E+00
 0.435038E+00  0.149220E+01  0.109535E+00
 0.435266E+00  0.124610E+01  0.109012E+00
 0.435495E+00  0.118880E+01  0.109532E+00
 0.435723E+00  0.116929E+01  0.109557E+00
 0.435951E+00  0.126977E+01  0.108958E+00
 0.436180E+00  0.137270E+01  0.109336E+00
 0.436408E+00  0.127094E+01  0.109781E+00
 0.436636E+00  0.161186E+01  0.109578E+00
 0.436865E+00  0.154985E+01  0.109874E+00
 0.437093E+00  0.143387E+01  0.109692E+00
 0.437321E+00  0.125521E+01  0.109056E+00
 0.437550E+00  0.127340E+01  0.109439E+00
 0.437778E+00  0.118898E+01  0.109487E+00
 0.438006E+00  0.128368E+01  0.109426E+00
 0.438234E+00  0.153988E+01  0.109112E+00
 0.438463E+00  0.166874E+01  0.109682E+00
 0.438691E+00  0.149642E+01  0.109769E+00
 0.438919E+00  0.152209E+01  0.109391E+00
 0.439148E+00  0.158511E+01  0.109722E+00
 0.439376E+00  0.145174E+01  0.109535E+00
 0.439604E+00  0.131625E+01  0.109056E+00
 0.439833E+00  0.145673E+01  0.109124E+00
 0.440061E+00  0.123630E+01  0.109437E+00
 0.440289E+00  0.108908E+01  0.109080E+00
 0.440518E+00  0.131443E+01  0.109737E+00
 0.440746E+00  0.136602E+01  0.109502E+00
 0.440974E+00  0.141266E+01  0.108989E+00
 0.441203E+00  0.140685E+01  0.109324E+00
 0.441431E+00  0.150751E+01  0.109307E+00
 0.441659E+00  0.144372E+01  0.109517E+00
 0.441887E+00  0.135824E+01  0.108891E+00
 0.442116E+00  0.128728E+01  0.109309E+00
 0.442344E+00  0.124684E+01  0.109377E+00
 0.442572E+00  0.119651E+01  0.108997E+00
 0.442801E+00  0.120992E+01  0.109131E+00
 0.443029E+00  0.124734E+01  0.109207E+00
 0.443257E+00  0.124180E+01  0.109220E+00
 0.443486E+00  0.122654E+01  0.109603E+00
 0.443714E+00  0.118329E+01  0.109057E+00
 0.443942E+00  0.138100E+01  0.108902E+00
 0.444171E+00  0.169903E+01  0.109371E+00
 0.444399E+00  0.172292E+01  0.109376E+00
 0.444627E+00  0.152725E+01  0.109345E+00
 0.444855E+00  0.154314E+01  0.108988E+00
 0.445084E+00  0.145248E+01  0.109378E+00
 0.445312E+00  0.146891E+01  0.109407E+00
 0.445540E+00  0.136915E+01  0.109026E+00
 0.445769E+00  0.133882E+01  0.109136E+00
 0.445997E+00  0.129765E+01  0.109337E+00
 0.446225E+00  0.132826E+01  0.108769E+00
 0.446454E+00  0.136604E+01  0.109384E+00
 0.446682E+00  0.128238E+01  0.109610E+00
 0.446910E+00  0.131001E+01  0.109107E+00
 0.447139E+00  0.126719E+01  0.109265E+00
 0.447367E+00  0.121269E+01  0.109104E+00
 0.447595E+00  0.119247E+01  0.108440E+00
 0.447824E+00  0.137576E+01  0.108885E+00
 0.448052E+00  0.146271E+01  0.109305E+00
 0.448280E+00  0.152296E+01  0.109430E+00
 0.448508E+00  0.148732E+01  0.108882E+00
 0.448737E+00  0.139953E+01  0.109390E+00
 0.448965E+00  0.141853E+01  0.109394E+00
 0.449193E+00  0.143299E+01  0.109058E+00
 0.449422E+00  0.137780E+01  0.109072E+00
 0.449650E+00  0.153510E+01  0.109303E+00
 0.449878E+00  0.164723E+01  0.108817E+00
 0.450107E+00  0.167140E+01  0.109083E+00
 0.450335E+00  0.151780E+01  0.109236E+00
 0.450563E+00  0.158066E+01  0.108849E+00
 0.450792E+00  0.141651E+01  0.109045E+00
 0.451020E+00  0.139144E+01  0.108993E+00
 0.451248E+00  0.146139E+01  0.109167E+00
 0.451476E+00  0.148774E+01  0.108876E+00
 0.451705E+00  0.147453E+01  0.109245E+00
 0.451933E+00  0.141489E+01  0.109140E+00
 0.452161E+00  0.146954E+01  0.108836E+00
 0.452390E+00  0.140501E+01  0.109113E+00
 0.452618E+00  0.138428E+01  0.109006E+00
 0.452846E+00  0.145441E+01  0.108863E+00
 0.453075E+00  0.163583E+01  0.109325E+00
 0.453303E+00  0.156443E+01  0.109323E+00
 0.453531E+00  0.151069E+01  0.108954E+00
 0.453760E+00  0.162778E+01  0.109178E+00
 0.453988E+00  0.172170E+01  0.109058E+00
 0.454216E+00  0.160280E+01  0.108668E+00
 0.454445E+00  0.180129E+01  0.109469E+00
 0.454673E+00  0.163004E+01  0.109549E+00
 0.454901E+00  0.161489E+01  0.109859E+00
 0.455129E+00  0.158098E+01  0.109342E+00
 0.455358E+00  0.158200E+01  0.109422E+00
 0.455586E+00  0.150810E+01  0.109328E+00
 0.455814E+00  0.133710E+01  0.108945E+00
 0.456043E+00  0.146906E+01  0.109306E+00
 0.456271E+00  0.143366E+01  0.109364E+00
 0.456499E+00  0.136619E+01  0.109064E+00
 0.456728E+00  0.125537E+01  0.109438E+00
 0.456956E+00  0.142133E+01  0.109558E+00
 0.457184E+00  0.138711E+01  0.108711E+00
 0.457413E+00  0.116854E+01  0.108757E+00
 0.457641E+00  0.119376E+01  0.108697E+00
 0.457869E+00  0.121989E+01  0.109013E+00
 0.458097E+00  0.120130E+01  0.108617E+00
 0.458326E+00  0.133562E+01  0.108977E+00
 0.458554E+00  0.157086E+01  0.109562E+00
 0.458782E+00  0.164146E+01  0.109317E+00
 0.459011E+00  0.159397E+01  0.109403E+00
 0.459239E+00  0.135920E+01  0.108935E+00
 0.459467E+00  0.118664E+01  0.108632E+00
 0.459696E+00  0.112107E+01  0.108971E+00
 0.459924E+00  0.125751E+01  0.109058E+00
 0.460152E+00  0.125504E+01  0.108348E+00
 0.460381E+00  0.122495E+01  0.108711E+00
 0.460609E+00  0.122100E+01  0.109145E+00
 0.460837E+00  0.135364E+01  0.108642E+00
 0.461066E+00  0.139389E+01  0.109061E+00
 0.461294E+00  0.139107E+01  0.109011E+00
 0.461522E+00  0.138734E+01  0.108800E+00
 0.461750E+00  0.145219E+01  0.108612E+00
 0.461979E+00  0.135768E+01  0.109081E+00
 0.462207E+00  0.145506E+01  0.108917E+00
 0.462435E+00  0.124625E+01  0.108157E+00
 0.462664E+00  0.113845E+01  0.108481E+00
 0.462892E+00  0.118205E+01  0.108631E+00
 0.463120E+00  0.126820E+01  0.108236E+00
 0.463349E+00  0.139918E+01  0.108865E+00
 0.463577E+00  0.138105E+01  0.108714E+00
 0.463805E+00  0.139881E+01  0.108505E+00