# Docking file generated by Hex 6.3 + CUDA on Thu Apr 12 17:53:05 2012.

# ReceptorSourceFile: 3sfdD.pdb
# LigandSourceFile:   3sfdD-3sfdC_initial_docking.pdb
# ComplexSourceFile:  None
#
# Apply Euler rotation (alpha,beta,gamma) to ligand, then translate by (x y z)
#
# Format: Cluster Solution RMS Etotal x y z alpha beta gamma
#
# -----------------------------------------------------------
#
1 1 -1.00 -679.52  194.099748 84.631125 -88.239866 3.782168 1.322242 2.824405
2 6 -1.00 -599.27  182.994924 -198.609876 116.420100 0.976897 0.817577 0.761782
3 7 -1.00 -598.27  139.674975 -170.783214 185.641995 2.431146 1.824322 5.047104
4 8 -1.00 -591.96  149.928766 -164.374663 204.635980 2.500822 1.836909 5.166060
5 13 -1.00 -575.78  10.182813 -97.237076 183.228493 0.457193 0.955882 0.053631
6 16 -1.00 -568.75  318.178074 -15.392820 248.506891 2.600620 1.426536 0.273608
7 20 -1.00 -565.80  226.965102 141.676423 -42.140675 3.703844 1.601764 2.587158
8 22 -1.00 -562.95  205.417609 98.422368 -82.678964 3.761588 1.394945 2.795350
9 25 -1.00 -557.06  87.202920 -164.605289 183.777958 1.809748 1.260989 5.460502
10 27 -1.00 -553.45  129.483096 -174.918693 169.323933 2.339821 1.705591 5.008993
11 30 -1.00 -546.24  215.657434 78.331417 -88.729671 3.702538 1.376235 2.887898
12 31 -1.00 -545.81  174.295386 91.858829 -88.850126 3.858792 1.279560 2.747981
13 36 -1.00 -530.57  193.659505 -159.722565 184.907029 2.864492 2.078481 4.950620
14 40 -1.00 -529.03  101.293104 -140.118662 234.862796 1.774078 1.472115 5.688462
15 41 -1.00 -528.24  94.502023 -159.492820 203.897699 1.837604 1.363181 5.546764
16 46 -1.00 -519.22  187.595637 -198.773931 121.960846 0.984429 0.879301 0.798648
17 48 -1.00 -516.18  176.555544 -209.140574 114.984870 0.627019 1.447259 1.411841
18 49 -1.00 -516.01  168.453049 62.555470 -95.139824 4.058730 1.228785 2.861714
19 50 -1.00 -515.23  343.809670 -89.183361 148.588773 1.753879 1.262020 1.032703
20 54 -1.00 -513.34  348.327522 -21.318833 208.762607 2.323570 1.336823 0.635044
21 56 -1.00 -511.75  229.535681 -111.065524 268.479139 2.536455 1.607127 5.872137
22 60 -1.00 -507.32  323.532923 -127.801724 116.623321 1.663432 0.943916 0.908250
23 61 -1.00 -506.95  312.237427 -139.003510 129.874167 1.519657 1.111113 1.009068
24 62 -1.00 -505.32  183.365803 176.756723 57.842835 5.720050 1.164540 4.616579
25 67 -1.00 -502.74  297.545128 -57.281034 -31.625674 2.722277 1.770185 3.245041
26 70 -1.00 -500.32  142.272078 -193.943786 139.799586 1.148539 0.794523 0.312422
27 71 -1.00 -500.07  -8.533753 -47.956056 60.907996 5.528227 0.795982 1.294468
28 74 -1.00 -498.18  195.332688 180.935552 43.730471 5.606376 0.610628 4.959557
29 84 -1.00 -493.95  79.474326 -161.366186 177.211883 1.829819 1.316846 5.360611
30 86 -1.00 -493.80  207.443633 -120.086480 268.617407 2.546075 1.700350 5.740496
31 87 -1.00 -493.22  67.702949 -82.563588 260.128366 2.299752 2.502686 5.245122
32 95 -1.00 -491.34  229.369841 -91.751581 280.924563 2.468182 1.654868 6.017425
33 99 -1.00 -490.24  162.327777 205.255961 106.250116 4.909069 0.590499 6.103424
34 104 -1.00 -488.42  161.816063 -203.324574 68.464551 0.527414 1.168360 1.477279
35 110 -1.00 -486.50  264.439954 -182.054346 97.676690 1.905639 2.461433 3.074207
36 116 -1.00 -484.23  211.986517 197.640110 111.827259 4.660959 0.605833 6.107227
37 117 -1.00 -484.06  215.616532 -161.231301 191.858764 2.890446 1.884624 5.060067
38 118 -1.00 -483.90  175.945016 180.614775 70.919961 5.731925 1.282919 4.639608
39 119 -1.00 -483.88  173.016035 187.265781 55.329956 5.712844 0.773136 4.929518
40 120 -1.00 -483.85  237.518087 -193.698130 151.905962 0.893675 1.675248 1.353265
41 121 -1.00 -483.65  330.347606 -30.937538 232.315296 2.329118 1.407659 0.491594
42 125 -1.00 -482.82  28.136733 -136.337667 103.955503 0.958358 0.580039 5.989662
43 126 -1.00 -482.61  334.254929 -127.599128 112.126167 1.455965 1.539869 1.467152
44 127 -1.00 -482.14  12.662710 -6.361165 4.932544 5.032446 0.813814 1.780861
45 130 -1.00 -481.29  188.594799 -197.393418 109.692628 1.125834 0.712084 0.609953
46 135 -1.00 -479.74  111.508497 -160.834803 186.759495 2.283444 1.897967 5.016038
47 136 -1.00 -479.07  325.033254 -124.038904 138.921714 1.822951 0.952108 0.706940
48 138 -1.00 -478.29  214.173982 197.708775 109.415506 4.283466 0.603832 0.261275
49 141 -1.00 -477.88  -10.513505 -75.672572 160.738069 0.452939 0.850603 6.184989
50 146 -1.00 -477.11  7.548446 -5.643075 -7.170913 4.982071 0.719164 1.806078
51 151 -1.00 -475.38  343.261403 -89.852647 146.389912 1.805905 1.157491 0.938072
52 152 -1.00 -475.27  255.816874 -135.897812 238.923982 0.643976 2.509138 1.100808
53 153 -1.00 -475.17  280.262867 -169.352250 97.630742 1.144231 1.412490 1.444042
54 154 -1.00 -474.82  336.655023 -20.566471 206.794952 1.822175 2.067703 1.142015
55 158 -1.00 -473.45  346.612057 -8.967010 190.243066 1.933364 2.083019 1.271558
56 166 -1.00 -471.81  57.144187 -151.131041 161.027141 1.749639 1.300678 5.249746
57 173 -1.00 -470.58  200.457479 150.618738 -39.772203 3.729041 1.507103 2.465793
58 174 -1.00 -470.45  167.391668 205.183239 117.556138 4.641044 0.639416 0.113879
59 183 -1.00 -469.44  161.661746 -198.323812 133.151541 0.880731 0.905493 0.740271
60 186 -1.00 -468.90  88.814374 -162.040767 38.348594 0.090975 0.434216 1.123813
61 187 -1.00 -468.32  330.240942 120.717491 149.950909 3.161963 1.027068 0.724607
62 188 -1.00 -468.32  226.139837 124.304046 -58.004070 3.708519 1.546305 2.689905
63 193 -1.00 -467.13  195.237186 199.990198 93.458648 5.138679 0.633873 5.597093
64 195 -1.00 -466.91  290.740241 148.131597 57.414510 4.157095 0.348165 6.104242
65 198 -1.00 -466.41  13.491490 -71.842895 213.047725 0.435346 1.120111 6.234156
66 199 -1.00 -466.30  79.880000 -166.318204 58.284371 0.258750 0.481579 0.892480
67 200 -1.00 -466.16  1.614747 -55.942659 37.470353 5.476190 0.756766 1.461826
68 202 -1.00 -465.59  24.192003 30.691182 241.220865 6.081558 1.300840 6.193600
69 203 -1.00 -465.47  137.366370 -188.701676 161.887193 1.356877 0.871719 0.029526
70 205 -1.00 -465.31  13.641297 -82.013620 204.092252 0.640414 1.089597 6.065873
71 209 -1.00 -464.00  294.706044 -157.652331 121.109309 1.439298 0.951157 0.908413
72 214 -1.00 -462.82  272.843540 -169.913191 58.612113 1.042283 0.950342 1.401388
73 221 -1.00 -459.63  55.576061 -154.670442 86.831006 1.790832 0.847485 5.192243
74 224 -1.00 -459.22  155.139995 -154.162306 217.832627 2.584015 1.932168 5.226215
75 226 -1.00 -459.10  339.243870 115.433233 112.781162 3.172570 0.790288 0.668089
76 227 -1.00 -459.06  67.204355 -153.884490 46.066765 1.903707 0.556203 5.154615
77 229 -1.00 -458.97  276.175570 170.681471 150.134244 3.697868 0.897530 0.574487
78 231 -1.00 -458.80  149.097798 -165.609836 203.733300 2.486893 1.820361 5.169972
79 236 -1.00 -456.57  154.352566 208.972296 101.482228 5.149251 0.630567 5.846165
80 237 -1.00 -456.52  153.099528 -173.796420 183.982229 2.467711 1.728817 5.093051
81 239 -1.00 -455.57  135.734862 -156.108104 210.434949 2.420789 1.873765 5.190978
82 241 -1.00 -455.38  148.413925 174.903620 54.095641 5.900434 1.275478 4.531747
83 242 -1.00 -455.27  178.059972 -200.293176 124.705329 0.847317 0.962826 0.908052
84 252 -1.00 -453.71  171.235282 -199.947115 44.976474 0.536322 1.175853 1.622034
85 254 -1.00 -453.13  176.010622 71.943090 -91.924466 4.100487 1.302798 2.878286
86 256 -1.00 -452.86  349.399443 -42.582817 198.928074 2.165185 1.317656 0.703857
87 260 -1.00 -451.74  116.932715 -170.163746 173.382996 2.259832 1.694324 5.036832
88 261 -1.00 -451.59  338.579074 -17.779831 221.879636 2.325055 1.421823 0.605359
89 262 -1.00 -451.14  357.719551 22.257028 53.224909 2.275224 1.549625 1.810198
90 263 -1.00 -451.02  7.022524 -109.104870 155.056534 0.509216 0.815784 0.039450
91 264 -1.00 -451.01  180.721221 201.183012 153.984582 4.570568 0.817692 0.119082
92 268 -1.00 -450.69  223.715866 88.263508 -82.940515 3.746754 1.442550 2.894595
93 275 -1.00 -449.74  223.111778 73.763436 288.745320 4.324460 1.774124 6.130305
94 278 -1.00 -449.40  189.444835 -198.439098 112.691394 1.109020 0.762561 0.652123
95 279 -1.00 -449.35  26.666413 -116.386435 187.824028 0.627312 1.001161 0.033189
96 288 -1.00 -447.96  183.971400 104.822582 -82.417390 3.850314 1.351265 2.730935
97 289 -1.00 -447.40  281.183355 108.278030 -5.102966 1.882175 0.079779 2.057220
98 290 -1.00 -447.22  90.637103 -163.608657 185.291117 1.833830 1.281725 5.459237
99 295 -1.00 -446.46  192.635698 -196.137983 136.651752 1.084131 0.910184 0.692883
100 299 -1.00 -445.65  177.143956 -169.151457 196.585857 2.576218 1.667953 5.216982
101 301 -1.00 -445.50  315.021080 75.361635 240.897862 2.968800 1.514311 0.585617
102 305 -1.00 -444.87  213.236162 -90.369680 285.160002 2.554114 1.761435 5.921776
103 306 -1.00 -444.60  299.153393 -23.791956 264.394238 2.678925 1.500464 0.117676
104 309 -1.00 -444.21  304.228244 -96.922254 202.240813 1.369521 1.951157 1.085589
105 310 -1.00 -444.14  280.194842 -112.903657 208.773727 3.218024 1.651062 5.342126
106 312 -1.00 -443.66  -6.842700 -80.123368 158.791344 0.444357 0.834944 6.208077
107 313 -1.00 -443.56  236.755746 129.996745 -48.021996 3.627189 1.577905 2.623854
108 315 -1.00 -443.54  322.931742 -22.714829 242.463150 2.669285 1.356604 0.192730
109 317 -1.00 -443.39  316.002385 -23.746166 250.746060 2.509146 1.444678 0.296698
110 319 -1.00 -443.07  -8.966804 -46.093253 60.498628 5.495400 0.900401 1.376516
111 325 -1.00 -442.34  89.969220 -148.654795 211.709652 1.777853 1.400748 5.554117
112 327 -1.00 -442.03  230.995581 -176.243559 36.565458 2.610983 1.851937 4.085670
113 328 -1.00 -441.96  163.406641 -145.716740 255.040493 1.766460 1.419894 6.063608
114 329 -1.00 -441.73  318.077972 -131.603406 137.161662 1.614894 1.081052 0.921639
115 331 -1.00 -441.38  103.455384 -149.419048 225.204356 1.841384 1.455406 5.625113
116 334 -1.00 -441.04  134.472678 -190.896123 150.103580 1.053591 0.864204 0.374870
117 337 -1.00 -440.39  225.592045 184.101037 70.865059 5.266156 0.669041 5.198266
118 338 -1.00 -439.90  6.558832 -6.159848 16.164006 5.097663 0.887646 1.725523
119 340 -1.00 -439.81  308.859419 133.677577 76.251138 3.928931 0.447519 6.228064
120 344 -1.00 -439.15  325.213840 -131.063400 78.444769 2.050388 2.295949 2.734869
121 345 -1.00 -439.09  220.754642 -164.891752 182.257466 2.878696 1.815072 5.030664
122 350 -1.00 -438.62  213.356330 196.628604 112.404163 4.579974 0.604715 6.191247
123 355 -1.00 -437.24  216.091127 -178.077371 166.589632 2.713401 1.478734 5.179552
124 358 -1.00 -436.75  238.111303 190.501760 100.525416 4.023162 0.585609 0.423470
125 360 -1.00 -436.22  341.867559 -25.795316 195.511506 1.814281 2.089943 1.234151
126 362 -1.00 -435.91  279.929513 -170.725442 97.529169 1.134711 1.517950 1.515027
127 368 -1.00 -434.79  238.372625 171.149259 36.357541 4.959647 0.294013 5.530558
128 370 -1.00 -434.52  193.577782 206.130393 96.489399 4.867564 0.579440 5.943873
129 373 -1.00 -434.00  321.010815 -123.575088 156.604060 1.860878 1.012337 0.626121
130 375 -1.00 -433.91  59.991319 -151.748762 165.076804 1.716304 1.254857 5.323693
131 376 -1.00 -433.81  176.972302 95.133618 -84.472624 3.841333 1.288831 2.729192
132 378 -1.00 -433.59  165.547176 -201.408350 104.618900 0.800415 0.826229 0.886959
133 379 -1.00 -433.57  206.453832 202.469621 114.995783 4.543674 0.634481 6.262708
134 380 -1.00 -433.40  52.692763 -97.501389 234.090987 2.056950 2.419554 4.989371
135 382 -1.00 -433.19  226.860692 195.227206 120.324504 4.073918 0.695063 0.436572
136 383 -1.00 -433.17  153.921689 -195.752570 133.970689 1.154282 0.777531 0.373593
137 385 -1.00 -433.10  337.575305 -95.806700 155.887731 1.751365 1.234220 0.942150
138 389 -1.00 -432.38  116.397867 -5.003160 -97.992509 5.816648 1.179902 2.856228
139 390 -1.00 -432.18  -13.350687 -72.525195 153.896901 0.446204 0.813489 6.165447
140 391 -1.00 -432.00  17.358515 -12.486141 -18.895849 4.938880 0.697504 1.917484
141 395 -1.00 -431.43  229.867962 -191.956365 58.118205 0.837071 1.301596 1.622991
142 397 -1.00 -431.25  93.095277 -132.111345 238.989917 1.695219 1.485278 5.717842
143 399 -1.00 -431.14  320.215640 103.709471 195.981424 3.070099 1.293091 0.707066
144 401 -1.00 -430.99  230.112131 195.099525 104.942625 4.339729 0.599811 0.061071
145 403 -1.00 -430.44  97.865416 -158.454206 201.653376 1.913592 1.433365 5.444207
146 407 -1.00 -430.02  179.752682 -162.193330 221.307274 2.276612 1.421898 5.639767
147 408 -1.00 -429.97  5.026949 -81.390949 191.207197 0.370512 0.994290 0.048724
148 411 -1.00 -429.68  178.038439 -197.421138 129.188655 1.125845 0.799053 0.544186
149 412 -1.00 -429.68  114.415623 -160.615878 191.331351 2.307326 1.922896 5.033664
150 413 -1.00 -429.54  122.836579 -168.735591 205.434103 1.972641 1.346943 5.578150
151 414 -1.00 -429.30  187.707541 200.914455 125.699954 4.644576 0.666308 6.275962
152 415 -1.00 -429.26  323.912465 120.784711 165.761398 3.244996 1.069194 0.627880
153 418 -1.00 -428.93  284.924651 -162.856233 53.412312 1.117273 0.889726 1.390190
154 419 -1.00 -428.88  18.538948 -102.796953 192.732892 0.581789 1.005618 6.255108
155 421 -1.00 -428.86  19.903331 -22.255323 238.955564 0.054992 1.292327 0.014124
156 422 -1.00 -428.84  362.301231 -6.259653 46.193677 2.197902 1.618304 1.928892
157 428 -1.00 -428.28  -2.590546 -68.201664 190.197423 0.418282 0.994759 6.196403
158 432 -1.00 -427.82  154.562330 203.942403 128.729460 4.710375 0.695113 0.107496
159 433 -1.00 -427.81  299.576916 -155.453106 102.324172 1.441493 0.853841 0.950901
160 436 -1.00 -427.49  209.507905 -179.066175 203.994546 1.083144 1.321315 0.711497
161 437 -1.00 -427.41  166.866201 190.127821 64.510294 5.652554 0.708886 5.089753
162 440 -1.00 -426.92  153.713739 -191.185456 132.193527 2.318101 1.197096 5.152847
163 444 -1.00 -426.73  336.497473 -23.186880 208.593682 1.807467 2.065812 1.130909
164 447 -1.00 -426.43  93.362227 68.158686 -74.295603 4.161743 1.012788 2.484749
165 448 -1.00 -426.32  166.436504 168.381618 -13.189102 3.292944 0.545382 1.775229
166 450 -1.00 -425.83  324.970871 -137.248412 112.000756 1.975434 2.448975 2.654569
167 454 -1.00 -424.70  327.645659 -112.285187 156.497367 1.582038 1.361364 1.050454
168 458 -1.00 -424.43  75.549382 -153.623911 189.358339 1.817082 1.408552 5.359092
169 460 -1.00 -424.11  347.677552 100.916822 116.810512 2.998724 0.878818 0.798660
170 461 -1.00 -423.95  189.500964 184.490721 50.254121 5.647265 0.763335 4.891210
171 463 -1.00 -423.61  350.553941 42.625460 35.424006 2.298713 0.859060 1.559236
172 464 -1.00 -423.56  330.237108 -117.392172 62.749490 2.147882 2.226240 2.786740
173 466 -1.00 -423.43  19.495753 -58.805894 226.281590 0.312282 1.214387 0.005273
174 467 -1.00 -423.29  17.051975 15.001800 235.263241 6.072543 1.269464 0.019932
175 468 -1.00 -423.09  3.214011 -47.701931 210.080563 0.070275 1.137358 0.148821
176 469 -1.00 -422.92  133.788939 -170.951319 179.382931 2.394757 1.791077 5.028532
177 472 -1.00 -422.75  56.607423 -160.734115 88.434782 1.055394 0.490942 6.084462
178 475 -1.00 -422.35  273.582277 -123.075416 189.434758 3.245132 1.758598 5.142879
179 476 -1.00 -422.31  184.894984 55.759713 -102.431994 3.695221 1.187200 2.899589
180 477 -1.00 -422.15  345.360052 -19.802613 211.939737 2.274822 1.404596 0.680299
181 478 -1.00 -422.13  288.436032 149.765324 56.109820 4.196182 0.341082 6.082999
182 480 -1.00 -422.01  240.319169 -117.961257 259.902783 2.517791 1.518262 5.888602
183 482 -1.00 -421.61  335.952524 -125.581870 108.224245 1.473402 1.544237 1.491623
184 483 -1.00 -421.48  198.951669 -148.724571 202.696545 2.981430 2.168070 5.037215
185 488 -1.00 -420.91  195.147258 66.855261 -96.706673 3.727436 1.260304 2.895986
186 489 -1.00 -420.88  288.887188 -160.759236 119.182475 1.362403 0.999002 0.977236
187 490 -1.00 -420.81  38.402295 72.449259 247.331868 0.580361 1.976857 5.340698
188 491 -1.00 -420.53  -0.365023 -24.577913 7.758422 5.167829 0.629197 1.617077
189 495 -1.00 -419.93  317.460020 -34.200611 230.552118 1.662471 2.065649 0.960784
190 496 -1.00 -419.85  154.265336 -192.411885 118.180080 2.391658 1.274935 4.989090
191 498 -1.00 -419.57  134.280628 -157.363025 208.334736 2.409388 1.860356 5.188854
192 500 -1.00 -419.29  58.120934 -153.259812 61.594115 1.734534 0.579228 5.320614
193 502 -1.00 -419.02  262.145044 -145.259335 223.072347 0.762575 2.545423 1.281599
194 504 -1.00 -418.94  170.050406 -200.047621 52.289689 0.531903 1.152439 1.567832
195 505 -1.00 -418.82  150.360868 203.910784 112.747126 4.880398 0.617462 6.208169
196 506 -1.00 -418.80  61.770187 -155.957214 71.176584 1.893823 0.826342 5.074154
197 507 -1.00 -418.68  182.958688 173.352872 48.121833 5.736229 1.110940 4.581115
198 511 -1.00 -418.38  377.406660 23.624231 143.768984 4.067009 2.339973 4.407731
199 513 -1.00 -418.32  -5.150045 -92.201914 146.927565 0.523534 0.779065 6.187605
200 516 -1.00 -418.18  27.301227 -122.685440 179.650942 0.576130 0.959955 0.117095
201 518 -1.00 -417.86  237.915523 143.166146 -36.300001 3.649130 1.634971 2.575948
202 522 -1.00 -417.25  142.184973 -156.680834 -8.553790 6.010461 0.330894 1.778076
203 523 -1.00 -417.04  197.366060 -198.226459 125.254162 1.035263 0.895565 0.795314
204 524 -1.00 -416.96  159.270545 167.696996 32.351128 5.884894 1.175459 4.445701
205 527 -1.00 -416.38  310.490650 -137.060203 54.611259 2.057348 2.200534 2.849162
206 528 -1.00 -416.38  310.515845 -100.147745 9.619809 2.416002 2.024066 3.134656
207 530 -1.00 -416.04  240.901368 176.700873 70.481169 5.229945 0.751689 5.101664
208 534 -1.00 -415.81  182.866520 206.112078 78.618250 5.294835 0.635957 5.476636
209 536 -1.00 -415.64  127.834296 -188.062029 157.638056 1.059151 0.891986 0.327158
210 538 -1.00 -415.49  272.360060 -115.358978 214.202224 3.234685 1.756422 5.303634
211 539 -1.00 -415.49  342.387972 -31.489054 216.727350 2.348181 1.316523 0.530354
212 542 -1.00 -415.35  7.520838 -10.751671 12.357550 5.070695 0.762654 1.709716
213 543 -1.00 -415.35  164.436859 -169.375986 199.557721 2.565308 1.802307 5.148222
214 545 -1.00 -415.30  188.528205 149.589902 -42.615264 3.789959 1.484186 2.463839
215 548 -1.00 -415.04  204.175609 128.655932 -61.711975 3.720979 1.455407 2.609459
216 550 -1.00 -414.79  225.623026 121.529636 -58.649477 3.613743 1.486773 2.629431
217 551 -1.00 -414.71  78.346316 -152.355588 195.171662 1.720132 1.308100 5.508983
218 554 -1.00 -414.21  246.130044 -186.655147 166.632948 0.940638 1.696825 1.283075
219 555 -1.00 -414.00  356.008053 -18.197421 32.694383 2.186590 1.672160 2.059186
220 557 -1.00 -413.83  280.180502 167.116640 75.133602 3.684708 0.509066 0.477564
221 558 -1.00 -413.78  295.790646 -163.928410 102.419720 1.285042 1.028668 1.163322
222 559 -1.00 -413.66  155.890138 178.566166 64.317721 5.833781 1.347392 4.560293
223 560 -1.00 -413.57  157.746149 -158.737856 216.361806 2.517747 1.801134 5.273150
224 561 -1.00 -413.53  140.663473 -195.346839 136.153923 0.992461 0.834443 0.494096
225 562 -1.00 -413.47  47.359610 -84.668376 239.064523 2.124197 2.625280 4.995889
226 563 -1.00 -413.13  212.681659 -96.533862 282.489953 2.468901 1.726601 5.927016
227 564 -1.00 -413.12  23.812205 -84.646306 218.846045 0.644907 1.168485 6.112132
228 565 -1.00 -413.10  330.413951 -131.718575 121.921602 1.443084 1.449394 1.355075
229 566 -1.00 -413.03  41.062316 -57.669600 266.702433 1.113576 1.667192 5.708128
230 567 -1.00 -412.97  233.665749 -182.919463 59.503879 2.603456 1.981580 4.115795
231 569 -1.00 -412.91  228.657360 -9.875920 297.916326 4.105217 2.130513 5.928966
232 570 -1.00 -412.90  170.953951 129.883593 -56.111546 3.212858 0.868525 2.264520
233 572 -1.00 -412.74  177.337569 203.499061 139.366661 4.485440 0.757530 0.241606
234 576 -1.00 -411.93  132.649106 -188.011816 158.148745 1.387846 0.853499 6.250495
235 578 -1.00 -411.81  195.118879 111.811560 -74.005410 3.774465 1.392121 2.687665
236 579 -1.00 -411.78  204.905419 -194.569689 46.331312 0.729159 1.374426 1.719486
237 580 -1.00 -411.76  257.318606 -186.722785 114.670323 1.900393 2.541969 3.126070
238 581 -1.00 -411.49  208.350263 195.878517 78.300560 5.085237 0.546853 5.583675
239 582 -1.00 -411.45  221.006505 196.878577 104.972509 4.304925 0.576523 0.194100
240 583 -1.00 -411.42  178.227647 -199.968547 116.595913 1.014146 0.806253 0.701360
241 585 -1.00 -411.29  223.218170 197.931550 95.040447 4.517214 0.539191 6.184691
242 586 -1.00 -411.23  379.258264 31.905404 115.353025 4.029892 2.234090 4.296071
243 588 -1.00 -411.16  173.988080 -165.746925 169.688268 2.731211 2.206750 4.776697
244 591 -1.00 -410.82  323.508942 -124.549318 148.765213 1.696258 1.122586 0.862682
245 592 -1.00 -410.72  221.954226 149.611200 -25.999645 3.195958 1.090923 2.087171
246 593 -1.00 -410.51  176.423061 -204.037888 104.848793 0.645481 1.294074 1.343774
247 594 -1.00 -410.46  353.640839 -78.569581 126.941799 1.774076 1.248961 1.165223
248 598 -1.00 -410.24  240.697346 187.553103 118.406507 4.442551 0.632046 6.182689
249 605 -1.00 -409.63  214.577756 197.819821 115.674158 4.078536 0.686657 0.509462
250 607 -1.00 -409.44  183.025547 -183.988543 144.969515 2.252251 1.008131 5.482133
251 608 -1.00 -409.41  278.612947 -167.432381 76.531355 1.452372 2.113820 2.362941
252 610 -1.00 -409.38  135.704435 -172.885733 159.854275 2.380354 1.719228 4.946839
253 613 -1.00 -409.27  313.618895 -46.606231 246.047529 2.392916 1.398948 0.271881
254 616 -1.00 -408.98  208.835074 202.258432 95.087701 4.174912 0.575144 0.409225
255 617 -1.00 -408.97  195.594155 112.905786 -74.379083 3.870808 1.439442 2.750120
256 620 -1.00 -408.77  155.821422 -195.112517 147.091758 1.060005 0.880854 0.490499
257 621 -1.00 -408.66  225.557589 199.116316 115.396842 3.812131 0.812305 0.750840
258 624 -1.00 -408.40  -10.641931 -29.691975 54.114497 5.394282 0.857028 1.392122
259 626 -1.00 -408.16  40.615956 130.368789 192.361116 0.261415 2.026682 4.958304
260 628 -1.00 -408.05  167.147430 -197.420780 129.340089 0.996734 0.837850 0.636662
261 630 -1.00 -407.68  295.369069 -59.128545 -32.778637 2.796969 1.756326 3.324335
262 631 -1.00 -407.67  34.470140 -12.909963 255.664998 0.098630 1.408298 6.212487
263 632 -1.00 -407.66  62.321477 -149.795215 174.209958 1.725299 1.309328 5.349852
264 634 -1.00 -407.61  249.781728 189.118275 144.105246 4.005285 0.815256 0.405740
265 635 -1.00 -407.50  319.471924 -130.092462 127.898774 1.713679 0.942603 0.799731
266 637 -1.00 -407.41  224.962290 177.729283 47.331225 5.371262 0.572829 5.056463
267 638 -1.00 -407.33  221.975928 -23.831098 299.610869 3.946096 2.176713 5.911411
268 639 -1.00 -407.22  104.897877 -14.838218 277.073805 4.484712 2.324925 0.344532
269 640 -1.00 -407.06  135.463441 -147.826918 236.658028 1.966103 1.469342 5.724159
270 644 -1.00 -406.63  189.564011 -198.557857 117.069473 0.892042 0.933271 0.929985
271 645 -1.00 -406.62  52.115738 -97.717610 239.212032 0.681931 1.298007 6.264723
272 646 -1.00 -406.59  164.740580 27.619140 -99.645867 2.803172 0.934960 2.932187
273 649 -1.00 -406.46  149.514399 208.732284 109.600219 5.054078 0.643718 5.995657
274 650 -1.00 -406.31  282.451444 169.085351 109.201719 3.658713 0.707482 0.515258
275 652 -1.00 -405.83  170.131441 208.647376 98.687313 4.754950 0.566510 6.215032
276 654 -1.00 -405.80  348.287484 -82.228048 147.548204 1.827510 1.205750 0.976357
277 655 -1.00 -405.62  175.218241 163.240118 -20.420827 3.250835 0.685500 1.886754
278 656 -1.00 -405.60  194.541465 -201.741323 115.506529 0.709677 1.526078 1.433730
279 657 -1.00 -405.53  179.868569 -181.814386 200.538400 1.009099 1.230261 0.613921
280 658 -1.00 -405.53  309.514283 -138.547739 141.641192 1.568074 1.105513 0.909992
281 659 -1.00 -405.46  298.194322 -164.518166 100.658180 1.995709 2.436552 2.922416
282 662 -1.00 -405.10  295.336942 -97.604035 209.515823 3.360969 1.672409 5.332292
283 663 -1.00 -405.10  188.052107 -198.466128 104.780284 1.066781 0.720039 0.692680
284 664 -1.00 -405.09  229.391244 84.950687 281.831864 4.221778 1.689480 6.174903
285 665 -1.00 -405.09  317.414752 -16.636991 249.972663 2.600579 1.424162 0.274342
286 666 -1.00 -405.02  328.610738 -117.751482 147.383606 1.880084 0.987847 0.678892
287 669 -1.00 -404.67  177.036586 -201.230202 124.350099 0.854795 0.944361 0.891625
288 670 -1.00 -404.64  125.868321 165.227620 177.559159 6.142526 2.397121 4.691427
289 671 -1.00 -404.36  58.345371 153.891799 96.984782 6.185655 2.044893 4.321984
290 672 -1.00 -404.32  49.320143 -142.502565 179.656517 0.789226 0.967059 0.072809
291 673 -1.00 -404.11  201.918215 204.979150 99.808028 4.678553 0.577167 6.119143
292 674 -1.00 -404.05  211.983165 -191.272576 60.014728 0.905289 0.644421 1.053276
293 677 -1.00 -403.88  278.477993 94.809622 -16.250593 1.432847 0.144689 2.476336
294 678 -1.00 -403.78  127.805237 -130.646062 254.955221 1.756673 1.504535 5.887385
295 679 -1.00 -403.76  229.517465 183.406072 85.800182 5.293038 0.887467 5.092414
296 680 -1.00 -403.60  275.640904 -62.994616 -53.520448 3.333932 1.382639 3.558856
297 681 -1.00 -403.46  170.895798 -201.949241 102.983341 0.823484 0.811079 0.887277
298 682 -1.00 -403.41  228.117679 -199.336668 136.984309 0.846424 1.655589 1.424480
299 683 -1.00 -403.40  206.482988 202.259791 114.524456 4.527357 0.626598 0.026614
300 687 -1.00 -402.88  323.637450 -77.284712 181.070608 1.617498 2.726453 1.802380
301 688 -1.00 -402.83  218.324857 -154.208092 234.463113 1.486946 1.336253 0.347932
302 689 -1.00 -402.83  319.332383 -133.002883 113.958983 1.519509 1.089812 1.103871
303 691 -1.00 -402.55  275.309029 171.495517 144.330059 3.695022 0.875057 0.587328
304 692 -1.00 -402.53  218.143732 107.832397 -74.794250 3.778330 1.484230 2.803543
305 693 -1.00 -402.53  59.900680 -159.719642 100.333947 1.899751 1.112658 5.018764
306 695 -1.00 -402.40  125.896147 -192.874414 130.203936 0.862698 0.802411 0.543165
307 696 -1.00 -402.20  75.928063 -151.971699 213.043242 0.999883 1.121854 6.241800
308 697 -1.00 -401.93  341.396421 -46.617773 5.357843 2.054471 1.551518 2.198455
309 699 -1.00 -401.79  110.918623 -162.108055 185.175005 2.265903 1.868439 5.016475
310 701 -1.00 -401.78  329.119743 -32.373798 217.252217 1.743325 2.018609 1.043516
311 702 -1.00 -401.76  98.277861 -168.805174 180.465545 1.943179 1.340252 5.360979
312 703 -1.00 -401.74  122.611560 -162.083190 223.721924 0.139937 2.076051 1.058944
313 704 -1.00 -401.73  336.552891 56.534113 210.176562 2.352731 1.809463 0.997353
314 707 -1.00 -401.63  137.946147 -173.578164 176.618936 2.438982 1.871697 4.960973
315 708 -1.00 -401.63  161.083078 -190.318666 112.135308 2.151841 0.822176 5.428432
316 711 -1.00 -401.42  11.450320 -55.005591 218.941962 0.275403 1.163088 0.003122
317 712 -1.00 -401.38  146.427110 -194.971305 137.280461 1.273038 0.761396 0.192604
318 716 -1.00 -400.87  195.115564 205.145562 113.221032 4.558583 0.626206 0.028945
319 718 -1.00 -400.73  182.838616 -156.607761 228.864764 2.230662 1.416417 5.729652
320 720 -1.00 -400.42  110.340274 -153.398170 218.247115 1.896269 1.426565 5.594745
321 721 -1.00 -400.40  66.366333 -158.155613 65.462316 1.693084 0.546094 5.438065
322 722 -1.00 -400.33  42.505395 -112.155373 168.446169 1.786545 1.965678 4.859937
323 723 -1.00 -400.33  175.353695 205.230127 109.051972 4.715122 0.595499 6.259668
324 724 -1.00 -400.31  223.865567 -120.235514 263.340240 2.444875 1.562637 5.864931
325 725 -1.00 -400.20  355.095240 -42.814724 186.224696 2.120755 1.310342 0.797340
326 728 -1.00 -399.64  279.394059 161.392693 68.143675 4.167209 0.405019 6.193549
327 729 -1.00 -399.58  94.076087 -156.380849 202.615948 1.765824 1.309318 5.593275
328 730 -1.00 -399.56  317.887490 -110.859027 150.150761 3.114061 1.051233 5.473432
329 732 -1.00 -399.43  128.891739 -184.341239 171.248095 1.253490 0.924302 0.094156
330 734 -1.00 -399.40  1.544375 -41.499591 25.102918 5.345422 0.860712 1.619962
331 735 -1.00 -399.24  339.906840 -8.216525 201.675572 1.947710 1.986824 1.141232
332 737 -1.00 -399.07  151.129200 -206.745083 91.833256 0.501654 1.324665 1.449381
333 739 -1.00 -399.02  236.352245 172.420212 37.546884 4.683629 0.251611 5.864808
334 740 -1.00 -399.02  61.836735 -160.960776 132.593007 1.769881 1.094882 5.249499
335 741 -1.00 -398.91  337.751134 -22.134892 204.334706 1.813517 2.061261 1.154402
336 742 -1.00 -398.86  320.443521 89.633372 24.976776 3.227120 0.162019 0.500469
337 743 -1.00 -398.86  168.908469 44.990989 -105.397354 3.680969 1.094763 2.902061
338 744 -1.00 -398.85  147.841948 48.402468 -97.469960 4.084628 1.122542 2.822330
339 745 -1.00 -398.79  292.733968 -159.348040 99.949389 1.353704 0.905183 1.029716
340 746 -1.00 -398.75  63.362277 -155.656919 156.427155 1.802181 1.294263 5.231126
341 748 -1.00 -398.65  251.055216 166.297343 38.813639 4.923279 0.324003 5.477251
342 751 -1.00 -398.49  57.930960 -155.119483 72.743402 1.808611 0.734707 5.203101
343 754 -1.00 -398.35  286.750710 -165.070082 115.160891 1.282487 1.070532 1.085308
344 755 -1.00 -398.16  225.963224 -184.301042 139.566095 1.622477 0.817538 0.261414
345 759 -1.00 -397.87  352.593447 -83.413690 137.744739 1.780265 1.274889 1.114908
346 760 -1.00 -397.79  349.125120 -17.127702 206.716134 2.341571 1.339396 0.648806
347 761 -1.00 -397.79  315.375898 101.423084 206.288497 3.130158 1.303476 0.619270
348 762 -1.00 -397.77  -9.376533 58.729125 41.596564 4.876017 1.062140 1.586170
349 763 -1.00 -397.74  208.289401 69.826370 -92.818394 3.851385 1.351212 2.958026
350 764 -1.00 -397.63  326.087376 -135.649054 98.749832 2.078038 2.413429 2.776327
351 765 -1.00 -397.60  4.816393 -108.905800 144.701817 0.607612 0.767792 6.203940
352 767 -1.00 -397.38  260.616890 -177.022578 55.921198 0.965499 0.995957 1.449444
353 771 -1.00 -396.70  259.144456 134.361202 -36.682852 3.624398 1.713305 2.671058
354 772 -1.00 -396.70  166.210143 86.184917 -89.302444 3.753781 1.194347 2.712220
355 773 -1.00 -396.59  173.999322 -170.631377 195.379641 2.548874 1.651299 5.221292
356 775 -1.00 -396.35  243.427288 -191.676321 102.024728 1.776396 2.480088 3.050272
357 776 -1.00 -396.26  124.145122 118.189789 -52.650479 2.211572 0.279467 3.007994
358 777 -1.00 -396.18  165.460169 193.610711 68.717702 5.697109 0.819592 5.012517
359 779 -1.00 -395.92  317.775818 -131.585376 60.470003 2.170078 2.248176 2.929890
360 780 -1.00 -395.90  97.035715 -152.541461 215.281538 1.786233 1.384826 5.628383
361 782 -1.00 -395.83  299.075332 143.184436 73.794992 4.136699 0.440836 6.071823
362 783 -1.00 -395.71  151.308192 -191.501378 127.834506 2.343301 1.247662 5.079925
363 784 -1.00 -395.68  15.834404 11.991922 -18.933526 4.839990 0.761327 1.923881
364 787 -1.00 -395.47  -3.189499 -70.404033 67.726067 5.751113 0.662538 1.095884
365 789 -1.00 -395.46  109.500063 -148.884441 230.533794 1.838198 1.453435 5.673035
366 792 -1.00 -395.38  90.187580 -154.708593 199.703939 1.832030 1.391918 5.469601
367 793 -1.00 -395.38  304.705359 -147.814899 55.621964 1.288562 1.515530 1.764900
368 794 -1.00 -395.37  201.704911 -196.173574 137.860094 0.952389 1.071917 0.925337
369 797 -1.00 -394.93  208.029157 -185.022134 151.533194 2.607139 1.300601 5.226977
370 799 -1.00 -394.71  137.102070 -187.750863 162.257925 1.139319 0.907505 0.281950
371 800 -1.00 -394.61  89.338181 -133.151315 234.401310 1.733153 1.507652 5.642254
372 801 -1.00 -394.42  287.048474 -169.105373 87.411851 1.196873 1.022738 1.255410
373 802 -1.00 -394.42  143.489324 -190.501091 158.997151 1.019021 0.952144 0.465886
374 803 -1.00 -394.39  -5.421066 -87.795184 161.015698 0.432131 0.852782 0.006074
375 804 -1.00 -394.25  321.792753 -91.067288 17.553179 2.408209 2.057465 3.040053
376 805 -1.00 -394.24  34.129408 22.721517 260.010612 0.792457 1.858552 5.521988
377 807 -1.00 -394.09  333.940354 -117.258309 123.345303 1.687493 1.047572 0.981733
378 808 -1.00 -394.03  240.197769 -93.908821 276.493715 2.355076 1.576587 6.118399
379 809 -1.00 -393.73  368.235387 20.463109 139.832163 2.423435 1.261924 1.090060
380 810 -1.00 -393.70  220.175010 142.293559 -44.742615 3.785211 1.614760 2.626004
381 811 -1.00 -393.70  170.182692 -154.742500 217.738266 2.586775 1.783669 5.314415
382 812 -1.00 -393.63  195.816848 199.914127 113.405071 4.639748 0.608043 6.228218
383 813 -1.00 -393.62  3.535461 -86.496991 181.136449 0.484900 0.946699 6.221665
384 815 -1.00 -393.48  137.888267 -21.429996 284.851852 4.637105 2.268334 0.165422
385 818 -1.00 -393.25  199.629776 101.906919 282.502492 4.157735 1.686669 0.129972
386 821 -1.00 -393.18  183.036641 -198.721144 120.558187 1.032307 0.838110 0.713029
387 824 -1.00 -393.14  210.055591 196.597343 82.660142 5.084005 0.574853 5.578151
388 825 -1.00 -392.98  216.888317 196.864855 122.950189 4.243967 0.680736 0.289229
389 828 -1.00 -392.89  225.881809 -195.027032 112.425984 0.896919 1.343741 1.315047
390 834 -1.00 -392.44  341.509001 -94.306895 148.021779 1.671079 1.378975 1.117497
391 836 -1.00 -392.21  311.673326 -94.234684 196.624332 1.405761 1.982663 1.142235
392 837 -1.00 -392.00  209.851254 200.831638 99.123153 4.678718 0.564365 6.078533
393 838 -1.00 -391.88  235.250899 191.825664 98.940191 3.845344 0.645085 0.667199
394 839 -1.00 -391.78  6.599377 20.732377 19.120115 4.992366 1.027857 1.774003
395 842 -1.00 -391.67  182.696584 201.663784 92.471758 5.257739 0.654739 5.529297
396 845 -1.00 -391.55  39.964298 -140.120549 174.733210 0.662507 0.936354 0.151574
397 847 -1.00 -391.43  8.412780 95.739122 183.578958 4.656106 2.102702 1.311997
398 848 -1.00 -391.25  339.186239 -13.673878 -5.518222 2.141406 1.381295 2.144082
399 849 -1.00 -391.22  229.095969 -160.521825 173.860146 2.883720 1.635214 5.106679
400 850 -1.00 -390.97  195.243579 -195.327404 143.774150 1.046304 0.987292 0.753302
401 851 -1.00 -390.91  85.896269 66.284009 -71.721653 4.120379 0.947440 2.445764
402 852 -1.00 -390.86  305.793443 76.165117 247.057811 3.094579 1.490588 0.474788
403 853 -1.00 -390.85  278.973894 172.767141 110.259071 3.694707 0.709692 0.503556
404 854 -1.00 -390.79  118.467186 -167.197428 165.228089 2.287934 1.751938 4.961419
405 855 -1.00 -390.69  216.653768 -187.733467 112.951501 1.141092 0.714164 0.681795
406 856 -1.00 -390.68  202.795434 -80.846601 291.310384 2.500449 1.831144 5.952611
407 858 -1.00 -390.52  165.019586 -164.666800 203.979269 2.532147 1.755103 5.215171
408 859 -1.00 -390.47  325.300749 -23.038490 -18.659938 3.034010 1.819263 3.216550
409 860 -1.00 -390.43  4.671922 -91.681970 180.396042 0.334005 0.947838 0.146030
410 861 -1.00 -390.41  95.577458 -137.018237 -6.992280 5.928662 0.427009 1.696521
411 862 -1.00 -390.23  275.099745 -173.060224 81.526299 1.102534 1.410007 1.541415
412 864 -1.00 -390.12  45.224505 -97.642234 224.852745 1.991490 2.472546 4.883645
413 867 -1.00 -389.71  25.508708 -114.341920 188.371460 0.615206 1.001237 0.028287
414 868 -1.00 -389.60  196.156790 204.796822 99.208460 4.283030 0.585089 0.359752
415 869 -1.00 -389.59  129.176686 -194.637112 113.496576 1.180295 0.652459 0.202641
416 874 -1.00 -389.17  212.864087 189.072433 78.186679 5.285873 0.676720 5.270808
417 875 -1.00 -389.08  288.657465 148.961526 58.187047 4.213328 0.352364 6.047818
418 876 -1.00 -389.07  115.012464 166.523992 165.954452 6.143630 2.292368 4.652206
419 877 -1.00 -389.00  309.015255 -49.421163 249.056144 2.306756 1.436486 0.308820
420 878 -1.00 -388.99  183.341937 199.114711 160.318305 4.555207 0.847273 0.122496
421 880 -1.00 -388.94  330.660986 -125.485142 88.934202 2.095689 2.352275 2.725919
422 881 -1.00 -388.93  75.399228 -161.342948 61.161192 1.994594 0.771923 5.037242
423 882 -1.00 -388.90  307.214361 -108.697875 213.261183 2.209497 1.185073 0.189837
424 885 -1.00 -388.86  171.357541 95.672037 -87.539356 3.829170 1.262602 2.715899
425 886 -1.00 -388.83  212.231440 -179.015436 7.073693 0.852447 1.524851 2.045110
426 887 -1.00 -388.83  224.633776 195.236234 113.436588 4.427960 0.605557 0.026595
427 888 -1.00 -388.75  204.222300 140.207896 -49.106419 3.727725 1.496608 2.541580
428 889 -1.00 -388.72  30.396225 -16.903362 251.695585 0.112277 1.384421 6.224934
429 890 -1.00 -388.64  174.013879 88.378271 -85.733057 4.034845 1.345458 2.789347
430 891 -1.00 -388.60  312.233650 -4.805535 254.865766 2.476526 1.549891 0.421745
431 893 -1.00 -388.29  197.584077 70.019313 294.543548 4.362270 1.841601 6.248171
432 894 -1.00 -388.11  -6.194814 68.183566 42.977896 4.841820 1.174618 1.629925
433 896 -1.00 -387.98  297.388600 133.320384 33.108276 3.246086 0.292471 0.793571
434 897 -1.00 -387.88  157.729717 -199.865092 103.523427 0.857956 0.746075 0.754373
435 899 -1.00 -387.70  186.689304 161.372360 21.480021 5.808736 0.914443 4.496279
436 901 -1.00 -387.59  135.436297 -189.805934 180.278083 0.318545 2.127063 1.396091
437 902 -1.00 -387.57  -11.479398 -66.197344 168.364470 0.482870 0.897837 6.098725
438 904 -1.00 -387.48  164.493752 -128.065260 -38.483673 6.063379 0.576910 2.113566
439 905 -1.00 -387.48  49.099914 -134.791886 193.590016 0.820926 1.037773 0.003950
440 907 -1.00 -387.46  61.544782 -142.993458 30.781394 1.956848 0.503443 5.028226
441 911 -1.00 -387.24  336.812623 114.974060 129.630609 3.267373 0.837247 0.547687
442 912 -1.00 -387.20  62.078980 -137.816519 154.358715 1.939214 1.857978 4.824647
443 913 -1.00 -387.15  219.860041 158.694875 25.161086 5.628547 0.809013 4.581024
444 915 -1.00 -387.03  231.578230 -183.887961 48.766716 0.957787 0.598386 1.115368
445 916 -1.00 -387.01  157.444990 -171.765340 166.303362 2.511640 1.783406 4.954584
446 917 -1.00 -386.99  167.277636 138.630876 228.741316 0.097018 2.534356 5.172324
447 919 -1.00 -386.70  271.497787 -175.166030 83.221942 2.240182 2.388683 3.444617
448 921 -1.00 -386.51  220.995228 -190.106654 43.230299 0.789909 1.315780 1.719009
449 925 -1.00 -385.91  195.327768 -200.173125 111.278446 0.885714 0.931238 0.986167
450 926 -1.00 -385.91  287.849386 -135.915216 173.129007 1.300872 1.542088 1.027216
451 927 -1.00 -385.90  320.685036 84.832663 228.455633 3.023220 1.437492 0.605333
452 930 -1.00 -385.77  98.382293 170.631692 17.450560 4.003209 1.117256 1.806681
453 931 -1.00 -385.74  207.114854 188.040427 73.889078 5.456739 0.872670 5.010156
454 934 -1.00 -385.42  184.629479 -193.697965 30.313993 0.573472 1.149668 1.692282
455 935 -1.00 -385.41  323.654485 -138.675926 115.075153 1.389225 1.441745 1.384530
456 936 -1.00 -385.31  219.069638 199.752937 114.007809 4.499412 0.627680 6.243752
457 938 -1.00 -385.22  326.647560 114.941048 173.365201 3.190990 1.121467 0.641012
458 941 -1.00 -385.15  356.056562 13.265015 43.110302 2.250246 1.585816 1.896089
459 942 -1.00 -385.09  212.841474 200.194384 126.822774 4.286809 0.703539 0.277764
460 943 -1.00 -385.04  222.225399 199.090826 129.689965 3.893362 0.851968 0.663059
461 944 -1.00 -384.98  326.395243 -125.298892 71.865607 1.968823 2.211582 2.606875
462 945 -1.00 -384.95  139.757787 -100.741960 275.560922 3.518569 2.627799 5.834104
463 947 -1.00 -384.88  185.427276 -202.978171 88.296336 0.662027 1.265946 1.424928
464 948 -1.00 -384.81  169.787440 204.981786 113.035262 4.858150 0.620173 6.123546
465 952 -1.00 -384.71  268.839699 177.632031 138.409136 3.792169 0.816543 0.524531
466 953 -1.00 -384.70  283.338863 80.988881 -22.131708 1.759654 0.291707 2.182440
467 954 -1.00 -384.69  184.872317 80.677271 -92.004980 3.745746 1.249070 2.788735
468 959 -1.00 -384.30  53.168131 -157.135388 93.240462 1.090934 0.516380 6.011712
469 960 -1.00 -384.26  203.774806 -189.918084 158.048716 0.937754 1.267925 0.956180
470 962 -1.00 -384.21  254.529913 -180.507006 75.491976 1.304653 2.093721 2.344205
471 963 -1.00 -384.16  165.593663 -189.795951 123.323278 2.229141 0.942583 5.357334
472 966 -1.00 -383.97  280.265808 106.505808 -5.234646 1.882175 0.079779 2.057220
473 971 -1.00 -383.75  159.887830 -198.339018 129.993608 0.938911 0.847489 0.659906
474 972 -1.00 -383.65  38.072713 61.476099 -40.280547 4.415344 0.877138 2.127138
475 973 -1.00 -383.61  282.440631 154.972338 54.703275 3.997504 0.334044 0.072813
476 975 -1.00 -383.33  273.848806 -141.247352 168.010910 3.039307 1.412008 5.231637
477 978 -1.00 -383.28  176.152147 -198.315831 132.740347 0.876150 0.974927 0.846904
478 979 -1.00 -383.19  34.912311 116.925817 41.936973 4.529472 1.381879 1.772189
479 980 -1.00 -383.16  14.048100 -113.558567 173.408519 0.539833 0.909686 0.050447
480 981 -1.00 -383.04  215.240168 197.119294 88.915796 4.832234 0.542061 5.852501
481 982 -1.00 -383.02  13.950134 -73.699472 212.462262 0.435346 1.120111 6.234156
482 983 -1.00 -382.98  15.490496 -100.962823 191.052316 0.564136 0.991700 6.254428
483 985 -1.00 -382.54  105.856964 -31.942592 274.547788 4.493889 2.413622 0.314814
484 986 -1.00 -382.50  171.149998 171.919276 42.767029 5.822106 1.014059 4.600575
485 988 -1.00 -382.47  254.947403 -64.822715 -62.124120 3.330563 1.268329 3.543715
486 989 -1.00 -382.42  281.744912 170.195681 93.402702 3.678545 0.591612 0.576953
487 990 -1.00 -382.40  81.379758 -159.544167 181.150340 1.882442 1.400157 5.310013
488 991 -1.00 -382.34  192.203413 -202.509755 107.702678 0.704344 1.428631 1.417219
489 993 -1.00 -382.13  152.317982 -173.409682 181.764782 2.478630 1.740522 5.078885
490 994 -1.00 -382.13  104.285747 -182.133782 103.724307 2.152590 1.174149 4.980427
491 996 -1.00 -382.07  144.285022 -172.774181 183.240080 2.484153 1.903129 4.987326
492 997 -1.00 -381.99  329.459050 -12.420262 218.060201 1.853706 2.054897 1.053044
493 998 -1.00 -381.98  178.860845 207.731232 107.015746 4.666017 0.606705 6.274809
494 999 -1.00 -381.97  252.917362 169.616512 51.998802 4.763633 0.363630 5.660644
495 1000 -1.00 -381.87  244.031119 -191.276477 98.363623 1.900316 2.471787 3.198556
496 1001 -1.00 -381.83  258.747711 -112.150357 254.470145 2.569827 1.457731 5.939994
497 1003 -1.00 -381.72  183.740980 -180.696053 200.758332 1.021537 1.241626 0.620628
498 1004 -1.00 -381.67  145.009841 118.191316 -56.918442 2.351334 0.347278 2.806402
499 1006 -1.00 -381.56  47.655827 53.749657 262.746845 0.717901 2.026583 5.450532
500 1008 -1.00 -381.37  333.698843 -49.749408 184.654207 1.829604 2.818353 1.893250
501 1009 -1.00 -381.33  298.566842 -156.126118 92.817162 1.264858 1.266252 1.375649
502 1015 -1.00 -380.85  118.434914 -171.750282 194.806669 2.038946 1.386537 5.436368
503 1016 -1.00 -380.84  272.439841 171.448227 81.220410 3.798904 0.498323 0.475908
504 1020 -1.00 -380.43  155.210600 -159.417309 -8.891115 6.096930 0.348175 1.783910
505 1022 -1.00 -380.34  58.816604 -158.239006 86.504399 1.812168 0.843647 5.198260
506 1023 -1.00 -380.32  346.888756 -20.034656 189.226210 1.882530 2.001427 1.231090
507 1024 -1.00 -380.32  15.040058 -1.194533 234.947798 6.131925 1.263533 0.061688
508 1025 -1.00 -380.14  345.692267 87.634450 155.696956 3.494798 0.896515 0.081507
509 1026 -1.00 -380.14  92.047642 -131.498963 236.830162 1.708962 1.494229 5.692921
510 1027 -1.00 -380.08  24.416801 -21.242810 -10.404945 4.975367 0.696240 1.891558
511 1028 -1.00 -380.03  230.108890 -183.664130 192.100933 0.880793 2.740156 1.840976
512 1030 -1.00 -379.99  230.938000 193.882270 87.779522 4.439481 0.502879 6.219210
513 1031 -1.00 -379.98  62.540263 -79.685666 258.640870 0.668793 1.436063 6.233560
514 1032 -1.00 -379.89  354.698114 -77.096306 141.897834 1.777077 1.378985 1.170086
515 1033 -1.00 -379.86  128.454306 -188.296841 153.060795 1.076131 0.863336 0.304476
516 1034 -1.00 -379.76  160.200434 -153.632430 -15.273045 5.868114 0.266631 1.969116
517 1035 -1.00 -379.71  332.612963 -123.018448 83.001864 2.175289 2.342880 2.825488
518 1037 -1.00 -379.62  267.797346 -173.122726 51.985488 1.065114 1.473156 1.759799
519 1038 -1.00 -379.59  184.327839 55.824295 -100.515180 3.695221 1.187200 2.899589
520 1041 -1.00 -379.40  16.644310 -70.039303 217.003387 0.270480 1.164349 0.103718
521 1042 -1.00 -379.40  96.206662 -171.890764 175.668571 1.834704 1.186151 5.487857
522 1045 -1.00 -379.26  -3.536433 -85.581282 163.190384 0.570236 0.869320 6.105818
523 1046 -1.00 -379.23  264.349031 -128.474247 202.262192 3.108859 1.653843 5.292136
524 1048 -1.00 -379.17  330.140334 -111.888603 157.837792 1.860466 1.085980 0.731976
525 1052 -1.00 -379.03  228.324461 87.034582 281.225469 4.296586 1.690042 6.139873
526 1053 -1.00 -378.95  274.613031 -130.079092 181.558783 3.187036 1.666853 5.134175
527 1055 -1.00 -378.87  242.264546 -192.230049 106.552908 1.651244 2.481816 2.902186
528 1056 -1.00 -378.85  308.971096 143.231282 160.363681 3.234853 1.143486 0.816689
529 1058 -1.00 -378.76  259.374520 -146.806643 221.275783 0.733332 2.586416 1.299046
530 1061 -1.00 -378.72  291.432757 -158.602841 122.878317 1.339084 1.093117 1.043543
531 1062 -1.00 -378.67  260.614087 -101.496945 260.032485 2.351584 1.441159 6.180251
532 1065 -1.00 -378.52  132.573402 -190.044146 111.820232 2.321043 1.391867 4.867544
533 1066 -1.00 -378.50  286.638656 -110.437287 206.202803 3.305794 1.721439 5.268761
534 1067 -1.00 -378.45  314.196279 -24.206617 251.471296 2.509146 1.444678 0.296698
535 1072 -1.00 -378.08  166.322963 196.635747 87.083986 5.618761 0.866960 5.126216
536 1073 -1.00 -378.05  239.790379 -141.078782 203.877939 2.975656 1.707299 5.261032
537 1074 -1.00 -378.02  119.021241 -141.879643 236.979882 1.917004 1.517788 5.666566
538 1076 -1.00 -377.74  283.754837 -169.925702 83.766495 1.208470 0.914698 1.183370
539 1077 -1.00 -377.73  -12.897159 -29.927653 64.722173 5.439337 0.834509 1.297221
540 1079 -1.00 -377.59  14.971650 -84.250690 203.178438 0.420274 1.069905 0.037355
541 1080 -1.00 -377.59  -1.525831 -91.588638 164.741074 0.440895 0.866864 0.019143
542 1081 -1.00 -377.56  215.579593 -191.227299 39.496876 0.800037 1.463747 1.817930
543 1082 -1.00 -377.54  220.052826 -191.981912 46.578124 0.761352 1.123539 1.586913
544 1084 -1.00 -377.47  169.023020 -159.986697 214.138676 2.532542 1.721773 5.302495
545 1085 -1.00 -377.43  59.279548 -94.345695 243.864975 2.103879 2.377712 5.090998
546 1086 -1.00 -377.42  226.677606 150.923414 -24.094387 3.175269 1.094183 2.072063
547 1087 -1.00 -377.39  14.475414 111.649996 176.265265 0.331395 1.700068 5.052384
548 1088 -1.00 -377.37  367.680996 16.496489 145.221928 2.454258 1.206538 1.001223
549 1092 -1.00 -377.30  82.123518 -160.551612 171.753954 1.951959 1.429337 5.219802
550 1093 -1.00 -377.27  239.992691 191.444697 118.655116 4.075039 0.667147 0.353227
551 1094 -1.00 -377.23  238.165748 188.220055 73.193103 4.562669 0.438687 6.021419
552 1095 -1.00 -377.19  194.338964 199.484673 121.834424 4.751157 0.656217 6.105467
553 1096 -1.00 -377.06  333.105356 -118.531403 127.687434 1.700981 1.052947 0.953597
554 1098 -1.00 -376.84  9.381920 11.643975 11.782155 4.979469 0.881708 1.756463
555 1100 -1.00 -376.73  0.325241 -69.298698 51.892180 5.625315 0.663767 1.271719
556 1101 -1.00 -376.59  349.118885 -84.648216 136.486064 1.774125 1.226678 1.070244
557 1102 -1.00 -376.58  182.256492 -201.859464 59.843824 0.608129 1.133732 1.512664
558 1103 -1.00 -376.57  197.772747 144.269619 -47.409208 3.800139 1.525824 2.548704
559 1104 -1.00 -376.56  184.477841 -166.990441 207.148720 1.424165 1.093445 0.087972
560 1105 -1.00 -376.47  22.837018 9.445537 252.052865 0.865658 1.806259 5.484846
561 1106 -1.00 -376.42  17.396182 -13.532560 -20.441041 4.913749 0.658674 1.918330
562 1108 -1.00 -376.35  289.909417 -165.827580 81.932270 1.816835 2.311817 2.763010
563 1110 -1.00 -376.30  334.268106 -103.090764 148.936455 1.637528 1.328287 1.082778
564 1112 -1.00 -376.23  166.877147 -201.383775 92.490196 0.728978 0.824535 1.002479
565 1114 -1.00 -376.15  199.540532 204.274322 117.393399 4.406352 0.656846 0.181977
566 1117 -1.00 -375.88  141.581977 -137.137492 240.283313 2.463650 1.903198 5.422855
567 1120 -1.00 -375.77  326.882970 112.224915 176.210144 3.084575 1.200953 0.752353
568 1122 -1.00 -375.65  131.827348 -135.265529 252.663481 1.795448 1.487961 5.873610
569 1124 -1.00 -375.62  -10.043247 58.472633 45.993551 4.891540 1.159085 1.606520
570 1126 -1.00 -375.54  161.527724 201.291048 157.501578 4.643317 0.834317 0.149258
571 1128 -1.00 -375.33  314.106982 -97.773236 188.106208 1.436794 1.893072 1.152519
572 1135 -1.00 -374.89  190.017946 -182.641945 153.699710 2.252876 1.032435 5.535282
573 1136 -1.00 -374.78  311.622954 -139.366137 129.564357 1.642327 0.957117 0.810500
574 1137 -1.00 -374.77  297.219391 138.893986 59.420255 3.997971 0.354496 6.217936
575 1138 -1.00 -374.75  176.181016 205.519183 128.678358 4.664586 0.688059 0.036930
576 1139 -1.00 -374.70  175.814710 141.096774 -45.865112 3.199068 0.830438 2.158895
577 1140 -1.00 -374.69  69.333036 -92.491639 -37.397563 5.890917 1.082654 2.136867
578 1142 -1.00 -374.48  322.415577 -46.205508 237.601660 2.350938 1.366429 0.346787
579 1145 -1.00 -374.32  22.477479 -113.245822 182.757478 0.607374 0.974063 0.023992
580 1146 -1.00 -374.31  162.339712 -200.694737 126.108660 0.845247 0.902945 0.793954
581 1149 -1.00 -373.95  101.353347 -131.167744 245.609867 1.694573 1.494174 5.770242
582 1151 -1.00 -373.69  156.547285 -195.945200 143.690726 1.154980 0.828965 0.384668
583 1154 -1.00 -373.40  58.736227 -158.789319 97.772255 1.917847 1.180433 4.944730
584 1156 -1.00 -373.36  90.478275 -147.110415 212.258184 1.837914 1.475467 5.489960
585 1157 -1.00 -373.32  258.005890 -186.473813 110.775267 2.030036 2.527322 3.281409
586 1158 -1.00 -373.29  352.882449 -14.503416 199.008483 2.256857 1.398620 0.778739
587 1159 -1.00 -373.14  209.717217 -198.627914 64.230956 0.765231 1.478660 1.697669
588 1160 -1.00 -373.13  53.885053 -109.143975 231.016491 0.750965 1.245886 6.258003
589 1163 -1.00 -372.98  15.883557 -70.741377 235.592866 1.089956 1.490365 5.612077
590 1165 -1.00 -372.82  333.618950 118.284328 142.562935 3.189000 0.951714 0.667141
591 1166 -1.00 -372.82  146.166654 -194.549283 142.926388 1.278245 0.784955 0.174439
592 1168 -1.00 -372.77  346.449192 100.709159 105.069181 3.060041 0.767143 0.718951
593 1170 -1.00 -372.62  297.367303 -106.969280 227.407011 2.281873 1.248671 0.082909
594 1171 -1.00 -372.62  36.650532 73.074788 245.354891 0.625558 2.031898 5.300694
595 1172 -1.00 -372.51  64.422665 -157.836660 155.383109 1.803986 1.274980 5.245255
596 1173 -1.00 -372.49  251.551606 165.788960 194.348989 4.090423 1.051119 0.220644
597 1176 -1.00 -372.45  239.863388 194.133042 119.320436 3.688411 0.874462 0.819617
598 1177 -1.00 -372.44  301.893134 -91.846440 210.650907 1.335052 2.039875 1.068303
599 1178 -1.00 -372.43  104.910590 -180.513274 34.917433 2.049796 1.619585 4.243385
600 1179 -1.00 -372.40  208.841414 -155.627547 187.468797 2.938103 2.021229 4.997099
601 1180 -1.00 -372.39  283.129435 168.860634 128.428611 3.687140 0.775796 0.553054
602 1181 -1.00 -372.22  214.096695 -35.187635 299.633693 3.970937 2.259162 5.896009
603 1182 -1.00 -372.12  289.967129 -134.598671 143.108161 3.152622 1.343157 5.117813
604 1183 -1.00 -371.93  335.828329 -21.099479 -7.335042 3.090344 1.890583 3.250145
605 1185 -1.00 -371.82  353.127410 -75.130945 138.999940 1.884705 1.129544 0.965790
606 1186 -1.00 -371.79  158.819363 -189.701382 137.416250 2.358359 1.254803 5.138019
607 1187 -1.00 -371.59  323.779063 -37.840707 265.478375 3.440359 1.489539 5.762507
608 1188 -1.00 -371.52  8.657526 -95.592334 184.672530 0.619478 0.981850 6.163222
609 1189 -1.00 -371.47  16.298150 -72.220395 216.722372 0.660687 1.175256 6.010236
610 1191 -1.00 -371.21  363.691225 -66.408512 195.123133 2.465442 1.004317 0.281616
611 1193 -1.00 -371.12  12.182893 62.015523 208.798469 5.962464 1.093951 6.136152
612 1194 -1.00 -371.00  202.167009 198.239869 132.401545 4.455998 0.702583 0.128406
613 1195 -1.00 -370.96  176.199074 193.637258 76.237756 5.584498 0.785912 5.103434
614 1196 -1.00 -370.91  177.832359 -169.679171 209.473732 2.233224 1.337848 5.638341
615 1197 -1.00 -370.82  201.114818 202.875291 122.129684 4.452155 0.667802 0.150059
616 1198 -1.00 -370.78  274.259258 173.606950 91.847647 3.834639 0.573386 0.346864
617 1201 -1.00 -370.56  189.608256 202.101580 106.035757 5.081847 0.669598 5.709304
618 1202 -1.00 -370.48  167.510805 173.354860 52.166390 5.815193 1.152364 4.585490
619 1205 -1.00 -370.30  -9.015483 -36.737997 50.438447 5.411856 0.956228 1.481356
620 1206 -1.00 -370.26  5.358634 -107.257823 148.638069 0.486424 0.784002 0.051240
621 1207 -1.00 -370.24  10.955385 -56.842218 217.206011 0.362608 1.149193 6.208296
622 1208 -1.00 -370.16  234.212990 178.561325 51.321096 4.963184 0.391488 5.544844
623 1212 -1.00 -369.95  235.756752 150.242434 -31.106436 3.655822 1.656247 2.537229
624 1214 -1.00 -369.85  -17.750040 0.125274 119.396210 5.308462 1.509757 1.527028
625 1215 -1.00 -369.82  146.543173 172.196605 202.597651 3.884364 2.823525 1.899665
626 1218 -1.00 -369.75  15.397612 -111.635451 172.846762 0.536434 0.905084 0.056894
627 1219 -1.00 -369.72  43.453313 38.042514 265.285527 0.813418 2.000241 5.484491
628 1220 -1.00 -369.48  199.213702 194.554904 70.340402 5.330436 0.609656 5.309553
629 1221 -1.00 -369.39  191.596310 205.639257 80.585360 4.833274 0.490965 5.997244
630 1222 -1.00 -369.34  140.634230 -189.125634 182.979177 0.319918 2.233832 1.434019
631 1223 -1.00 -369.32  304.692638 -157.081530 109.926667 1.382214 1.008136 1.086580
632 1224 -1.00 -369.25  158.059932 -206.301602 90.540883 0.534473 1.335927 1.459036
633 1225 -1.00 -369.16  205.305616 201.848553 105.529053 4.678339 0.596162 6.101879
634 1227 -1.00 -369.12  25.353062 109.052958 26.019498 0.432778 0.532286 4.976189
635 1228 -1.00 -369.09  215.167383 -178.358840 167.156407 2.743309 1.541020 5.141291
636 1230 -1.00 -369.05  200.743117 -201.225932 93.827514 0.731164 1.411714 1.486809
637 1231 -1.00 -368.96  178.546928 -195.284407 31.096276 0.545368 1.170526 1.704624
638 1233 -1.00 -368.86  183.591435 -204.258078 99.257268 0.681895 1.218247 1.327085
639 1234 -1.00 -368.84  140.094883 -188.176857 163.104233 0.991574 0.981181 0.477998
640 1235 -1.00 -368.72  241.533045 -154.590653 227.340683 0.635077 2.465418 1.218536
641 1237 -1.00 -368.70  105.516494 -19.755972 292.840943 4.917916 2.264906 0.510795
642 1239 -1.00 -368.62  167.119944 166.863690 -15.200971 3.342104 0.677250 1.835835
643 1240 -1.00 -368.57  180.074668 -171.902507 192.704425 2.622507 1.718726 5.159336
644 1244 -1.00 -368.29  157.308883 -175.003051 180.873550 2.532103 1.821410 5.022075
645 1245 -1.00 -368.29  222.511352 174.855763 37.875583 5.410440 0.479348 5.053499
646 1246 -1.00 -368.26  320.108026 98.425801 24.625272 2.706877 0.359880 1.205866
647 1247 -1.00 -368.19  97.601583 162.463226 158.149698 6.209163 2.227227 4.636433
648 1251 -1.00 -368.06  192.049789 205.717689 90.161097 4.580822 0.523695 0.015525
649 1253 -1.00 -367.96  99.203129 -170.302710 171.705794 1.961674 1.310903 5.321820
650 1254 -1.00 -367.92  146.802019 -196.770448 150.448719 0.803115 1.005398 0.724147
651 1255 -1.00 -367.90  86.109774 -181.313824 120.782707 0.858784 0.670891 0.260617
652 1256 -1.00 -367.90  8.305834 0.856494 226.601413 6.127281 1.216504 0.060804
653 1258 -1.00 -367.81  -12.941932 -66.399506 165.658610 0.503357 0.882863 6.070435
654 1259 -1.00 -367.80  224.589833 -135.622429 226.422839 3.038204 1.943704 5.283628
655 1260 -1.00 -367.79  233.774085 191.563532 97.132934 4.335843 0.529378 0.072785
656 1263 -1.00 -367.63  219.446001 -157.433506 199.320704 2.291576 1.204676 5.802576
657 1265 -1.00 -367.57  297.461096 132.467113 31.804758 3.480673 0.236647 0.506520
658 1266 -1.00 -367.49  148.015875 72.378923 -95.429154 3.818361 1.102465 2.726229
659 1267 -1.00 -367.46  321.839278 64.617250 225.795940 2.413666 1.845440 0.903393
660 1268 -1.00 -367.45  317.587390 -132.946588 125.918831 1.567695 1.080154 1.003898
661 1269 -1.00 -367.36  42.312239 -42.729721 271.092376 1.109123 1.756474 5.672361
662 1270 -1.00 -367.19  59.467388 -161.277501 91.729488 1.001640 0.503185 6.164710
663 1271 -1.00 -367.18  249.938421 -185.983999 89.713771 1.802030 2.420262 3.041278
664 1272 -1.00 -367.15  180.777008 156.128163 11.754424 5.914047 0.835200 4.444433
665 1274 -1.00 -366.97  19.295675 -11.672322 -7.724059 5.012738 0.821766 1.892028
666 1276 -1.00 -366.91  291.946365 140.158426 43.582244 4.324685 0.284461 5.879601
667 1277 -1.00 -366.88  132.368508 -158.783511 229.982673 0.191229 2.067208 1.007119
668 1278 -1.00 -366.62  340.887249 -16.077696 202.627226 1.894125 1.983711 1.132072
669 1281 -1.00 -366.54  -6.283079 -75.491500 172.792790 0.360583 0.911949 0.014147
670 1283 -1.00 -366.47  194.929649 -139.834923 217.003402 3.030219 2.200161 5.145558
671 1287 -1.00 -366.25  188.291167 -186.848220 12.084785 0.680487 1.457545 1.972428
672 1288 -1.00 -366.10  278.158066 -126.988762 178.349619 3.263697 1.799135 5.039745
673 1289 -1.00 -366.07  344.753122 72.855874 167.699463 2.372184 2.011722 1.342473
674 1291 -1.00 -365.97  117.603359 202.592923 114.637824 4.975749 0.642094 6.269793
675 1292 -1.00 -365.96  75.503551 -148.427483 148.808049 2.027454 1.841884 4.796926
676 1293 -1.00 -365.91  263.876691 -124.850649 209.113483 3.076849 1.625658 5.363499
677 1295 -1.00 -365.86  95.836623 128.704362 -0.322142 0.088089 1.088201 4.226333
678 1297 -1.00 -365.52  5.052593 -82.692649 186.179372 0.383092 0.979664 0.034617
679 1299 -1.00 -365.49  233.127303 194.835369 148.184438 4.109919 0.831624 0.383450
680 1300 -1.00 -365.46  28.066724 -136.230393 190.009173 0.324308 1.081091 0.460328
681 1304 -1.00 -365.38  265.884547 -58.761096 -59.500907 3.289347 1.353472 3.500781
682 1307 -1.00 -365.25  365.654432 15.647925 147.805773 2.682115 0.980053 0.659820
683 1309 -1.00 -365.12  11.946272 1.384890 -13.835214 4.952358 0.798140 1.889402
684 1310 -1.00 -365.09  232.993765 -110.610122 256.053962 2.733614 1.603671 5.853735
685 1311 -1.00 -365.08  229.934090 148.957633 -6.742107 2.786020 0.212449 1.627536
686 1312 -1.00 -365.08  233.240359 193.631707 117.902805 3.946627 0.716571 0.553305
687 1313 -1.00 -365.07  184.565234 -186.910099 156.971222 2.574023 1.506395 5.096911
688 1314 -1.00 -365.06  11.453077 -3.788063 241.240608 0.885000 1.698929 5.469280
689 1316 -1.00 -365.02  213.708565 130.221226 -48.350518 2.576103 0.485121 2.317769
690 1317 -1.00 -364.94  309.140062 -114.236505 164.544086 3.101434 1.158786 5.458389
691 1319 -1.00 -364.86  117.266665 -21.837701 280.282494 4.401252 2.346599 0.230493
