1 1 -1.00 -1381.45  -17.721000 0.626754 87.141352 1.178816 1.496927 4.857769
2 2 -1.00 -1347.75  -19.979685 0.298606 82.927832 1.169458 1.423155 4.793585
3 4 -1.00 -1178.34  -14.984907 1.335859 97.535246 1.191451 1.646915 4.841165
4 6 -1.00 -1105.01  -18.154152 0.514244 93.541173 1.172445 1.573643 4.776750
5 9 -1.00 -1029.52  -8.979965 -0.887349 96.703117 1.265130 1.637064 4.939810
6 12 -1.00 -959.18  -24.818629 4.479634 81.245609 1.082671 1.416186 4.600348
7 19 -1.00 -900.83  -20.213682 3.365185 97.238563 1.164133 1.642275 4.671972
8 23 -1.00 -875.14  -24.665049 3.166106 75.009626 0.992172 1.217711 4.932458
9 25 -1.00 -840.73  -16.276180 -0.797177 77.152333 1.187823 1.275442 4.920589
10 27 -1.00 -833.81  -18.254876 0.877342 91.057145 1.196411 1.507500 4.784577
11 32 -1.00 -801.98  29.803837 26.887649 13.668210 2.499226 1.011894 1.562022
12 33 -1.00 -793.48  -24.103538 2.194701 80.987061 1.026297 1.371061 4.886202
13 34 -1.00 -792.51  -26.448648 6.355499 84.225658 1.081704 1.477222 4.489797
14 35 -1.00 -787.41  -21.781962 1.695861 83.695560 1.173822 1.421253 4.622040
15 36 -1.00 -776.55  -14.744468 -4.601536 87.599690 1.188550 1.501321 4.889944
16 37 -1.00 -775.07  35.582461 32.437084 16.332801 2.646408 1.031159 1.402612
17 38 -1.00 -772.39  -18.707504 -1.700215 82.914234 1.189521 1.365133 4.820753
19 40 -1.00 -769.16  46.415073 10.490835 129.228359 1.827402 2.103908 5.892612
20 41 -1.00 -767.68  -29.299887 7.181196 80.337199 1.021113 1.405116 4.512751
21 42 -1.00 -766.56  -16.897877 -2.336870 83.184559 1.257258 1.371689 4.740569
23 45 -1.00 -761.41  31.152651 30.680858 14.549842 2.612229 0.973945 1.498666
24 46 -1.00 -755.89  -11.266788 12.676644 90.265007 0.930296 1.943857 5.994199
26 50 -1.00 -749.27  -1.849893 -0.475732 102.697744 1.268682 1.717423 5.166541
28 52 -1.00 -744.93  52.506567 13.326496 126.426765 1.899564 2.114816 6.014104
29 54 -1.00 -743.70  -22.086070 22.702734 87.305705 0.757114 1.792511 5.540287
34 60 -1.00 -736.26  -11.812158 -4.045710 91.528376 1.207045 1.573306 4.953610
36 62 -1.00 -731.35  52.716812 -10.173882 64.755719 1.940536 0.881344 5.656169
37 64 -1.00 -728.96  -22.222349 22.648714 82.950438 0.737280 1.702588 5.503028
41 69 -1.00 -723.36  -21.702734 0.356924 79.779978 1.074210 1.370780 4.969737
43 71 -1.00 -720.85  -23.313469 3.164338 79.499851 0.988202 1.301078 4.986325
44 72 -1.00 -719.61  -22.449285 1.113352 66.929905 0.953422 0.973382 5.125275
47 78 -1.00 -715.08  -27.941967 6.103749 79.808867 1.082337 1.403274 4.428410
48 79 -1.00 -714.91  -19.833053 1.565288 85.883036 1.155881 1.519405 4.598346
50 82 -1.00 -711.84  -23.400684 3.194011 72.596400 1.124521 1.256094 4.730155
51 83 -1.00 -710.28  13.828134 3.243032 114.783255 1.275705 1.854312 5.569380
52 86 -1.00 -707.06  56.414138 -7.236921 69.345864 2.040419 0.926185 5.588871
53 87 -1.00 -706.97  24.401129 41.651240 12.004122 2.807639 0.825458 1.381742
55 90 -1.00 -706.57  -27.533595 5.595207 76.530009 0.922373 1.313159 4.815188
57 92 -1.00 -703.38  48.526589 -4.514057 116.662987 1.784259 1.784217 5.886418
59 94 -1.00 -702.52  24.452747 -9.172268 102.074026 1.533988 1.559391 5.600050
60 96 -1.00 -699.53  -28.559992 8.363912 75.986049 0.798742 1.269646 5.008365
64 104 -1.00 -694.89  -26.197452 4.109126 72.506455 0.917531 1.155585 4.966454
66 106 -1.00 -693.27  30.161667 -0.492095 112.869356 1.469760 1.851562 5.816172
67 107 -1.00 -692.71  32.692611 -4.063040 120.498016 1.676088 1.758106 5.604447
68 108 -1.00 -692.46  25.647882 82.970640 61.650415 3.915718 1.227286 5.966145
69 110 -1.00 -692.07  42.440223 -8.670230 104.960863 1.708450 1.661374 5.836658
71 114 -1.00 -687.52  34.319391 -7.668186 119.493397 1.735037 1.697502 5.576455
75 123 -1.00 -682.91  39.490568 4.328267 128.379284 1.707499 1.968997 5.769396
79 133 -1.00 -678.95  43.270076 -19.448874 77.778830 1.642236 1.172389 5.917525
81 140 -1.00 -676.92  35.634482 -2.949522 124.080864 1.687266 1.845177 5.668164
82 144 -1.00 -674.43  42.236825 -16.974611 62.622497 1.615209 0.948559 5.957683
85 149 -1.00 -673.20  29.107358 -12.417160 98.575947 1.570425 1.526919 5.667983
88 152 -1.00 -672.22  48.906483 -10.261858 108.350060 1.753662 1.680892 5.927279
89 153 -1.00 -672.06  -23.157101 6.568311 67.269649 0.921316 1.061748 5.173508
93 163 -1.00 -666.84  -23.560146 1.524343 70.127596 0.928951 1.058630 5.186356
95 166 -1.00 -665.01  40.349764 -15.651038 95.456119 1.635443 1.485177 5.861243
97 169 -1.00 -664.61  35.123481 -9.285271 112.424016 1.668597 1.651523 5.665075
100 172 -1.00 -663.30  -26.040687 25.776315 83.365532 0.652202 1.646028 5.547150
102 174 -1.00 -662.12  -21.646005 8.666980 60.918735 0.834646 0.857588 5.427579
103 175 -1.00 -661.58  40.968700 -11.403704 103.859648 1.674530 1.583250 5.809395
104 180 -1.00 -661.02  29.296675 43.564563 13.702156 2.849940 0.898483 1.295543
109 195 -1.00 -655.22  29.777875 -9.994892 96.203736 1.564998 1.506921 5.705678
110 196 -1.00 -655.09  -24.192548 10.970584 57.703301 0.734673 0.801686 5.483954
112 200 -1.00 -654.29  -25.971590 5.574763 81.218252 0.927221 1.400599 4.861220
114 204 -1.00 -652.90  38.329464 33.355699 17.332110 2.671758 1.088775 1.308892
115 205 -1.00 -652.72  53.570852 -9.369846 63.220742 1.882601 0.894286 5.780643
117 211 -1.00 -651.17  41.031005 -17.647247 62.779897 1.655017 0.910445 5.849715
118 212 -1.00 -650.16  -25.308365 3.523079 82.978614 1.021659 1.468146 4.690312
119 213 -1.00 -650.01  -25.140129 4.028428 77.133737 0.910293 1.243286 5.016500
122 219 -1.00 -649.06  50.496962 -17.388671 82.529292 1.684825 1.282821 6.059373
127 227 -1.00 -646.58  -25.711910 5.574564 71.976360 0.971460 1.200090 4.838847
128 228 -1.00 -646.38  17.597119 88.583129 74.751248 4.108518 1.532946 5.952214
129 229 -1.00 -646.33  -10.442416 -2.423790 92.712563 1.183789 1.581928 5.094767
130 231 -1.00 -645.98  28.104105 50.187189 2.924458 2.918274 0.743120 1.089702
135 239 -1.00 -643.08  -21.037174 -1.297931 85.651160 1.092306 1.440370 4.891322
139 244 -1.00 -641.40  23.387692 5.870064 122.844001 1.420802 1.996241 5.616108
140 245 -1.00 -641.30  20.540351 -11.234555 100.738155 1.543297 1.524072 5.435280
141 247 -1.00 -641.15  -18.083141 2.404392 85.798203 1.150977 1.496288 4.754239
142 248 -1.00 -640.89  -28.959180 9.068854 79.186879 0.989037 1.404134 4.405511
143 249 -1.00 -640.80  52.484751 -11.946903 95.902790 1.928309 1.307923 5.680272
145 252 -1.00 -639.88  -14.513616 -0.668274 81.115685 1.187112 1.348360 4.987591
147 256 -1.00 -638.13  -21.135621 9.285598 56.975605 0.865136 0.768842 5.370087
148 257 -1.00 -637.55  33.127568 27.147481 14.743602 2.575150 1.069152 1.534333
149 258 -1.00 -637.51  -21.084508 1.433160 78.284768 1.030214 1.304158 5.071173
150 259 -1.00 -637.43  51.026241 5.510940 124.532642 1.787874 1.990361 6.030234
151 260 -1.00 -637.33  37.273961 8.975886 128.488501 1.666951 2.095799 5.800105
152 261 -1.00 -637.27  49.437894 -14.033275 93.553510 1.736894 1.508082 5.933504
153 262 -1.00 -637.09  38.422198 35.404688 21.349480 2.715005 1.099623 1.347004
155 265 -1.00 -636.44  -26.844609 7.719380 80.761646 0.924261 1.361302 4.856774
160 271 -1.00 -634.58  28.334038 13.290067 135.485505 1.598945 2.160004 5.613836
161 272 -1.00 -634.42  23.659218 -6.779031 109.168417 1.688521 1.644005 5.231305
163 274 -1.00 -634.17  -4.007026 -3.220630 99.953755 1.345242 1.678952 4.967270
164 276 -1.00 -633.63  -26.169034 7.292495 86.205832 1.022994 1.484138 4.568633
165 277 -1.00 -633.60  -20.662410 4.811777 96.449112 1.080457 1.583666 4.825670
167 281 -1.00 -632.96  18.612829 69.857195 11.026895 3.573626 0.726557 0.624583
169 287 -1.00 -631.90  -3.129901 -0.051122 103.133160 1.214737 1.738221 5.223720
173 293 -1.00 -630.71  -21.462628 1.622891 84.724948 1.155881 1.519405 4.598346
177 298 -1.00 -630.05  -26.964714 4.966554 75.963228 0.950764 1.208619 4.852160
178 299 -1.00 -629.65  34.644229 8.085019 123.370869 1.569715 2.060259 5.768172
179 300 -1.00 -629.35  -17.464825 5.547642 62.811791 1.040520 0.902000 5.287499
180 302 -1.00 -627.83  32.637377 -1.466035 123.245223 1.723043 1.782515 5.542983
184 309 -1.00 -626.38  -22.218225 26.404570 90.231931 0.684638 1.831255 5.604191
188 314 -1.00 -625.44  30.201743 -9.430807 103.907780 1.645687 1.599824 5.528452
189 315 -1.00 -625.43  33.072017 0.547302 112.243156 1.480787 1.892144 5.899829
194 322 -1.00 -623.72  22.554116 -8.582928 106.941717 1.633188 1.621946 5.292568
196 325 -1.00 -623.39  37.638169 -19.278742 60.339250 1.546096 0.952921 5.937355
200 330 -1.00 -621.82  38.161434 -18.914960 89.015446 1.647983 1.354820 5.763363
202 333 -1.00 -621.60  -18.668521 3.427053 98.506889 1.164133 1.642275 4.671972
203 335 -1.00 -621.26  38.812722 4.453408 117.404248 1.604300 1.993607 5.865672
204 336 -1.00 -620.98  49.356116 -6.765117 108.056206 1.766361 1.700371 5.905067
205 337 -1.00 -620.91  45.526523 -18.941187 89.703178 1.683352 1.346205 5.894610
206 338 -1.00 -619.99  -21.625304 2.577372 94.429640 1.151172 1.570069 4.607126
207 339 -1.00 -619.31  32.366219 -4.842041 125.579909 1.680620 1.778600 5.580957
209 342 -1.00 -618.84  50.276175 -15.214769 91.430183 1.853506 1.268567 5.739694
212 345 -1.00 -618.26  38.455503 -4.560123 122.336716 1.674248 1.790536 5.738749
218 352 -1.00 -617.29  29.909582 -13.465285 94.938660 1.554558 1.462424 5.751562
225 364 -1.00 -614.60  -12.542409 -5.936528 79.039312 1.152441 1.355463 5.150097
226 365 -1.00 -614.37  34.319324 7.374523 119.448489 1.432175 2.030193 5.941147
227 367 -1.00 -614.23  40.725993 -20.789180 77.844400 1.655971 1.135502 5.822343
228 368 -1.00 -613.16  50.710128 -15.665838 85.256139 1.723293 1.430104 6.005448
231 371 -1.00 -612.25  33.119076 1.744229 124.668890 1.652227 1.922213 5.687107
234 374 -1.00 -611.54  29.974672 -9.775138 102.807473 1.589780 1.558253 5.686636
235 376 -1.00 -610.86  14.928326 91.119038 22.404659 3.798425 0.888703 0.478663
237 378 -1.00 -610.22  23.310273 4.058143 125.625157 1.522306 2.012574 5.507272
239 381 -1.00 -609.25  13.187883 -0.180015 120.630049 1.443374 1.871215 5.324581
246 394 -1.00 -607.42  9.104207 1.387404 113.553856 1.248614 1.786729 5.486298
248 396 -1.00 -607.24  -10.555639 -4.803461 87.379435 1.253859 1.389030 4.999114
250 398 -1.00 -607.17  -17.218536 0.355059 81.244537 1.210665 1.347289 4.814505
253 401 -1.00 -606.50  -18.681983 0.172739 77.251660 1.218151 1.278872 4.743358
255 404 -1.00 -605.53  58.905615 9.346000 123.066474 1.909098 2.076505 6.154992
256 405 -1.00 -605.36  38.465332 -13.884524 107.867052 1.654731 1.637834 5.774916
257 406 -1.00 -605.28  37.500115 -10.094077 101.878998 1.651245 1.618345 5.773750
259 409 -1.00 -605.10  27.798712 35.103562 13.370866 2.585733 0.935016 1.459136
267 422 -1.00 -603.45  49.889449 17.284821 130.241733 1.772935 2.203280 6.087982
269 424 -1.00 -603.21  -24.236993 3.112489 83.201043 0.955308 1.398307 4.962024
272 432 -1.00 -601.49  37.581501 -5.342433 109.597959 1.687569 1.714926 5.716434
276 437 -1.00 -600.95  50.213855 -8.665520 106.096432 1.965336 1.445373 5.557928
278 439 -1.00 -600.70  39.887313 32.745840 20.995958 2.674804 1.178906 1.385267
283 446 -1.00 -599.32  -20.963319 6.249617 41.859408 0.373889 0.629219 6.057726
286 451 -1.00 -598.86  44.917865 -17.718961 74.781171 1.682440 1.180505 5.911538
288 453 -1.00 -598.12  53.137925 -12.979705 78.176862 1.866439 1.118934 5.762468
289 454 -1.00 -598.08  -27.148660 4.303334 80.612289 0.949080 1.409352 4.717281
290 455 -1.00 -597.95  -5.880265 -4.150915 94.942221 1.209541 1.579457 5.189834
291 457 -1.00 -597.81  27.795080 10.640361 128.638329 1.486517 2.112450 5.648572
292 458 -1.00 -597.74  -23.642139 3.158599 84.023050 1.021659 1.468146 4.690312
294 461 -1.00 -596.68  34.618830 -9.293620 99.952310 1.638758 1.563841 5.706115
296 463 -1.00 -596.18  -13.260134 1.352969 98.547603 1.191451 1.646915 4.841165
297 464 -1.00 -596.15  -23.273450 1.424752 79.520569 1.179006 1.353369 4.553324
302 470 -1.00 -594.40  15.917231 2.722510 115.489384 1.336834 1.879091 5.507300
305 474 -1.00 -593.79  -4.635433 0.196235 105.566326 1.299162 1.763664 4.940654
306 475 -1.00 -593.73  -24.565072 10.289419 61.944862 0.719584 0.896521 5.523311
309 479 -1.00 -592.82  -25.597993 6.638435 65.490011 0.850278 0.942282 5.156452
311 482 -1.00 -592.19  -21.261262 5.620278 86.355465 1.078987 1.483696 4.815624
312 483 -1.00 -592.04  38.037878 -14.746650 97.911605 1.657570 1.535314 5.784528
313 484 -1.00 -591.91  -26.013189 3.023560 78.549436 0.951077 1.312179 4.913454
314 486 -1.00 -591.76  -20.446066 0.877644 88.307675 1.130160 1.436057 4.796352
315 487 -1.00 -591.75  -19.668363 2.551203 66.705312 0.972204 1.025810 5.290869
316 488 -1.00 -591.39  10.509888 -9.106371 95.830985 1.389775 1.450346 5.434576
319 491 -1.00 -590.76  31.096579 -9.759473 114.198110 1.675970 1.611544 5.588100
321 495 -1.00 -590.06  -19.712798 -2.484895 88.429204 1.129333 1.510486 4.808416
323 497 -1.00 -589.99  37.471109 32.027236 19.866586 2.658876 1.120663 1.474349
327 501 -1.00 -588.86  -25.120729 6.779643 73.718120 0.930263 1.206796 5.006258
330 507 -1.00 -587.77  54.830168 8.381514 126.219020 1.874286 2.072908 6.050940
331 508 -1.00 -587.65  -13.798351 1.096947 64.766922 1.137654 0.942582 5.245335
333 511 -1.00 -586.74  -16.566262 -4.397873 80.539566 1.111885 1.369642 5.068823
335 514 -1.00 -586.26  32.725578 4.674167 124.102106 1.608216 2.014274 5.708893
336 516 -1.00 -586.21  42.312054 -12.486408 100.549303 1.722415 1.541056 5.724589
337 517 -1.00 -586.07  44.814175 -14.665392 94.327795 1.918001 1.279413 5.442319
338 518 -1.00 -585.92  -8.675464 -5.040393 87.970011 1.322521 1.394741 4.923965
340 521 -1.00 -585.53  26.138607 53.083573 19.841994 3.073504 0.893923 1.100742
342 523 -1.00 -585.47  -29.574325 10.247481 71.189204 0.815376 1.135748 4.963788
346 529 -1.00 -584.19  -23.975500 1.225521 77.201364 0.931625 1.185661 5.051650
347 530 -1.00 -584.18  35.875735 2.681691 130.407109 1.706153 1.864298 5.686563
348 531 -1.00 -583.98  54.353597 -7.571404 99.751617 1.798543 1.623697 5.993002
350 533 -1.00 -583.67  54.583889 16.018992 132.468826 1.885379 2.166247 6.105913
351 534 -1.00 -583.66  32.465402 49.902761 23.357340 3.005657 1.031616 1.132512
352 535 -1.00 -583.54  51.456032 -5.603514 54.738581 1.900096 0.708621 5.784894
356 540 -1.00 -583.15  17.862885 90.078620 65.611204 4.133246 1.355372 5.896724
357 541 -1.00 -583.12  -16.220112 -2.226152 84.062373 1.097542 1.380022 5.062619
360 546 -1.00 -582.67  -19.801512 16.637686 79.384388 0.756522 1.533399 5.676853
361 547 -1.00 -582.48  -24.713598 6.421703 80.141117 1.050695 1.417970 4.492698
364 550 -1.00 -582.11  45.580045 -21.672812 74.103780 1.667007 1.155663 5.922621
374 562 -1.00 -580.19  19.003074 -7.438614 108.079122 1.558719 1.622606 5.362742
377 565 -1.00 -579.45  49.241549 -16.807467 89.074522 1.693896 1.378656 5.983275
378 566 -1.00 -579.33  -24.919410 1.214608 72.657412 0.947521 1.100335 4.994740
382 570 -1.00 -578.50  59.983072 19.887299 120.303222 1.857103 2.175569 0.013490
387 576 -1.00 -577.56  26.898122 12.243281 134.389834 1.611292 2.154707 5.518658
390 579 -1.00 -576.76  -18.294521 9.042891 58.890760 1.019627 0.853513 5.212143
394 585 -1.00 -576.26  40.355692 -6.502054 112.170139 1.702416 1.685946 5.756032
396 587 -1.00 -575.84  -6.803658 -5.841358 89.718998 1.265261 1.552446 5.040172
398 589 -1.00 -575.55  18.964138 2.461717 121.837990 1.495799 1.924245 5.410161
399 591 -1.00 -575.02  32.609627 -7.598923 122.508435 1.635175 1.753488 5.646818
400 592 -1.00 -574.91  59.850427 -7.202103 62.011709 1.947520 0.869341 5.885756
401 595 -1.00 -574.75  -19.767623 16.699956 79.671557 0.726885 1.567785 5.782708
403 597 -1.00 -574.57  -21.058056 0.267275 69.729363 1.027686 1.040618 5.088301
413 609 -1.00 -573.09  31.355508 50.087569 22.661294 3.057584 1.008262 1.190989
414 611 -1.00 -572.53  -15.403766 0.758808 93.010130 1.074075 1.542548 5.087891
417 614 -1.00 -572.21  -22.432761 0.437609 84.101176 1.132253 1.363541 4.731695
418 616 -1.00 -571.60  -19.899686 4.209124 96.052209 1.135072 1.576008 4.751895
419 617 -1.00 -571.60  -13.327145 -5.297967 91.304908 1.223052 1.584642 4.811319
422 621 -1.00 -571.00  28.849736 -4.513048 123.476971 1.668525 1.720657 5.522784
430 631 -1.00 -569.99  -29.926934 8.987530 74.738360 0.994614 1.326283 4.349019
431 632 -1.00 -569.92  -25.228274 29.297548 31.647915 5.861818 0.664148 0.560323
435 636 -1.00 -569.37  33.618601 -18.326946 66.096002 1.553408 0.962511 5.818651
436 637 -1.00 -569.15  40.088775 -19.180453 88.555095 1.619743 1.332201 5.848597
439 640 -1.00 -568.88  59.140416 -9.183020 88.393040 1.975201 1.235934 5.758764
442 643 -1.00 -568.55  30.651116 8.673667 122.859800 1.436955 2.043950 5.779223
446 647 -1.00 -568.03  25.389747 5.052141 132.217436 1.586521 1.983744 5.520543
447 650 -1.00 -567.59  29.405692 20.173312 12.369318 2.407037 1.117749 1.700258
449 652 -1.00 -567.42  -23.387873 7.065216 62.994839 0.937205 0.975411 5.119350
450 653 -1.00 -567.33  -13.809326 5.513908 55.773861 1.129131 0.759555 5.241942
451 654 -1.00 -566.87  -20.426124 0.986529 84.213108 1.002260 1.330877 5.073467
454 657 -1.00 -566.71  24.606131 -5.108669 113.757651 1.526469 1.782066 5.579276
455 658 -1.00 -566.61  -22.767505 10.223873 37.420672 0.215683 0.567956 6.167261
456 659 -1.00 -566.51  42.346436 -8.887351 113.969579 1.703869 1.646152 5.806801
458 661 -1.00 -566.20  40.106863 -18.141040 62.863279 1.706691 0.876234 5.734463
461 665 -1.00 -566.12  33.750180 -13.027148 92.144373 1.593601 1.470429 5.768313
462 666 -1.00 -566.07  -16.501271 -4.307439 86.690212 1.188550 1.501321 4.889944
463 667 -1.00 -565.89  51.229047 -15.691705 83.541282 1.699639 1.452620 6.096561
464 668 -1.00 -565.88  31.013944 10.577039 128.762694 1.531762 2.162022 5.681223
466 670 -1.00 -565.69  -12.880308 -4.032347 48.983731 0.786317 0.690791 5.719329
467 671 -1.00 -565.38  0.677185 -1.698433 103.543609 1.328359 1.750296 5.102382
470 675 -1.00 -565.11  20.299783 5.886774 121.588901 1.399023 1.989651 5.523530
473 679 -1.00 -564.40  -21.128461 9.031219 59.528765 0.779154 0.809970 5.602047
474 680 -1.00 -564.32  45.735327 -10.989317 99.171290 1.727163 1.565585 5.826802
475 682 -1.00 -564.16  -9.986648 0.323858 98.421008 1.151742 1.670335 5.064712
477 686 -1.00 -563.42  25.656910 -11.579871 103.200908 1.619931 1.560678 5.439866
479 688 -1.00 -563.15  -18.306335 2.430425 71.217166 1.136071 1.177736 4.939933
482 691 -1.00 -562.92  -28.054371 6.547401 79.612717 0.947106 1.363609 4.706240
488 697 -1.00 -562.15  32.745771 -9.623388 115.321341 1.675970 1.611544 5.588100
489 698 -1.00 -561.96  44.845974 2.129552 117.233504 1.745771 1.929118 5.893886
492 701 -1.00 -561.52  -16.695986 -3.675327 88.389855 1.124856 1.520927 4.962691
499 713 -1.00 -560.33  32.787283 39.122660 16.597009 2.765373 0.965288 1.369955
500 714 -1.00 -560.33  37.952700 -14.241672 94.343118 1.572065 1.521057 5.909961
502 716 -1.00 -560.02  34.832694 -15.579119 94.829371 1.570733 1.479624 5.809936
504 718 -1.00 -559.81  49.568785 -8.006597 113.393321 1.702647 1.753401 6.020603
505 719 -1.00 -559.80  52.744630 38.751129 51.286583 2.869892 1.702552 1.189304
509 724 -1.00 -559.27  50.855342 19.781516 122.093592 1.677453 2.213587 6.127974
511 728 -1.00 -558.56  -12.750015 -5.380712 72.119472 1.117082 1.221098 5.272450
513 730 -1.00 -558.27  -23.265279 2.519433 75.979016 0.947555 1.249704 5.094974
518 735 -1.00 -558.03  -22.842031 1.525257 81.905918 1.077719 1.467911 4.772617
520 738 -1.00 -557.45  9.568128 5.116118 119.115159 1.269135 1.905818 5.389498
521 739 -1.00 -557.40  -26.773282 5.053770 84.579992 1.048265 1.412407 4.613964
524 745 -1.00 -556.63  19.270128 6.069063 125.991609 1.420192 2.019809 5.456959
529 750 -1.00 -556.31  -15.996836 3.063283 61.147974 1.166941 0.958910 5.026670
536 757 -1.00 -555.13  -17.225844 2.725962 88.917901 1.169385 1.571651 4.815984
538 761 -1.00 -554.87  5.289820 38.374035 -6.359369 2.407406 0.597379 1.811478
544 767 -1.00 -553.65  53.244445 -8.275540 106.163509 1.774913 1.702415 6.033925
547 770 -1.00 -553.45  -26.288704 6.570578 74.250068 0.888286 1.227352 4.922802
552 776 -1.00 -552.49  42.718816 20.390701 136.786533 1.719290 2.285608 5.919983
560 787 -1.00 -551.20  -7.175294 -0.792169 97.559917 1.265130 1.637064 4.939810
561 788 -1.00 -551.15  -23.754871 8.429517 40.904506 0.251697 0.675156 6.185611
564 793 -1.00 -550.81  -0.210364 -6.594869 58.804265 1.263948 0.997384 5.346750
566 795 -1.00 -550.48  -24.263318 11.164039 61.862848 0.845937 0.961434 5.237707
568 797 -1.00 -550.33  -20.328398 0.159112 73.952330 1.006873 1.121163 5.151723
569 798 -1.00 -550.20  19.319474 -14.516557 92.730435 1.531744 1.786543 5.439551
573 804 -1.00 -549.77  -9.378588 -6.256418 71.378539 1.203450 1.197402 5.200996
575 806 -1.00 -549.32  -26.367504 4.176423 84.229968 1.087974 1.515720 4.507448
577 808 -1.00 -549.16  51.546778 -8.493205 107.168673 1.934250 1.430034 5.644628
584 816 -1.00 -548.53  -20.350830 11.154238 34.998472 0.101521 0.590032 0.185356
587 820 -1.00 -547.94  -23.744083 4.696255 88.566535 1.108441 1.485100 4.592997
594 828 -1.00 -547.21  -29.505175 8.784064 73.925399 0.849549 1.214895 4.847303
597 831 -1.00 -547.11  44.867568 -15.920555 86.595373 1.623734 1.449604 6.043006
598 832 -1.00 -547.09  -24.190855 5.507756 64.455686 0.868597 0.956699 5.240122
605 840 -1.00 -545.79  -2.375238 1.168040 103.020334 1.206950 1.694768 5.232078
609 845 -1.00 -545.64  38.645840 24.801660 21.634810 2.513196 1.248804 1.479411
610 846 -1.00 -545.45  95.876542 44.959455 22.577498 2.657656 0.759585 0.583743
611 847 -1.00 -545.39  40.018283 33.296882 20.871529 2.640214 1.176376 1.316003
612 848 -1.00 -545.37  -21.395266 3.286698 83.882558 0.993258 1.384924 5.036808
613 849 -1.00 -545.37  -10.626445 -1.444778 95.641695 1.212335 1.536967 5.040882
620 857 -1.00 -544.64  29.331199 -3.168556 113.736023 1.555776 1.824863 5.677934
622 859 -1.00 -544.29  -21.075945 -0.851714 81.444614 1.049276 1.301970 4.921693
623 860 -1.00 -544.21  33.277940 41.537990 8.229477 2.771275 0.903731 1.252236
631 870 -1.00 -543.48  44.039589 34.222889 23.820333 2.696313 1.244957 1.307181
634 873 -1.00 -543.08  49.085219 2.238358 33.285391 1.871664 0.396802 5.831973
637 876 -1.00 -542.87  32.325074 38.664079 135.232048 1.491085 2.621487 5.699229
639 878 -1.00 -542.68  54.204710 -15.628724 91.801587 1.748315 1.417958 6.041442
643 882 -1.00 -542.46  6.503517 0.711749 111.322728 1.289940 1.794672 5.332248
646 885 -1.00 -542.40  -13.725185 1.481376 61.264890 1.180156 0.871836 5.161931
653 895 -1.00 -541.77  32.030614 -12.174601 112.165735 1.619593 1.587088 5.652986
654 896 -1.00 -541.76  -18.408314 -0.527840 82.408375 1.151751 1.307283 4.913832
655 897 -1.00 -541.64  -9.067110 -4.019871 68.221930 1.275691 1.036668 5.085883
658 901 -1.00 -541.34  20.448622 4.686223 129.929336 1.550080 1.920267 5.446366
659 902 -1.00 -541.07  -20.706915 -0.135894 89.208447 1.084375 1.541362 4.708045
661 904 -1.00 -540.99  41.336935 33.486175 22.158068 2.674804 1.178906 1.385267
663 906 -1.00 -540.56  23.276743 -9.250385 120.768253 1.615346 1.684064 5.420477
667 912 -1.00 -540.23  -20.370883 7.146520 40.585671 0.287267 0.611229 6.239405
673 918 -1.00 -540.08  -24.460291 0.050969 77.525828 0.978759 1.238090 4.950790
675 920 -1.00 -539.94  22.251635 86.833183 67.228871 3.969759 1.352560 6.027442
676 921 -1.00 -539.92  24.494033 -13.810136 90.605053 1.614092 1.745388 5.404756
678 924 -1.00 -539.75  40.443077 7.316751 123.079525 1.667261 2.048269 5.819625
680 927 -1.00 -539.55  44.245538 -7.777866 43.722053 1.784930 0.608315 5.708419
682 929 -1.00 -539.45  44.264356 3.590614 116.479071 1.661172 1.969235 5.973408
684 931 -1.00 -539.35  -14.749414 -0.542570 85.642934 1.220656 1.515361 4.693131
685 933 -1.00 -538.98  18.816148 -12.892551 97.178106 1.535066 1.832764 5.358948
687 935 -1.00 -538.71  -24.428670 13.971346 59.796128 0.723152 0.830071 5.485776
690 938 -1.00 -538.43  30.853222 38.005351 15.667226 2.810104 0.954660 1.435864
691 939 -1.00 -538.40  25.432490 -6.769864 113.164578 1.677844 1.717627 5.304725
693 941 -1.00 -537.96  -25.641546 4.263825 84.307057 1.108774 1.412796 4.529719
694 942 -1.00 -537.83  38.696194 -12.642280 88.162239 1.567058 1.448574 5.951249
695 943 -1.00 -537.82  62.665044 16.293414 126.691147 2.020890 2.163892 6.211041
697 945 -1.00 -537.74  55.841748 -14.115950 78.949729 1.799450 1.198274 5.979208
700 948 -1.00 -537.56  48.449699 -17.059969 68.705201 1.712395 1.086239 5.894731
703 952 -1.00 -537.16  39.813193 -12.391050 103.576580 1.764158 1.528482 5.573482
704 953 -1.00 -537.14  24.183590 -10.634302 105.486083 1.573800 1.580521 5.517733
705 954 -1.00 -536.80  24.572010 3.794458 82.236552 1.485025 1.859382 6.216296
706 956 -1.00 -536.68  27.274666 -17.501498 66.491984 1.436948 0.965018 5.877849
707 957 -1.00 -536.60  44.972578 29.109406 29.748851 2.632126 1.383541 1.428016
708 958 -1.00 -536.58  -16.734227 -4.698694 71.050223 1.129565 1.067065 5.067713
709 959 -1.00 -536.56  31.133157 6.375934 129.686002 1.604862 2.062275 5.686060
711 961 -1.00 -536.46  -20.227920 7.314292 94.667524 1.049650 1.575733 4.873972
713 964 -1.00 -536.17  19.382841 39.658948 10.811989 2.751133 0.755460 1.475669
718 969 -1.00 -535.87  46.920378 -20.426779 77.504343 1.736924 1.128767 5.849518
725 978 -1.00 -534.76  -20.373480 0.892589 74.447864 1.156154 1.204350 4.756881
726 980 -1.00 -534.54  44.355101 -9.899033 103.093706 1.786347 1.554649 5.666763
729 983 -1.00 -534.38  -27.081850 4.585323 74.177246 0.998191 1.288303 4.732750
730 984 -1.00 -534.29  31.822590 -13.409994 95.519471 1.554558 1.462424 5.751562
736 991 -1.00 -533.80  49.049303 14.066333 118.352811 1.667036 2.116065 6.129439
741 996 -1.00 -533.13  -18.227440 1.304246 41.209898 0.518206 0.619084 5.947313
742 997 -1.00 -533.10  47.967085 -12.982400 93.379504 1.903846 1.290266 5.543758
744 999 -1.00 -532.99  -27.967432 7.456746 82.069535 0.878018 1.392227 4.785891
750 1005 -1.00 -532.59  -14.512736 14.896882 86.075861 0.854652 1.760885 5.724621
752 1007 -1.00 -532.34  6.377036 -9.800147 86.747026 1.124271 1.309888 5.795335
753 1008 -1.00 -532.27  49.186592 -9.370073 97.459026 1.737670 1.590033 5.928761
756 1011 -1.00 -532.05  -17.465651 -1.754397 93.240874 1.186997 1.508388 4.805218
759 1016 -1.00 -531.80  42.150657 -2.495929 121.954962 1.604550 1.905494 5.962226
760 1017 -1.00 -531.65  -9.332042 -4.931438 91.522510 1.186383 1.508320 5.127570
764 1021 -1.00 -531.37  35.332229 51.456336 25.242719 3.069118 1.093645 1.136174
771 1029 -1.00 -530.71  2.800159 -9.820769 76.847396 1.471756 1.307444 4.862218
778 1036 -1.00 -529.97  35.724093 31.716937 18.519301 2.612541 1.116320 1.399641
781 1039 -1.00 -529.62  14.165600 12.519300 135.139420 1.393593 2.139659 5.314079
783 1042 -1.00 -529.55  30.933050 1.441876 128.176152 1.646571 1.836912 5.609484
785 1044 -1.00 -529.43  37.959990 49.946134 29.898584 2.990966 1.216351 1.184495
790 1049 -1.00 -529.16  24.791754 -12.775930 94.401829 1.531675 1.475711 5.587656
793 1055 -1.00 -528.51  58.229801 10.476231 110.023260 1.789187 2.021332 6.278143
795 1057 -1.00 -528.48  36.654684 -20.893855 88.319804 1.617618 1.292687 5.759783
796 1058 -1.00 -528.45  41.199700 -16.909707 62.344659 1.732259 0.974816 5.655236
798 1060 -1.00 -527.96  7.356900 81.974153 21.225912 3.970771 0.784490 0.286844
802 1064 -1.00 -527.53  -20.267862 5.015633 67.141128 0.940910 1.071208 5.266403
803 1066 -1.00 -527.41  -22.484030 -1.023854 77.078818 1.058971 1.223545 4.859895
804 1067 -1.00 -527.39  44.406743 31.717370 134.887274 1.620912 2.457824 6.040914
807 1070 -1.00 -527.01  17.001468 90.059976 62.926432 4.159204 1.275199 5.840474
811 1074 -1.00 -526.81  46.810728 57.461396 128.562712 2.014207 2.732241 0.003855
813 1077 -1.00 -526.70  15.782171 -19.439100 24.084491 1.057137 0.797435 0.171514
818 1082 -1.00 -526.32  -13.371884 -2.416585 82.075432 1.199915 1.306068 5.007934
819 1083 -1.00 -526.22  33.570940 9.733786 128.983825 1.588198 2.110553 5.707024
823 1087 -1.00 -525.62  14.572760 -0.666917 115.648861 1.391771 1.840231 5.450743
824 1088 -1.00 -525.46  23.751217 9.095852 130.580172 1.489085 2.106100 5.497290
825 1089 -1.00 -525.41  48.406822 19.191326 134.729547 1.808040 2.287350 6.022116
827 1091 -1.00 -525.13  40.086992 11.696362 123.858629 1.562429 2.128488 5.921394
830 1094 -1.00 -525.09  -19.149761 0.311831 88.348915 1.192393 1.437723 4.716837
831 1095 -1.00 -525.03  35.628859 39.932638 17.886779 2.793794 1.033974 1.284983
837 1101 -1.00 -524.68  45.949354 -14.957803 88.290648 1.637266 1.523337 6.053442
843 1107 -1.00 -524.09  -8.762798 -1.147179 102.324404 1.267147 1.696436 4.869271
846 1110 -1.00 -523.95  62.576546 5.535265 115.465949 1.926190 1.988878 6.218019
847 1111 -1.00 -523.88  50.910631 38.312129 47.119820 2.882596 1.618731 1.252931
851 1115 -1.00 -523.59  50.631907 -9.108204 95.609875 1.726389 1.608984 6.016374
857 1122 -1.00 -522.76  32.766028 14.320476 136.278653 1.650771 2.215162 5.691413
858 1123 -1.00 -522.74  17.417151 88.982507 72.026599 4.128297 1.449435 5.901280
861 1126 -1.00 -522.66  1.636947 1.992523 108.085388 1.213226 1.746783 5.309408
863 1128 -1.00 -522.57  -21.364083 13.385099 55.216968 0.671900 0.725245 5.743992
865 1130 -1.00 -522.30  14.803041 -14.911798 92.285323 1.449405 1.846303 5.473017
869 1134 -1.00 -522.00  -23.969423 4.576490 83.374512 1.006443 1.454538 4.836997
872 1137 -1.00 -521.87  -29.342888 8.999161 77.523486 0.915211 1.368748 4.600175
873 1138 -1.00 -521.82  -18.243910 3.179407 66.170332 0.919986 0.973649 5.432783
874 1139 -1.00 -521.79  -23.107098 1.148261 77.061127 1.192020 1.289852 4.481454
876 1141 -1.00 -521.60  -13.613252 -0.500700 94.843312 1.123305 1.595569 5.006768
878 1143 -1.00 -521.32  57.514773 -0.398664 116.448359 1.860286 1.879163 6.080719
880 1146 -1.00 -521.20  53.386074 14.783471 128.454312 1.852495 2.202582 6.103302
882 1148 -1.00 -521.08  43.766817 36.893430 33.089428 2.761642 1.350627 1.319720
888 1155 -1.00 -520.46  48.299540 -9.703762 61.507155 1.894577 0.835820 5.606163
891 1158 -1.00 -519.82  45.417876 -2.800360 36.377905 1.626153 0.514404 6.094257
894 1161 -1.00 -519.69  48.730736 -13.079404 96.790640 1.695919 1.554926 6.024090
895 1163 -1.00 -519.65  45.128878 -7.538379 44.606711 1.902502 0.589100 5.541252
897 1165 -1.00 -519.54  -19.826184 45.550463 107.008817 0.233177 2.372435 4.102950
898 1166 -1.00 -519.51  -4.719073 -4.228140 94.566438 1.350274 1.620295 4.890438
900 1168 -1.00 -519.44  30.527220 -10.168184 120.618265 1.709999 1.668602 5.482302
902 1170 -1.00 -519.38  40.951865 -15.225784 105.497984 1.636280 1.584870 5.847937
905 1173 -1.00 -519.23  50.112296 17.769710 130.521145 1.814898 2.210241 6.033861
909 1178 -1.00 -518.94  -14.139632 -2.879991 71.206353 1.221796 1.109447 5.065786
915 1185 -1.00 -518.29  56.151589 -10.497867 100.494757 1.996003 1.379050 5.649303
917 1188 -1.00 -517.97  -29.284114 35.889207 36.009338 5.760238 0.820623 0.634867
918 1189 -1.00 -517.97  -23.982297 1.409030 77.403455 0.993741 1.315354 4.990578
921 1194 -1.00 -517.58  44.019401 -10.522724 115.486626 1.688355 1.743862 5.858071
926 1200 -1.00 -517.09  -15.850236 -4.719316 75.069485 1.106478 1.141578 5.139120
930 1204 -1.00 -516.65  51.984200 41.570077 62.541249 2.922551 1.893466 1.187409
932 1206 -1.00 -516.64  42.913695 5.472696 129.666169 1.731336 2.077423 5.841065
938 1212 -1.00 -515.82  47.444573 9.422928 124.254818 1.822643 2.070513 5.906540
939 1213 -1.00 -515.78  40.380503 -15.506571 83.950039 1.807876 1.349666 5.424864
945 1221 -1.00 -515.18  -15.340265 1.256584 103.035182 1.185006 1.704057 4.774044
963 1242 -1.00 -513.89  -11.835000 -6.909028 87.827032 1.227259 1.474280 4.984725
965 1244 -1.00 -513.80  46.437527 -6.841848 103.442817 1.728805 1.687227 5.938816
966 1245 -1.00 -513.75  47.310982 35.779934 41.690056 2.781723 1.479475 1.248882
972 1252 -1.00 -513.25  46.527945 -16.595945 84.285640 1.911255 1.157955 5.474614
974 1254 -1.00 -513.04  28.426297 40.267430 12.004485 2.785037 0.917294 1.437883
977 1257 -1.00 -512.79  37.910449 40.830069 132.943749 1.642530 2.659051 5.880746
978 1258 -1.00 -512.78  -21.493548 14.374533 57.179898 0.910298 0.814071 5.260959
981 1261 -1.00 -512.58  -27.554228 8.700141 70.006901 0.904949 1.107833 4.872412
986 1266 -1.00 -512.17  -19.565394 -1.955775 90.204726 1.068464 1.529530 4.885532
988 1268 -1.00 -512.09  24.296921 -15.342017 85.412185 1.600436 1.689211 5.480365
995 1276 -1.00 -511.60  50.527133 -15.164793 91.557743 1.887059 1.281003 5.647331
1001 1282 -1.00 -511.35  -16.605765 -2.753976 86.674713 1.077494 1.457313 5.045935
1002 1283 -1.00 -511.32  29.261851 2.875276 121.430872 1.491080 1.950485 5.733213
1006 1289 -1.00 -510.91  65.397777 -3.526402 67.400816 2.050261 0.907230 5.818735
1008 1293 -1.00 -510.58  -28.432349 5.763425 72.984333 1.105939 1.267929 4.295933
1009 1295 -1.00 -510.44  31.749953 5.989772 120.875336 1.552030 2.020851 5.677813
1011 1297 -1.00 -510.40  34.757535 -23.092514 72.239685 1.538907 1.185440 5.901785
1014 1300 -1.00 -510.18  -21.321120 5.287922 92.774893 1.116141 1.560169 4.654533
1016 1303 -1.00 -510.01  -15.723112 -0.762171 89.970559 1.200597 1.508635 4.953702
1018 1305 -1.00 -509.91  64.055377 -3.824060 57.448129 2.018284 0.786291 5.843403
1023 1312 -1.00 -509.29  28.498243 43.131177 2.088942 2.765023 0.791654 1.283757
1030 1321 -1.00 -508.77  53.703333 -2.126436 116.435829 1.722945 1.875697 6.144743
1031 1322 -1.00 -508.62  37.091912 -9.609282 112.292308 1.643479 1.626212 5.742236
1034 1325 -1.00 -508.50  24.651877 7.879894 129.395940 1.461937 2.113246 5.566917
1040 1331 -1.00 -508.41  -16.405511 -2.005271 93.568790 1.243290 1.514295 4.726481
1042 1333 -1.00 -508.30  -9.422801 -5.340799 82.173560 1.250530 1.277553 5.112315
1046 1338 -1.00 -507.71  25.382845 99.470372 102.505166 4.379872 2.828280 2.007770
1051 1345 -1.00 -507.25  -23.885177 5.110891 68.884443 0.852707 1.046761 5.289863
1056 1350 -1.00 -507.08  43.219771 2.276388 129.284496 1.801015 1.834135 5.766865
1063 1358 -1.00 -506.68  -29.379074 6.214517 81.445267 0.896432 1.400732 4.644792
1065 1360 -1.00 -506.66  22.523858 19.391697 138.655494 1.433504 2.235054 5.550500
1069 1364 -1.00 -506.56  66.715956 12.206587 119.193800 2.038052 2.070520 6.265226
1075 1370 -1.00 -506.26  12.203047 102.666693 86.040857 4.593505 2.509118 1.904544
1076 1371 -1.00 -506.17  -30.488801 30.705288 36.033417 5.868078 0.881889 0.685459
1095 1393 -1.00 -504.51  34.171134 -1.088261 113.217796 1.592830 1.865075 5.778529
1101 1399 -1.00 -504.23  61.093325 -7.618576 75.433706 2.029570 0.985560 5.734439
1102 1400 -1.00 -504.21  -26.623468 8.119113 71.581167 0.847893 1.150842 5.041168
1103 1402 -1.00 -504.15  38.334232 41.632124 23.899295 2.837709 1.122178 1.242312
1106 1405 -1.00 -504.03  49.648109 -13.847199 94.086451 1.769066 1.520584 5.852640
1112 1416 -1.00 -502.78  -25.317578 1.312936 68.190377 0.974182 1.018158 4.929787
1114 1418 -1.00 -502.60  -15.473620 -2.594811 77.719156 1.083118 1.250270 5.188035
1128 1432 -1.00 -501.56  30.159395 -1.717835 115.014851 1.604371 1.820453 5.616916
1129 1433 -1.00 -501.51  38.785590 12.808675 135.436581 1.741243 2.179386 5.789586
1141 1447 -1.00 -500.72  35.645529 8.030302 127.587285 1.677480 2.088697 5.703337
1142 1448 -1.00 -500.64  -17.684942 0.207474 84.896358 1.085965 1.449737 5.025188
1143 1449 -1.00 -500.56  -23.848149 3.593355 78.801796 0.860894 1.298813 5.177119
1144 1451 -1.00 -500.36  35.798042 17.407597 138.924131 1.627751 2.255843 5.788151
1148 1455 -1.00 -500.16  21.833695 71.320386 49.277302 3.904308 1.131730 0.329978
1153 1463 -1.00 -499.49  -4.784802 17.584774 92.209843 0.965537 1.950334 5.851556
1154 1464 -1.00 -499.30  22.696539 40.489401 0.612190 2.704213 0.727995 1.395822
1155 1465 -1.00 -499.28  20.740882 -7.224590 109.045672 1.558719 1.622606 5.362742
1156 1466 -1.00 -499.26  23.266478 -12.708277 100.853514 1.580020 1.948658 5.468435
1157 1467 -1.00 -499.22  -10.070091 -4.549444 95.124752 1.246908 1.654213 4.877659
1160 1470 -1.00 -498.66  12.315119 -8.341928 97.017418 1.341659 1.517789 5.570810
1166 1477 -1.00 -498.07  -26.956768 3.410772 78.310877 1.016875 1.386307 4.636076
1169 1480 -1.00 -497.84  17.779604 -10.959280 98.890654 1.524865 1.514107 5.352578
1172 1483 -1.00 -497.65  39.939644 8.729279 121.379361 1.526629 2.069713 5.985712
1177 1488 -1.00 -497.48  38.085921 2.234158 125.946125 1.702613 1.974690 5.766666
1178 1489 -1.00 -497.40  -18.551998 2.868351 94.612332 1.014559 1.544356 5.002573
1180 1491 -1.00 -497.32  -1.226543 -2.752291 96.429015 1.029789 1.470632 5.632783
1186 1497 -1.00 -496.87  18.627176 89.927051 68.451225 4.108564 1.438758 5.948484
1188 1499 -1.00 -496.79  -19.339216 -1.766694 86.727838 1.146247 1.535756 4.789767
1189 1500 -1.00 -496.75  -26.603583 3.573170 78.587121 0.979620 1.282933 4.751682
1190 1501 -1.00 -496.69  -11.242971 2.740951 96.255051 1.166349 1.661693 5.042806
1191 1502 -1.00 -496.66  -22.369927 5.944587 61.966361 0.951853 0.985258 5.213371
1192 1503 -1.00 -496.66  29.206380 -5.548187 114.406414 1.708902 1.847851 5.369756
1193 1504 -1.00 -496.63  -32.135223 13.551708 75.858022 0.827528 1.360865 4.413046
1196 1508 -1.00 -496.46  52.776704 -12.003626 98.534886 1.876586 1.319650 5.778297
1203 1517 -1.00 -495.99  35.941542 31.207021 18.872768 2.658876 1.120663 1.474349
1204 1518 -1.00 -495.85  4.778314 7.728216 114.568107 1.206281 1.906250 5.350540
1205 1519 -1.00 -495.76  28.157651 10.556419 132.847241 1.587637 2.150199 5.589532
1206 1520 -1.00 -495.66  45.753630 -13.858149 108.559205 1.687901 1.628406 5.916247
1210 1524 -1.00 -495.36  15.936457 12.119212 136.262033 1.431188 2.093065 5.406405
1211 1525 -1.00 -495.36  37.069124 35.849637 13.675234 2.654741 1.052687 1.313654
1212 1526 -1.00 -495.27  37.374942 -9.448124 105.042989 1.672673 1.581161 5.692892
1214 1529 -1.00 -495.18  -23.038531 6.704380 90.494906 1.035111 1.494224 4.820389
1219 1536 -1.00 -494.95  -19.890791 -0.764068 78.354531 1.163064 1.236458 4.845196
1220 1537 -1.00 -494.88  -21.071174 -0.150846 84.333592 1.196589 1.371071 4.647096
1222 1540 -1.00 -494.49  36.004090 2.216749 116.855614 1.597746 1.886409 5.782657
1231 1550 -1.00 -493.68  25.468073 -0.818833 115.998993 1.521909 1.880190 5.584424
1235 1555 -1.00 -493.44  1.804321 10.020620 88.339467 1.142984 1.916714 5.943064
1247 1568 -1.00 -492.92  -11.531006 1.784510 101.079413 1.162440 1.615169 5.008443
1249 1570 -1.00 -492.91  38.037398 -7.940363 112.354542 1.779090 1.640488 5.524247
1259 1580 -1.00 -492.37  48.588764 5.542306 129.142439 1.807906 2.059574 5.929064
1261 1582 -1.00 -492.27  56.521878 -10.292018 106.710981 1.789616 1.644604 6.067487
1262 1583 -1.00 -492.24  56.480798 -9.777150 96.855386 1.871110 1.335795 5.878332
1269 1592 -1.00 -491.81  37.537519 -18.478108 91.979672 1.665326 1.406892 5.684713
1271 1595 -1.00 -491.49  34.702434 -20.728778 57.382496 1.729995 1.030673 5.398315
1272 1596 -1.00 -491.46  21.631899 86.888882 64.291670 3.990416 1.265017 5.984950
1274 1598 -1.00 -491.39  -12.575704 -4.644680 78.298850 1.094193 1.310401 5.244866
1279 1603 -1.00 -490.93  1.623782 1.519526 104.004591 1.031909 1.632872 5.637393
1284 1608 -1.00 -490.56  48.951465 -15.223666 83.388879 1.886085 1.170901 5.579847
1290 1614 -1.00 -490.24  -17.832964 -1.997750 92.167960 1.243290 1.514295 4.726481
1299 1624 -1.00 -489.41  -19.044236 0.162053 78.185942 0.996802 1.203929 5.208645
1303 1628 -1.00 -489.19  48.571197 -2.681790 38.315369 1.764679 0.481485 5.908464
1308 1633 -1.00 -488.94  32.985279 11.097289 126.581050 1.497579 2.167815 5.815445
1320 1645 -1.00 -488.60  16.137705 -19.758660 24.450996 1.104983 0.792822 0.058962
1322 1647 -1.00 -488.42  5.668691 -7.338931 93.422138 1.312465 1.413661 5.438513
1323 1648 -1.00 -488.16  27.138995 -15.338560 110.505148 1.733808 1.507726 5.316493
1326 1651 -1.00 -487.98  -23.707780 2.647646 77.847243 1.045998 1.373296 4.869714
1329 1654 -1.00 -487.83  41.675817 -13.097593 100.409395 1.816978 1.496378 5.484496
1330 1655 -1.00 -487.81  17.485143 -14.565875 37.014471 1.191159 0.485794 5.912474
1331 1656 -1.00 -487.76  45.075606 47.057354 40.929179 2.956617 1.507656 1.306516
1332 1657 -1.00 -487.70  -10.815233 -5.590078 84.478773 1.327758 1.334345 4.846386
1336 1661 -1.00 -487.53  -12.987665 -4.895633 88.509167 1.188550 1.501321 4.889944
1339 1665 -1.00 -487.43  -28.768918 12.435809 67.430437 0.880065 1.175204 4.550427
1342 1668 -1.00 -487.19  -20.246977 5.873030 42.617439 0.307455 0.693875 6.282300
1345 1672 -1.00 -487.02  5.509438 -3.832852 100.697741 1.233323 1.579797 5.536936
1354 1682 -1.00 -486.61  -19.370948 -1.662411 86.695596 1.092306 1.440370 4.891322
1355 1683 -1.00 -486.61  37.711368 -13.534272 96.852605 1.670274 1.492091 5.668457
1358 1686 -1.00 -486.41  19.154523 -9.666370 99.110609 1.390822 1.527650 5.657381
1365 1694 -1.00 -486.13  29.816728 -14.967609 101.761989 1.661329 1.897754 5.520234
1370 1699 -1.00 -486.01  29.279740 22.186304 137.749875 1.513772 2.282720 5.668095
1371 1700 -1.00 -485.99  -23.774564 6.251605 70.169738 1.081065 1.280766 4.350057
1376 1705 -1.00 -485.58  -7.565939 3.016262 104.440557 1.188268 1.689588 5.071491
1383 1713 -1.00 -484.89  2.415758 -8.377793 90.783472 1.305667 1.348281 5.364995
1387 1717 -1.00 -484.59  -24.886671 7.840768 85.253696 0.933362 1.448029 4.901285
1397 1728 -1.00 -484.16  20.783849 -14.427062 85.859891 1.525555 1.685493 5.536538
1398 1729 -1.00 -484.13  46.409645 -14.115576 103.731038 1.872953 1.371962 5.601893
1399 1731 -1.00 -483.97  3.175552 99.442688 48.307842 4.204014 1.144589 0.011615
1401 1733 -1.00 -483.86  50.684646 -13.791850 92.235856 1.749785 1.536172 5.942560
1402 1734 -1.00 -483.74  27.930535 -3.744906 99.308400 1.705591 2.197498 6.015731
1407 1740 -1.00 -483.44  45.959026 -10.706128 99.811077 1.835862 1.517739 5.579146
1408 1741 -1.00 -483.43  -16.864954 -4.055978 83.349170 1.108109 1.329541 5.087672
1409 1742 -1.00 -483.41  40.698598 12.863966 136.017393 1.741243 2.179386 5.789586
1412 1745 -1.00 -483.40  8.268617 30.661323 -13.524161 2.467837 0.645435 1.935221
1421 1754 -1.00 -482.83  13.900615 0.077809 115.487696 1.298025 1.800382 5.586150
1424 1758 -1.00 -482.60  35.686283 2.541810 115.045022 1.583066 1.955918 5.774973
1429 1764 -1.00 -482.29  23.434466 38.278015 10.521677 2.741265 0.848717 1.528588
1431 1767 -1.00 -482.17  47.014230 -3.705717 120.779417 1.802683 1.719409 5.819289
1435 1772 -1.00 -481.88  41.505792 9.980581 128.897346 1.722852 2.147100 5.877312
1436 1773 -1.00 -481.83  68.935267 42.682006 78.332728 2.614926 1.992123 0.374624
1438 1775 -1.00 -481.79  -18.722762 8.644475 100.228272 0.971950 1.697964 4.914057
1443 1781 -1.00 -481.61  50.837947 -9.103277 102.548501 1.815825 1.619153 5.811944
1451 1789 -1.00 -481.19  -26.444166 13.183628 64.120457 0.768976 0.973779 5.348109
1461 1801 -1.00 -480.58  0.561757 96.014183 91.213339 4.740046 2.587210 1.780747
1466 1806 -1.00 -480.41  -24.510713 0.491736 85.599325 1.013979 1.480983 4.731018
1475 1815 -1.00 -480.13  58.342530 2.495019 103.896180 1.828261 1.827324 6.172685
1481 1821 -1.00 -479.55  22.893521 -13.622424 86.719156 1.545676 1.727037 5.628121
1482 1822 -1.00 -479.54  -15.278229 0.212282 73.978825 1.247080 1.257302 4.747692
1485 1825 -1.00 -479.30  36.467013 -0.252403 114.554051 1.658181 1.896029 5.722888
1486 1826 -1.00 -479.30  10.669452 -9.775339 95.947036 1.444295 1.483398 5.349007
1491 1831 -1.00 -479.11  39.511124 -13.948655 80.708686 1.544711 1.384692 6.041881
1492 1832 -1.00 -479.09  -21.250805 3.694543 68.029001 0.953107 1.017382 5.199109
1495 1835 -1.00 -478.95  -25.360968 6.364576 69.926710 0.829572 1.032336 5.208024
1496 1836 -1.00 -478.94  -14.415396 -4.616978 79.100123 1.094246 1.218807 5.204148
1499 1839 -1.00 -478.63  -18.722130 3.591144 68.936072 1.099057 1.105661 5.065503
1507 1847 -1.00 -478.41  -1.034117 11.933362 88.692821 1.132419 1.931735 5.822299
1508 1848 -1.00 -478.36  36.689736 -16.637003 102.775838 1.809488 1.341236 5.457833
1515 1856 -1.00 -477.88  40.645215 25.695344 132.158380 1.656107 2.422962 5.923661
1516 1857 -1.00 -477.86  31.069925 44.365741 18.555670 2.898492 0.986431 1.245096
1519 1860 -1.00 -477.70  58.637112 36.365805 92.812145 2.246531 2.120894 0.136023
1525 1867 -1.00 -477.22  -7.977408 -6.416660 64.433347 1.152990 1.112964 5.390179
1529 1871 -1.00 -477.08  -18.185519 5.288721 34.845783 0.342240 0.568116 6.163556
1532 1874 -1.00 -476.80  47.070900 -10.778462 104.478137 1.805072 1.603465 5.707937
1533 1875 -1.00 -476.74  22.987077 -16.833075 83.829064 1.537719 1.742892 5.699651
1539 1881 -1.00 -476.19  -24.388944 2.479188 79.581660 0.951077 1.312179 4.913454
1542 1884 -1.00 -476.10  57.151492 12.581508 126.052139 1.933175 2.142513 6.087697
1546 1888 -1.00 -476.01  37.228208 20.024252 136.511159 1.633410 2.288261 5.808345
1547 1891 -1.00 -475.91  -20.779891 0.483866 86.612272 0.978452 1.407717 5.055572
1548 1892 -1.00 -475.84  46.497636 -15.296376 95.753099 1.767138 1.499466 5.746496
1549 1894 -1.00 -475.75  -16.799922 3.496217 93.425949 1.130330 1.574024 4.822761
1561 1908 -1.00 -475.19  -6.301655 -6.483049 88.875202 1.374234 1.435300 4.842071
1565 1912 -1.00 -475.10  10.412257 9.232039 130.099296 1.342485 2.043918 5.280870
1566 1913 -1.00 -475.03  44.569993 29.228272 29.257774 2.587411 1.372081 1.359996
1572 1920 -1.00 -474.75  51.885459 38.375022 55.539936 2.856881 1.806091 1.289708
1573 1921 -1.00 -474.74  24.389805 -1.253255 123.400354 1.565031 1.821335 5.527524
1574 1922 -1.00 -474.67  38.712675 -22.642104 84.906143 1.602834 1.370119 5.883012
1576 1924 -1.00 -474.53  -24.500110 2.511315 80.278370 0.911915 1.360586 5.073672
1577 1925 -1.00 -474.41  11.029249 2.466465 112.843870 1.318290 1.858819 5.418321
1580 1928 -1.00 -474.12  -5.677374 -11.294902 65.658207 1.024164 1.316851 5.792205
1587 1935 -1.00 -473.91  30.193442 -10.111408 95.961873 1.598191 1.514115 5.624388
1588 1936 -1.00 -473.89  -24.748717 13.419595 61.019986 0.780649 0.881384 5.307764
1590 1939 -1.00 -473.87  9.049878 -13.264570 89.558734 1.355588 1.839786 5.515472
1591 1940 -1.00 -473.86  -8.900370 -3.730000 97.689593 1.205751 1.632163 5.030797
1603 1953 -1.00 -473.41  47.912947 43.392404 46.856430 2.886484 1.643222 1.302607
1608 1958 -1.00 -473.29  -5.368500 -9.627182 74.595240 1.155788 1.291012 5.428051
1610 1960 -1.00 -473.16  32.297138 -10.617856 104.928937 1.717516 2.005961 5.570007
1612 1962 -1.00 -473.09  49.630719 14.113079 128.681194 1.760199 2.208218 6.091940
1614 1964 -1.00 -473.06  36.062335 -21.377621 83.354163 1.619714 1.310118 5.735463
1615 1965 -1.00 -473.05  -18.257579 -1.245888 85.855965 1.190592 1.436248 4.888026
1617 1967 -1.00 -473.00  52.182969 5.620145 106.669754 1.676935 1.950220 6.229574
1618 1968 -1.00 -472.95  26.570358 3.527266 116.850935 1.468823 1.947495 5.641212
1620 1970 -1.00 -472.75  29.071617 32.544714 12.479696 2.610250 1.006149 1.561042
1621 1971 -1.00 -472.73  20.837289 -1.066340 121.011251 1.582117 1.781995 5.372005
1624 1974 -1.00 -472.61  24.368701 47.660434 15.033773 2.956223 0.846693 1.231856
1627 1977 -1.00 -472.42  41.595150 55.249939 132.160725 1.804415 2.725397 6.056427
1628 1978 -1.00 -472.40  46.551100 94.610364 100.297633 3.559711 2.660145 1.306854
1629 1979 -1.00 -472.40  -24.517133 5.493369 67.930215 0.930473 1.006059 5.110735
1638 1988 -1.00 -471.84  -4.969041 -2.666497 100.994400 1.236755 1.701832 5.094975
1645 1996 -1.00 -471.48  34.321631 0.337468 119.391292 1.679861 1.939925 5.599764
1646 1997 -1.00 -471.30  39.815550 26.544091 23.682326 2.551782 1.305232 1.542083
1647 1998 -1.00 -471.29  -19.044358 9.205064 56.941599 0.808434 0.719025 5.548984
1648 1999 -1.00 -471.29  49.586624 -7.318651 114.525876 1.733933 1.774351 5.947100
1651 2002 -1.00 -471.05  -21.731600 2.592042 82.279229 1.058290 1.453751 4.922882
1652 2003 -1.00 -471.02  36.122064 7.465835 122.805366 1.498034 2.032114 5.893996
1653 2004 -1.00 -471.00  17.868503 16.942310 135.377220 1.357035 2.166333 5.498634
1659 2010 -1.00 -470.52  51.285458 -6.853934 112.897129 1.733727 1.706699 6.031188
1663 2014 -1.00 -470.33  -28.899553 31.789500 33.216296 5.856527 0.818814 0.621162
1673 2024 -1.00 -469.67  -15.261887 -1.658794 72.584653 1.095813 1.217348 5.193941
1678 2029 -1.00 -469.36  -20.701278 -2.556461 81.510125 1.067390 1.377703 4.990162
1680 2031 -1.00 -469.25  17.586090 5.525493 83.796028 1.370247 1.885466 6.180617
1684 2035 -1.00 -469.00  54.133942 -11.810818 97.026021 1.928309 1.307923 5.680272
1685 2036 -1.00 -468.98  30.420521 98.758278 100.282420 3.775684 2.703404 1.197265
1686 2037 -1.00 -468.96  -20.536163 3.435280 72.228084 0.938992 1.102933 5.253612
1687 2038 -1.00 -468.96  -30.188269 31.689760 35.100881 5.867801 0.934421 0.765926
1688 2039 -1.00 -468.91  38.517910 64.066660 0.429858 3.173941 0.892533 1.061120
1689 2040 -1.00 -468.81  3.925438 81.006761 99.272282 4.832228 2.787064 1.908116
1690 2041 -1.00 -468.79  -19.147616 82.899056 93.495026 5.852795 2.718404 2.786756
1692 2043 -1.00 -468.73  -0.693842 -5.989323 55.908820 1.286007 0.931227 5.264556
1693 2044 -1.00 -468.73  18.757995 3.681289 115.660531 1.304597 1.957588 5.644533
1696 2047 -1.00 -468.57  6.718395 1.708474 124.337974 1.345769 1.897230 5.224286
1699 2050 -1.00 -468.41  60.621743 0.219077 113.395971 1.874119 1.884991 6.176310
1705 2056 -1.00 -468.20  36.247308 12.459801 134.990107 1.632932 2.212311 5.766531
1707 2058 -1.00 -468.15  12.474122 -9.680158 96.803835 1.444295 1.483398 5.349007
1708 2060 -1.00 -468.05  54.937170 15.871500 115.304336 1.718790 2.142477 6.234186
1709 2061 -1.00 -467.88  -24.777940 12.819148 65.164893 0.768976 0.973779 5.348109
1710 2062 -1.00 -467.86  42.330173 13.218173 128.671839 1.690572 2.213508 5.892863
1711 2063 -1.00 -467.81  25.501541 -2.971665 99.956730 1.702771 2.218099 5.922665
1716 2068 -1.00 -467.73  35.072619 28.477452 132.877071 1.527642 2.464683 5.818855
1717 2069 -1.00 -467.72  -28.163470 21.097267 36.171697 6.000697 0.790817 0.479700
1718 2070 -1.00 -467.71  23.647284 71.672383 51.511993 3.904168 1.216459 0.477459
1720 2072 -1.00 -467.60  -19.113458 -0.540827 85.750074 1.048758 1.382178 4.979281
1721 2073 -1.00 -467.60  -28.282787 11.264950 65.609034 0.791230 0.972206 5.047497
1725 2077 -1.00 -467.46  43.158245 1.255958 116.369503 1.754763 1.921202 5.794993
1732 2085 -1.00 -466.89  -18.046572 -2.849375 89.473640 1.129333 1.510486 4.808416
1733 2086 -1.00 -466.88  14.483673 -13.077731 75.685592 1.447594 1.589075 5.546596
1739 2093 -1.00 -466.65  -6.056606 -6.678720 64.925124 1.152990 1.112964 5.390179
1743 2097 -1.00 -466.45  52.774620 11.492487 129.144123 1.890052 2.140733 5.979342
1744 2098 -1.00 -466.44  24.394203 -2.433122 118.435934 1.451895 1.882886 5.633388
1746 2100 -1.00 -466.38  31.140342 -11.895112 104.274830 1.677491 1.560698 5.524310
1751 2105 -1.00 -466.15  37.187272 73.482587 2.010263 3.308803 0.894046 0.907379
1758 2113 -1.00 -465.73  55.077609 9.191534 112.959933 1.786675 1.999390 6.114758
1760 2115 -1.00 -465.67  37.775728 11.834514 130.506440 1.641718 2.189602 5.783882
1767 2122 -1.00 -465.31  47.793699 0.009566 120.044811 1.650483 1.941268 6.070858
1774 2130 -1.00 -464.97  -15.304657 -1.574531 45.385911 0.639334 0.727840 5.960775
1777 2133 -1.00 -464.68  43.213284 -9.885846 97.944462 1.736985 1.525063 5.710121
1787 2143 -1.00 -464.27  -16.475718 -3.143540 79.741637 1.057787 1.320091 5.161985
1789 2145 -1.00 -464.19  18.247491 5.426986 130.193858 1.488541 2.021699 5.433855
1795 2151 -1.00 -464.00  38.681906 -11.173581 114.300411 1.625885 1.730212 5.788504
1796 2152 -1.00 -463.98  23.954216 -13.875631 93.143326 1.561742 1.831892 5.542099
1798 2154 -1.00 -463.92  -0.608580 94.417193 25.972832 4.036545 0.784320 0.231123
1800 2156 -1.00 -463.87  20.856114 82.860325 75.739592 3.989655 1.560517 6.000819
1802 2158 -1.00 -463.64  54.122813 38.940855 55.534385 2.849118 1.783579 1.121657
1804 2161 -1.00 -463.58  47.249443 38.621710 43.647907 2.781539 1.529896 1.238244
1812 2169 -1.00 -463.24  2.059220 -16.620920 22.878732 0.828806 0.797747 0.213480
1817 2174 -1.00 -462.89  37.790851 -12.128371 100.067519 1.772013 1.893319 5.591814
1818 2175 -1.00 -462.86  2.245889 84.760247 33.072312 4.190243 0.828295 6.197522
1819 2176 -1.00 -462.85  14.409761 -13.644535 95.838858 1.448199 1.876554 5.386594
1821 2178 -1.00 -462.82  48.263916 39.476479 45.579311 2.831495 1.600930 1.240435
1823 2180 -1.00 -462.61  43.721047 9.891810 115.102514 1.601003 2.042985 6.019837
1840 2198 -1.00 -461.70  19.199926 4.561528 129.277410 1.604795 1.962828 5.309324
1841 2199 -1.00 -461.66  -5.365408 0.187629 93.866946 0.949693 1.430540 5.646879
1844 2202 -1.00 -461.56  36.131856 -15.430064 85.250159 1.727424 1.356300 5.490937
1851 2209 -1.00 -461.30  37.417410 -11.893780 100.779291 1.591374 1.624938 5.834326
1854 2212 -1.00 -461.25  -23.767283 14.659070 55.818057 0.745501 0.737110 5.441486
1857 2216 -1.00 -461.15  -5.359031 -7.952930 84.391362 1.194253 1.421850 5.300540
1858 2217 -1.00 -461.11  42.812003 37.725595 28.981150 2.770625 1.251329 1.224977
1860 2219 -1.00 -461.06  36.399602 51.245936 26.045487 3.017341 1.114877 1.071303
1861 2220 -1.00 -460.98  -16.844002 -0.876296 91.492119 1.211614 1.597960 4.619547
1864 2223 -1.00 -460.90  54.568332 -7.307660 100.248786 1.831425 1.634206 5.915866
1878 2237 -1.00 -460.28  -18.386489 -2.630422 79.293618 1.267032 1.309838 4.665465
1883 2242 -1.00 -459.91  -13.647965 -4.858068 53.400675 0.707642 0.793999 5.915978
1886 2245 -1.00 -459.87  38.678847 39.585855 27.076872 2.923725 1.152176 1.300786
