0.00547940713858 91.001 0.0703342
0.00602734746712 89.2843 0.025081
0.00657528768557 89.69 0.0182669
0.00712322778392 89.4081 0.0153012
0.00767116775216 89.5365 0.0136291
0.00821910758029 89.3045 0.0123454
0.00876704725829 88.9009 0.0114284
0.00931498677616 88.6194 0.0107893
0.00986292612389 87.8116 0.0100352
0.0104108652915 87.6302 0.00929538
0.0109588042689 87.0653 0.00849875
0.0115067430462 86.5702 0.0080684
0.0120546816133 85.8762 0.007784
0.0126026199602 85.1918 0.0074784
0.0131505580769 84.4095 0.00727367
0.0136984959534 83.7168 0.00700165
0.0142464335797 83.028 0.00686434
0.0147943709458 82.1935 0.00666191
0.0153423080417 81.435 0.00649207
0.0158902448574 80.69 0.00636733
0.0164381813828 79.9645 0.00618007
0.016986117608 79.2559 0.00608851
0.0175340535229 78.189 0.00592156
0.0180819891176 77.3981 0.00579095
0.018629924382 76.7726 0.00568765
0.0191778593061 75.9949 0.00555027
0.0197257938799 75.0513 0.00546958
0.0202737280935 74.1647 0.00532579
0.0208216619367 73.2047 0.00521876
0.0213695953997 72.4377 0.00511583
0.0219175284723 71.4156 0.00501772
0.0224654611446 70.403 0.00492
0.0230133934066 69.7809 0.00480938
0.0235613252483 68.8647 0.00473995
0.0241092566596 67.9632 0.00463643
0.0246571876306 66.9863 0.00453887
0.0252051181512 66.0447 0.00445854
0.0257530482114 65.1811 0.00436019
0.0263009778013 64.1633 0.00430433
0.0268489069108 63.3594 0.00420099
0.0273968355299 62.3713 0.00414575
0.0279447636486 61.4567 0.00408153
0.0284926912569 60.5254 0.0040022
0.0290406183448 59.6319 0.00395709
0.0295885449023 58.6528 0.00386369
0.0301364709193 57.685 0.00380796
0.030684396386 56.7293 0.00373502
0.0312323212922 55.9261 0.00368076
0.031780245628 54.9692 0.00362782
0.0323281693833 54.1149 0.0035537
0.0328760925482 53.1009 0.00350637
0.0334240151126 52.2602 0.00344046
0.0339719370665 51.338 0.00338748
0.0345198584 50.3433 0.00333107
0.035067779103 49.5688 0.00326143
0.0356156991655 48.6142 0.00322239
0.0361636185775 47.7734 0.00315967
0.036711537329 46.8348 0.00311816
0.0372594554101 45.9345 0.0030619
0.0378073728106 44.976 0.00300563
0.0383552895206 44.2128 0.00297267
0.0389032055301 43.2906 0.00290752
0.039451120829 42.4129 0.00285818
0.0399990354074 41.5785 0.0028028
0.0405469492553 40.6932 0.00276011
0.0410948623626 39.8934 0.00272165
0.0416427747194 39.0262 0.00266836
0.0421906863157 38.2434 0.00263424
0.0427385971414 37.4657 0.00258658
0.0432865071865 36.606 0.00255242
0.043834416441 35.7915 0.00251206
0.044382324895 35.0412 0.00246855
0.0449302325384 34.2449 0.00243998
0.0454781393612 33.5398 0.00239713
0.0460260453534 32.737 0.0023642
0.0465739505051 31.9671 0.00232497
0.0471218548061 31.2657 0.00229297
0.0476697582465 30.5321 0.00226229
0.0482176608164 29.7982 0.00221864
0.0487655625056 29.0968 0.00218733
0.0493134633042 28.3798 0.00214602
0.0498613632022 27.6732 0.0021175
0.0504092621895 27.0005 0.00208497
0.0509571602563 26.3073 0.00205044
0.0515050573924 25.6487 0.00202614
0.0520529535878 24.9939 0.00199123
0.0526008488327 24.3759 0.00196731
0.0531487431169 23.7622 0.00193677
0.0536966364304 23.1213 0.00190626
0.0542445287633 22.5294 0.00188469
0.0547924201056 21.909 0.00184982
0.0553403104472 21.3092 0.00182772
0.0558881997781 20.7302 0.00179875
0.0564360880884 20.1536 0.00178102
0.056983975368 19.6153 0.00178985
0.0575318616069 19.0759 0.00178008
0.0580797467952 18.5255 0.00177407
0.0586276309228 17.9894 0.00175326
0.0591755139798 17.4979 0.00174404
0.059723395956 16.9971 0.00172782
0.0602712768416 16.4932 0.00171017
0.0608191566265 16.0246 0.00170559
0.0613670353008 15.5589 0.00171658
0.0619149128543 15.0994 0.00171821
0.0624627892772 14.6404 0.00170392
0.0630106645593 14.1983 0.00169451
0.0635585386908 13.7625 0.00168794
0.0641064116616 13.3232 0.00166839
0.0646542834617 12.9129 0.00166309
0.0652021540812 12.5235 0.00164581
0.0657500235099 12.1123 0.00163709
0.0662978917379 11.7311 0.00162656
0.0668457587553 11.3681 0.00161323
0.0673936245519 10.9993 0.00161119
0.0679414891179 10.6331 0.00159484
0.0684893524431 10.2795 0.00159145
0.0690372145177 9.96103 0.00157139
0.0695850753316 9.64876 0.00152709
0.0701329348747 9.31609 0.00150811
0.0706807931372 9.00517 0.00148519
0.071228650109 8.6934 0.00147407
0.0717765057801 8.38581 0.00145349
0.0723243601405 8.10625 0.00144312
0.0728722131802 7.81651 0.00143109
0.0734200648892 7.53804 0.00141246
0.0739679152576 7.28797 0.00140513
0.0745157642752 7.00877 0.00138669
0.0750636119321 6.77344 0.00137672
0.0756114582184 6.55011 0.00136232
0.076159303124 6.30828 0.00134464
0.0767071466389 6.07132 0.00133477
0.0772549887531 5.854 0.00131678
0.0778028294567 5.64669 0.00131022
0.0783506687395 5.44697 0.00129291
0.0788985065917 5.24396 0.00128192
0.0794463430032 5.0504 0.00127168
0.0799941779641 4.85953 0.00125756
0.0805420114643 4.68894 0.00124914
0.0810898434938 4.52076 0.0012361
0.0816376740426 4.35895 0.00122853
0.0821855031008 4.20289 0.00121709
0.0827333306584 4.04396 0.00120577
0.0832811567053 3.90026 0.00119732
0.0838289812315 3.75427 0.00118458
0.0843768042272 3.61695 0.00117623
0.0849246256821 3.47852 0.00116292
0.0854724455865 3.35577 0.00115468
0.0860202639302 3.22789 0.0011439
0.0865680807033 3.11124 0.00113405
0.0871158958957 3.0026 0.00112657
0.0876637094976 2.88602 0.00111417
0.0882115214988 2.7798 0.00110703
0.0887593318895 2.67174 0.00109782
0.0893071406595 2.57784 0.00108963
0.089854947799 2.47739 0.0010827
0.0904027532978 2.37416 0.0010758
0.0909505571461 2.29112 0.00107103
0.0914983593338 2.20746 0.00106301
0.0920461598509 2.13222 0.00105871
0.0925939586875 2.05224 0.00105231
0.0931417558335 1.96144 0.00104594
0.0936895512789 1.891 0.00104176
0.0942373450139 1.828 0.0010354
0.0947851370282 1.75591 0.00103082
0.0953329273121 1.69257 0.00102471
0.0958807158554 1.64461 0.00102067
0.0964285026482 1.58663 0.00101702
0.0969762876805 1.53058 0.00101112
0.0975240709423 1.47303 0.00100798
0.0980718524237 1.4186 0.00100223
0.0986196321145 1.37111 0.000999083
0.0991674100049 1.31985 0.000994841
0.0997151860848 1.27853 0.000989079
0.100262960344 1.24276 0.000987143
0.100810732773 1.19997 0.000981389
0.101358503362 1.15012 0.000980538
0.1019062721 1.10819 0.000976875
0.102454038978 1.07367 0.000974508
0.103001803985 1.04206 0.000974374
0.103549567112 1.00941 0.000969873
0.104097328348 0.981634 0.000968647
0.104645087685 0.947738 0.000965804
0.10519284511 0.917339 0.000964902
0.105740600616 0.886542 0.000962818
0.106288354191 0.865441 0.000959174
0.106836105826 0.845642 0.000959138
0.10738385551 0.815122 0.000956605
0.107931603234 0.789693 0.000955146
0.108479348988 0.767929 0.000952735
0.109027092762 0.741219 0.000951077
0.109574834545 0.717302 0.000949968
0.110122574328 0.701437 0.000947865
0.110670312101 0.6805 0.000946797
0.111218047853 0.670852 0.000944355
0.111765781576 0.651259 0.000943715
0.112313513258 0.620877 0.000942847
0.11286124289 0.609459 0.000939591
0.113408970461 0.597271 0.000939141
0.113956695963 0.588319 0.000937071
0.114504419384 0.578182 0.000937186
0.115052140716 0.563652 0.000934553
0.115599859947 0.551223 0.00093265
0.116147577068 0.534637 0.000932961
0.116695292069 0.522716 0.000930051
0.11724300494 0.511377 0.000930303
0.117790715671 0.511188 0.000928006
0.118338424251 0.504212 0.000927312
0.118886130672 0.487219 0.000926461
0.119433834923 0.468286 0.000923943
0.119981536994 0.460596 0.000924041
0.120529236875 0.458126 0.000921383
0.121076934555 0.449018 0.000921215
0.121624630026 0.432536 0.000920293
0.122172323277 0.42318 0.000917942
0.122720014298 0.418929 0.00091844
0.123267703079 0.421622 0.000916597
0.123815389611 0.411638 0.000916148
0.124363073882 0.406569 0.000914287
0.124910755884 0.396443 0.000913137
0.125458435605 0.393512 0.000912672
0.126006113037 0.390222 0.000910475
0.126553788169 0.386365 0.000911583
0.127101460992 0.383472 0.000909253
0.127649131495 0.378488 0.00090845
0.128196799667 0.375196 0.000908037
0.128744465501 0.37297 0.000906264
0.129292128984 0.36342 0.000905819
0.129839790108 0.353866 0.00090315
0.130387448862 0.352665 0.000904036
0.130935105237 0.350858 0.000902508
0.131482759222 0.344768 0.000900981
0.132030410808 0.343568 0.000900796
0.132578059984 0.338941 0.000899083
0.13312570674 0.328062 0.000899674
0.133673351067 0.315032 0.000897271
0.134220992954 0.316067 0.000897134
0.134768632392 0.324697 0.000896487
0.135316269371 0.323098 0.000894444
0.13586390388 0.324061 0.000894976
0.13641153591 0.328057 0.0008929
0.13695916545 0.322125 0.000892895
0.137506792491 0.323691 0.000892551
0.138054417023 0.326856 0.000891517
0.138602039035 0.329588 0.000891217
0.139149658518 0.324769 0.000889066
0.139697275462 0.32623 0.000889676
0.140244889857 0.318961 0.000887663
0.140792501692 0.31332 0.00088695
0.141340110959 0.312283 0.000886501
0.141887717646 0.314732 0.000884701
0.142435321744 0.30026 0.000884977
0.142982923243 0.298719 0.00088272
0.143530522133 0.303849 0.000883257
0.144078118404 0.300847 0.000882116
0.144625712046 0.29928 0.000880951
0.145173303049 0.293487 0.000880442
0.145720891403 0.29898 0.000878553
0.146268477098 0.305587 0.000878935
0.146816060124 0.302755 0.000878682
0.147363640471 0.299759 0.000877181
0.14791121813 0.299588 0.000876942
0.148458793089 0.298099 0.000876274
0.14900636534 0.301199 0.000875834
0.149553934872 0.300075 0.000873801
0.150101501676 0.299482 0.000873826
0.150649065741 0.29611 0.000873097
0.151196627057 0.295853 0.000871662
0.151744185614 0.293328 0.000872237
0.152291741403 0.295848 0.000869634
0.152839294414 0.296409 0.000869824
0.153386844636 0.278614 0.000868364
0.153934392059 0.275924 0.000867838
0.154481936674 0.28357 0.000867593
0.155029478471 0.287868 0.000865888
0.155577017439 0.282384 0.000865707
0.156124553569 0.285987 0.000864354
0.15667208685 0.288161 0.000864269
0.157219617273 0.286981 0.000863872
0.157767144828 0.288776 0.00086231
0.158314669505 0.286861 0.0008626
0.158862191294 0.279824 0.000860737
0.159409710184 0.284837 0.000861009
0.159957226166 0.282878 0.000859898
0.160504739231 0.285229 0.000858456
0.161052249367 0.287135 0.000859201
0.161599756565 0.286613 0.000856765
0.162147260815 0.284453 0.000856795
0.162694762108 0.285763 0.000855695
0.163242260432 0.279583 0.000854761
0.163789755779 0.273656 0.000854188
0.164337248137 0.27402 0.000852267
0.164884737498 0.26583 0.000853278
0.165432223852 0.257602 0.000851331
0.165979707187 0.257648 0.000850978
0.166527187495 0.269688 0.000850225
0.167074664766 0.273218 0.000848834
0.167622138988 0.274425 0.000849469
0.168169610154 0.27254 0.000847352
0.168717078251 0.272402 0.000847142
0.169264543272 0.263779 0.000846341
0.169812005205 0.26065 0.000845321
0.17035946404 0.266798 0.000845873
0.170906919768 0.26535 0.000843071
0.171454372379 0.259541 0.000843754
0.172001821863 0.250767 0.000841514
0.172549268209 0.251927 0.000840822
0.173096711409 0.250817 0.000839553
0.173644151451 0.251217 0.000838447
0.174191588326 0.253935 0.000839433
0.174739022024 0.246014 0.000836968
0.175286452535 0.248562 0.000836329
0.17583387985 0.246905 0.000834924
0.176381303957 0.234813 0.000833995
0.176928724848 0.236112 0.000834147
0.177476142511 0.234707 0.00083186
0.178023556938 0.232647 0.000831522
0.178570968119 0.227157 0.000830711
0.179118376042 0.229255 0.000830149
0.179665780699 0.22874 0.000829347
0.18021318208 0.226218 0.000827344
0.180760580174 0.233456 0.000827651
0.181307974971 0.225603 0.000826094
0.181855366462 0.214988 0.000825589
0.182402754637 0.216671 0.000824416
0.182950139485 0.216423 0.000823465
0.183497520998 0.21179 0.000823338
0.184044899164 0.212502 0.00082133
0.184592273973 0.202807 0.000820907
0.185139645417 0.19807 0.000819381
0.185687013485 0.206243 0.000819306
0.186234378166 0.20564 0.000818667
0.186781739452 0.206321 0.000816895
0.187329097332 0.196723 0.000816983
0.187876451796 0.181975 0.00081455
0.188423802834 0.176741 0.000814374
0.188971150436 0.173437 0.0008135
0.189518494593 0.181469 0.000812171
0.190065835294 0.182308 0.000811999
0.190613172529 0.174845 0.000810215
0.191160506289 0.16354 0.000810376
0.191707836564 0.15321 0.000808645
0.192255163343 0.155282 0.000807874
0.192802486617 0.161409 0.000807846
0.193349806375 0.160528 0.000805861
0.193897122608 0.155545 0.000806232
0.194444435306 0.148907 0.000804417
0.194991744459 0.15083 0.000803776
0.195539050057 0.150832 0.000803598
0.19608635209 0.143505 0.000801387
0.196633650547 0.133841 0.000801556
0.19718094542 0.133771 0.000799442
0.197728236698 0.12924 0.000799797
0.198275524372 0.126954 0.000798877
0.19882280843 0.144285 0.000797463
0.199370088864 0.151038 0.000798597
0.199917365664 0.128006 0.000802914
0.200464638818 0.122115 0.000819459
0.201011908319 0.122534 0.000827154
0.201559174155 0.118579 0.000834145
0.202106436316 0.118636 0.000840991
0.202653694793 0.11738 0.000844721
0.203200949576 0.11125 0.000850183
0.203748200655 0.109997 0.000853956
0.20429544802 0.108031 0.000858571
0.204842691661 0.105005 0.000862905
0.205389931568 0.104465 0.000865227
0.205937167731 0.101059 0.000869409
0.20648440014 0.100472 0.00087185
0.207031628785 0.0895642 0.00087744
0.207578853657 0.0833512 0.000881104
0.208126074744 0.0857245 0.000881673
0.208673292039 0.0839901 0.000884332
0.20922050553 0.0931012 0.000884002
0.209767715207 0.0925402 0.000885964
0.210314921061 0.0886618 0.000884751
0.210862123082 0.0928886 0.000896341
0.21140932126 0.0907059 0.000921138
0.211956515584 0.0852753 0.000935316
0.212503706045 0.076451 0.000948504
0.213050892634 0.0801286 0.000958276
0.213598075339 0.0750254 0.000970009
0.214145254151 0.0763472 0.000978311
0.214692429061 0.0817538 0.000987126
0.215239600058 0.0658314 0.000996566
0.215786767132 0.0614784 0.00100321
0.216333930274 0.0683196 0.00101392
0.216881089473 0.063743 0.00101938
0.21742824472 0.0720701 0.00102859
0.217975396004 0.0695448 0.00103819
0.218522543316 0.0619079 0.00104256
0.219069686646 0.0589705 0.00105392
0.219616825984 0.0644558 0.00105666
0.220163961319 0.0695131 0.00106422
0.220711092643 0.064366 0.00105118
0.221258219944 0.0742454 0.00101701
0.221805343214 0.064997 0.00100017
0.222352462442 0.0522979 0.000983879
0.222899577619 0.057709 0.000975667
0.223446688734 0.0609584 0.000965391
0.223993795777 0.0645011 0.000957366
0.224540898739 0.0623872 0.000950909
0.225087997609 0.05622 0.000942212
0.225635092378 0.0576904 0.000938446
0.226182183036 0.0595593 0.000930877
0.226729269573 0.0632038 0.000925776
0.227276351979 0.062196 0.000921361
0.227823430244 0.0541311 0.000915236
0.228370504358 0.0502399 0.000911974
0.228917574311 0.0548102 0.000905485
0.229464640093 0.053997 0.000904746
0.230011701695 0.0575248 0.000903118
0.230558759106 0.0590548 0.000900573
0.231105812317 0.0614619 0.000899776
0.231652861317 0.0592693 0.000894646
0.232199906097 0.0559533 0.00089269
0.232746946647 0.0603967 0.000888318
0.233293982957 0.0602384 0.000884786
0.233841015017 0.0533132 0.00088181
0.234388042816 0.0603421 0.000877434
0.234935066346 0.060519 0.000875681
0.235482085596 0.0588442 0.000870935
0.236029100557 0.0679436 0.000869002
0.236576111217 0.0610238 0.000865788
0.237123117569 0.0652163 0.0008625
0.237670119601 0.062237 0.000860538
0.238217117303 0.065388 0.000856207
0.238764110666 0.0609989 0.00085476
0.23931109968 0.0561618 0.000851554
0.239858084336 0.0610739 0.000848884
0.240405064622 0.0657959 0.000846783
0.240952040529 0.0549394 0.000843148
0.241499012047 0.0636185 0.000842442
0.242045979167 0.0635433 0.000838674
0.242592941878 0.0645508 0.000836845
0.243139900171 0.0784177 0.000834328
0.243686854035 0.0739769 0.000831163
0.244233803461 0.065013 0.000830597
0.244780748439 0.0630034 0.000826328
0.245327688958 0.0603603 0.000825721
0.24587462501 0.063789 0.000822607
0.246421556583 0.0642119 0.00082013
0.246968483669 0.062022 0.000818987
0.247515406257 0.0627255 0.000815518
0.248062324337 0.0632333 0.000814996
0.2486092379 0.061762 0.000811816
0.249156146936 0.0634381 0.000810627
0.249703051434 0.0620535 0.000808625
0.250249951385 0.0551301 0.000805328
0.250796846778 0.0541877 0.00080449
0.251343737605 0.0582568 0.000801486
0.251890623855 0.0639326 0.000800814
0.252437505518 0.0593447 0.000798545
0.252984382584 0.0578776 0.000796025
0.253531255043 0.0651853 0.000795422
0.254078122886 0.0640134 0.000792422
0.254624986103 0.0577891 0.000791587
0.255171844683 0.0534938 0.000788524
0.255718698617 0.0600459 0.000787618
0.256265547895 0.0613439 0.000786404
0.256812392507 0.057103 0.000783452
0.257359232443 0.056464 0.000782855
0.257906067694 0.050731 0.000780015
0.258452898248 0.044871 0.000779187
0.258999724097 0.0461199 0.000777253
0.259546545231 0.0497278 0.000775191
0.260093361639 0.0542647 0.000774864
0.260640173312 0.0531602 0.000772223
0.26118698024 0.0514206 0.000771558
0.261733782412 0.0588369 0.000769736
0.26228057982 0.0558554 0.000768103
0.262827372453 0.0501731 0.00076739
0.263374160302 0.0387315 0.000764441
0.263920943356 0.0395491 0.000763872
0.264467721605 0.0469925 0.000761581
0.26501449504 0.0438604 0.00076079
0.265561263651 0.0433425 0.000759637
0.266108027427 0.0493707 0.000757286
0.26665478636 0.0471918 0.000757111
0.267201540438 0.0433227 0.000754314
0.267748289653 0.0366875 0.000754084
0.268295033995 0.0338807 0.000752321
0.268841773452 0.0350909 0.000750026
0.269388508017 0.0281819 0.000749484
0.269935237678 0.0346477 0.000747518
0.270481962425 0.0357986 0.000746932
0.27102868225 0.0359646 0.000745527
0.271575397142 0.0382419 0.000743948
0.272122107091 0.0381787 0.000743323
0.272668812087 0.0341511 0.000740782
0.27321551212 0.0356281 0.000740557
0.273762207181 0.036868 0.000738516
0.27430889726 0.0342977 0.00073774
0.274855582347 0.0362318 0.000736433
0.275402262431 0.0361249 0.000734584
0.275948937504 0.0298593 0.000733992
0.276495607554 0.0258578 0.000731909
0.277042272573 0.0228233 0.000731453
0.27758893255 0.0191121 0.000729396
0.278135587476 0.0241963 0.000728335
0.27868223734 0.0264374 0.000727319
0.279228882134 0.0308552 0.000726108
0.279775521846 0.029294 0.000725369
0.280322156467 0.0286962 0.000723267
0.280868785987 0.0261748 0.000722221
0.281415410397 0.0268209 0.000721533
0.281962029686 0.0312759 0.000720145
0.282508643844 0.0334127 0.000719209
0.283055252862 0.0262955 0.000717492
0.28360185673 0.0310317 0.000716982
0.284148455438 0.0284106 0.000715832
0.284695048976 0.031009 0.000714364
0.285241637334 0.0297049 0.000713264
0.285788220503 0.0307997 0.000712308
0.286334798471 0.0281283 0.000711004
0.286881371231 0.026616 0.000709811
0.287427938771 0.0284524 0.000708539
0.287974501082 0.0272797 0.000708062
0.288521058155 0.0214454 0.000706679
0.289067609978 0.019581 0.000705382
0.289614156542 0.0295457 0.000704471
0.290160697838 0.034185 0.000703195
0.290707233856 0.0312842 0.000702397
0.291253764585 0.0305268 0.00070067
0.291800290016 0.0304306 0.000698819
0.292346810139 0.0194998 0.000696989
0.292893324944 0.0116198 0.000695859
0.293439834422 0.00922179 0.000694361
0.293986338562 0.0176362 0.000692329
0.294532837354 0.0253145 0.000691151
0.295079330789 0.0353671 0.000689863
0.295625818857 0.0293795 0.000688402
0.296172301547 0.022688 0.000687123
0.296718778851 0.0177087 0.000684841
0.297265250758 0.0143686 0.000684129
0.297811717259 0.0155012 0.000682856
0.298358178343 0.0162467 0.000682793
0.298904634001 0.0231338 0.000682211
0.299451084222 0.0271602 0.000681783
0.299997528998 0.0299002 0.000681616
0.300543968317 0.022963 0.000680651
0.301090402171 0.0166029 0.000680124
0.30163683055 0.0151325 0.000680019
0.302183253443 0.0253054 0.000679773
0.302729670841 0.0244766 0.000679323
0.303276082733 0.022596 0.000678908
0.303822489111 0.0240966 0.00067821
0.304368889964 0.0201591 0.00067808
0.304915285282 0.0186794 0.000677262
0.305461675055 0.0257768 0.000677043
0.306008059275 0.0217803 0.000676374
0.30655443793 0.0207892 0.00067646
0.307100811011 0.0176672 0.000676314
0.307647178508 0.0165775 0.000675558
0.308193540411 0.0134582 0.000675074
0.308739896711 0.0159878 0.000674607
0.309286247397 0.0211588 0.000674506
0.30983259246 0.0178563 0.000673788
0.31037893189 0.0184689 0.000673566
0.310925265677 0.0203224 0.000672862
0.311471593812 0.0166741 0.000672794
0.312017916283 0.0156859 0.000672337
0.312564233083 0.0160553 0.000671345
0.313110544199 0.0213866 0.000671498
0.313656849624 0.0233636 0.000670655
0.314203149347 0.0193343 0.000670821
0.314749443358 0.017372 0.000670111
0.315295731647 0.0147142 0.000669582
0.315842014205 0.0114684 0.000669624
0.316388291021 0.0113016 0.000668575
0.316934562086 0.0146388 0.000668913
0.317480827391 0.0149431 0.000667653
0.318027086924 0.0178625 0.000667761
0.318573340677 0.0250135 0.000667644
0.319119588639 0.0203376 0.000666586
0.319665830801 0.0202102 0.00066712
0.320212067153 0.0180491 0.000665382
0.320758297685 0.0127297 0.000665991
0.321304522387 0.0132906 0.00066539
0.321850741249 0.0132207 0.000664396
0.322396954262 0.0150512 0.000664942
0.322943161416 0.0151193 0.000663745
0.3234893627 0.0110438 0.00066391
0.324035558106 0.0123263 0.00066299
0.324581747622 0.0123933 0.000662471
0.325127931241 0.0158009 0.000662733
0.32567410895 0.0195286 0.000661734
0.326220280742 0.0184762 0.000662004
0.326766446605 0.0172893 0.000660775
0.327312606531 0.0125997 0.000661101
0.327858760508 0.0163808 0.000660904
0.328404908528 0.0167335 0.000659898
0.328951050581 0.0114794 0.000660105
0.329497186657 0.00775568 0.000658582
