5.479404E-03 102.812 0.168643
6.027343E-03 97.4272 0.0574939
6.575283E-03 95.593 0.0397581
7.123223E-03 94.1532 0.0323092
7.671163E-03 94.0003 0.0282644
8.219102E-03 93.6008 0.0253023
8.767041E-03 93.1333 0.0232149
9.314981E-03 92.6015 0.0217575
9.862920E-03 91.77 0.0201187
1.041086E-02 91.3505 0.0185413
1.095880E-02 90.8013 0.0168955
1.150674E-02 90.3344 0.0160032
1.205467E-02 89.6942 0.0154182
1.260261E-02 88.8645 0.0147939
1.315055E-02 88.0886 0.0143791
1.369849E-02 87.5326 0.0138439
1.424642E-02 87.0992 0.013584
1.479436E-02 86.3889 0.0131873
1.534230E-02 85.532 0.0128475
1.589023E-02 84.8228 0.0126063
1.643817E-02 84.1529 0.0122443
1.698611E-02 83.5216 0.0120746
1.753404E-02 82.5191 0.0117585
1.808198E-02 81.8294 0.0115128
1.862991E-02 81.4175 0.0113239
1.917785E-02 80.6034 0.0110582
1.972578E-02 79.6551 0.0109092
2.027371E-02 78.8644 0.0106385
2.082165E-02 78.006 0.010443
2.136958E-02 77.3803 0.0102557
2.191751E-02 76.492 0.0100794
2.246545E-02 75.4598 0.00989947
2.301338E-02 74.793 0.00968865
2.356131E-02 73.9117 0.00956483
2.410924E-02 73.0566 0.00937384
2.465717E-02 72.1503 0.00919734
2.520510E-02 71.2812 0.00905171
2.575303E-02 70.5791 0.0088726
2.630096E-02 69.5904 0.00877618
2.684889E-02 68.7559 0.00858081
2.739682E-02 67.6899 0.00848223
2.794475E-02 66.8362 0.00837041
2.849267E-02 65.9326 0.00822529
2.904060E-02 65.0947 0.00815005
2.958853E-02 64.1774 0.00797739
3.013645E-02 63.2382 0.00788282
3.068438E-02 62.3018 0.00775058
3.123230E-02 61.4707 0.00765344
3.178022E-02 60.5296 0.00756253
3.232815E-02 59.7434 0.00742806
3.287607E-02 58.6956 0.00734686
3.342399E-02 57.8159 0.00722586
3.397191E-02 56.801 0.00712989
3.451984E-02 55.7698 0.00702851
3.506776E-02 54.9575 0.00689859
3.561568E-02 53.938 0.00683418
3.616359E-02 53.1457 0.00672038
3.671151E-02 52.2016 0.00665202
3.725943E-02 51.2874 0.00654949
3.780735E-02 50.2438 0.00644631
3.835526E-02 49.4778 0.0063948
3.890318E-02 48.5179 0.00627391
3.945109E-02 47.5458 0.00618408
3.999901E-02 46.6625 0.0060835
4.054692E-02 45.7688 0.00600944
4.109484E-02 44.9855 0.00594501
4.164275E-02 44.1642 0.00585192
4.219066E-02 43.2043 0.00579106
4.273857E-02 42.36 0.00570252
4.328648E-02 41.4199 0.0056449
4.383439E-02 40.5811 0.00557463
4.438230E-02 39.7735 0.00549504
4.493020E-02 38.8899 0.00544884
4.547811E-02 38.1659 0.00537208
4.602601E-02 37.2554 0.00531728
4.657392E-02 36.3765 0.00524622
4.712182E-02 35.5904 0.0051911
4.766973E-02 34.7958 0.00514116
4.821763E-02 33.9741 0.00505938
4.876553E-02 33.2047 0.00500572
4.931343E-02 32.4082 0.00492953
4.986133E-02 31.6294 0.00488256
5.040923E-02 30.8817 0.0048254
5.095713E-02 30.1352 0.00476474
5.150502E-02 29.4049 0.0047274
5.205292E-02 28.6882 0.00466486
5.260081E-02 27.9922 0.00462568
5.314871E-02 27.3013 0.00457088
5.369660E-02 26.5784 0.00451743
5.424449E-02 25.9087 0.0044862
5.479238E-02 25.2352 0.00442209
5.534027E-02 24.5744 0.00438766
5.588816E-02 23.9282 0.00433634
5.643605E-02 23.3045 0.00431203
5.698394E-02 22.7069 0.0043516
5.753182E-02 22.0945 0.00434732
5.807971E-02 21.493 0.00435242
5.862759E-02 20.9267 0.00432081
5.917547E-02 20.3492 0.00431692
5.972336E-02 19.7964 0.00429655
6.027124E-02 19.2127 0.00427051
6.081912E-02 18.6555 0.00427681
6.136699E-02 18.1563 0.00432431
6.191487E-02 17.6669 0.00435006
6.246275E-02 17.1393 0.00433399
6.301062E-02 16.6203 0.00432968
6.355850E-02 16.1527 0.00433421
6.410637E-02 15.6586 0.00430437
6.465424E-02 15.1755 0.00431026
6.520211E-02 14.7101 0.00428527
6.574998E-02 14.2542 0.00428278
6.629785E-02 13.799 0.00427396
6.684571E-02 13.3863 0.0042592
6.739358E-02 12.9597 0.00427322
6.794144E-02 12.539 0.00424896
6.848931E-02 12.1637 0.0042609
6.903717E-02 11.8007 0.0042265
6.958503E-02 11.4552 0.00412672
7.013289E-02 11.0671 0.004094
7.068075E-02 10.712 0.00405005
7.122860E-02 10.3483 0.00403783
7.177646E-02 10.0119 0.00400142
7.232431E-02 9.67862 0.0039907
7.287217E-02 9.36616 0.00397629
7.342002E-02 9.05574 0.00394283
7.396787E-02 8.7388 0.00393857
7.451572E-02 8.43465 0.00390534
7.506356E-02 8.13517 0.00389361
7.561141E-02 7.89503 0.00386845
7.615925E-02 7.67956 0.00383695
7.670710E-02 7.41382 0.00382502
7.725494E-02 7.17877 0.00378838
7.780278E-02 6.96318 0.00378482
7.835062E-02 6.72221 0.00374976
7.889845E-02 6.4649 0.00373278
7.944629E-02 6.25935 0.00371971
7.999413E-02 6.05993 0.00369391
8.054196E-02 5.86356 0.00368202
8.108979E-02 5.69052 0.00365675
8.163762E-02 5.51506 0.0036473
8.218545E-02 5.34552 0.00362704
8.273328E-02 5.11935 0.00360615
8.328110E-02 4.97259 0.00359341
8.382893E-02 4.80331 0.00356719
8.437675E-02 4.66772 0.00355382
8.492457E-02 4.51014 0.00352454
8.547239E-02 4.35637 0.0035094
8.602021E-02 4.23093 0.00348741
8.656802E-02 4.09172 0.00346855
8.711584E-02 4.00417 0.00345719
8.766365E-02 3.89173 0.00342951
8.821146E-02 3.78761 0.00341798
8.875927E-02 3.65482 0.00339853
8.930708E-02 3.55251 0.00338213
8.985489E-02 3.46199 0.00336889
9.040269E-02 3.34967 0.00335598
9.095050E-02 3.25755 0.00334988
9.149830E-02 3.14273 0.0033318
9.204610E-02 3.06686 0.00332607
9.259390E-02 3.01948 0.00331395
9.314169E-02 2.96143 0.00330354
9.368949E-02 2.90745 0.00329884
9.423728E-02 2.83159 0.0032857
9.478507E-02 2.74582 0.00327727
9.533286E-02 2.67519 0.00326275
9.588065E-02 2.61415 0.00325555
9.642844E-02 2.55172 0.00325
9.697622E-02 2.50357 0.00323661
9.752401E-02 2.44783 0.0032313
9.807179E-02 2.39012 0.0032195
9.861957E-02 2.31831 0.00321351
9.916734E-02 2.30233 0.00320616
9.971512E-02 2.26654 0.00319212
0.100263 2.21515 0.00319071
0.100811 2.18467 0.00317729
0.101358 2.14986 0.00317914
0.101906 2.13457 0.00317117
0.102454 2.10076 0.00316632
0.103002 2.06207 0.00316996
0.103549 2.00805 0.00315813
0.104097 1.99467 0.00315719
0.104645 1.93079 0.00315194
0.105193 1.87314 0.00315132
0.105741 1.89482 0.00314887
0.106288 1.86634 0.00313997
0.106836 1.83277 0.00314195
0.107384 1.83465 0.00313699
0.107932 1.79695 0.00313421
0.108479 1.78109 0.00312896
0.109027 1.77088 0.00312662
0.109575 1.73386 0.00312517
0.110123 1.69961 0.00311994
0.110670 1.68798 0.00311916
0.111218 1.6785 0.00311196
0.111766 1.65188 0.00311205
0.112313 1.63148 0.00311102
0.112861 1.63552 0.0031022
0.113409 1.6109 0.00310202
0.113957 1.59572 0.00309656
0.114504 1.56861 0.00309819
0.115052 1.56247 0.00309101
0.115600 1.54986 0.00308626
0.116148 1.48768 0.00308781
0.116695 1.47995 0.00307887
0.117243 1.4768 0.00308114
0.117791 1.49066 0.00307532
0.118338 1.49434 0.00307364
0.118886 1.468 0.00307179
0.119434 1.44537 0.00306447
0.119981 1.42013 0.00306541
0.120529 1.40799 0.00305711
0.121077 1.39325 0.00305775
0.121625 1.3976 0.00305609
0.122172 1.38139 0.00304857
0.122720 1.33504 0.00304941
0.123268 1.29344 0.00304274
0.123815 1.29511 0.00304291
0.124363 1.26375 0.00303664
0.124911 1.26845 0.00303362
0.125458 1.26445 0.00303211
0.126006 1.25406 0.00302501
0.126554 1.24039 0.0030283
0.127101 1.23002 0.00301981
0.127649 1.21942 0.00301675
0.128197 1.19732 0.00301669
0.128744 1.19347 0.00301092
0.129292 1.14158 0.00300882
0.129840 1.09936 0.00299992
0.130387 1.11172 0.00300425
0.130935 1.09094 0.00299844
0.131483 1.08428 0.0029933
0.132030 1.07456 0.00299199
0.132578 1.04649 0.00298564
0.133126 1.04631 0.00298816
0.133673 1.04281 0.00298139
0.134221 1.03589 0.00298024
0.134769 0.997084 0.00297663
0.135316 0.960267 0.00297042
0.135864 0.934174 0.00297152
0.136411 0.943417 0.00296385
0.136959 0.922996 0.002964
0.137507 0.887168 0.00296197
0.138054 0.877776 0.00295782
0.138602 0.893177 0.00295698
0.139150 0.881321 0.00294929
0.139697 0.859167 0.00295072
0.140245 0.840285 0.00294402
0.140792 0.817598 0.00294133
0.141340 0.800015 0.00293968
0.141888 0.791657 0.00293296
0.142435 0.782569 0.00293504
0.142983 0.80646 0.00292778
0.143530 0.795893 0.00292939
0.144078 0.775797 0.0029256
0.144626 0.744004 0.0029208
0.145173 0.734078 0.00291925
0.145721 0.716277 0.00291256
0.146268 0.681972 0.00291282
0.146816 0.68666 0.00291146
0.147364 0.658783 0.00290546
0.147911 0.634608 0.00290377
0.148459 0.629352 0.00290072
0.149006 0.617051 0.00289984
0.149554 0.587017 0.0028922
0.150101 0.593834 0.00289159
0.150649 0.591898 0.00288986
0.151197 0.564794 0.00288464
0.151744 0.564257 0.00288575
0.152292 0.570456 0.0028774
0.152839 0.545572 0.00287789
0.153387 0.536538 0.00287388
0.153934 0.533574 0.00287176
0.154482 0.518077 0.00287061
0.155029 0.521352 0.00286537
0.155577 0.522743 0.00286503
0.156124 0.513808 0.00285927
0.156672 0.512692 0.0028589
0.157220 0.474507 0.00285608
0.157767 0.44938 0.00285053
0.158315 0.450488 0.0028517
0.158862 0.43491 0.00284532
0.159410 0.416423 0.00284541
0.159957 0.424928 0.0028417
0.160505 0.454227 0.00283718
0.161052 0.442439 0.00283971
0.161600 0.414187 0.00283075
0.162147 0.387614 0.00283113
0.162695 0.410374 0.0028273
0.163242 0.402471 0.00282412
0.163790 0.365123 0.00282314
0.164337 0.355478 0.002816
0.164885 0.354573 0.00281901
0.165432 0.330685 0.00281249
0.165980 0.338052 0.00281186
0.166527 0.367048 0.00280932
0.167075 0.368663 0.00280526
0.167622 0.342927 0.00280689
0.168169 0.327626 0.0028004
0.168717 0.321783 0.00279941
0.169264 0.326664 0.00279641
0.169812 0.291392 0.00279262
0.170359 0.290897 0.00279453
0.170907 0.271179 0.0027848
0.171454 0.283189 0.00278674
0.172002 0.302232 0.00278016
0.172549 0.286132 0.0027778
0.173097 0.259889 0.00277404
0.173644 0.268005 0.00277039
0.174191 0.289804 0.00277306
0.174739 0.303171 0.00276588
0.175286 0.301542 0.00276432
0.175834 0.282338 0.0027598
0.176381 0.280654 0.00275779
0.176929 0.293423 0.00275845
0.177476 0.298123 0.0027508
0.178023 0.268889 0.00275039
0.178571 0.244181 0.00274692
0.179118 0.238451 0.00274444
0.179666 0.252535 0.00274277
0.180213 0.278849 0.00273726
0.180760 0.232357 0.00273764
0.181308 0.235786 0.002733
0.181855 0.253263 0.00273189
0.182403 0.231544 0.00272769
0.182950 0.225994 0.00272477
0.183497 0.262289 0.00272533
0.184045 0.288462 0.00271881
0.184592 0.280676 0.00271825
0.185140 0.243788 0.00271261
0.185687 0.242951 0.00271197
0.186234 0.237938 0.00271044
0.186782 0.260619 0.00270471
0.187329 0.257924 0.00270598
0.187876 0.261926 0.00270011
0.188424 0.260459 0.00270006
0.188971 0.262094 0.00269728
0.189518 0.219085 0.00269158
0.190066 0.2097 0.00269155
0.190613 0.236296 0.00268641
0.191160 0.233236 0.00268717
0.191708 0.227385 0.00268203
0.192255 0.20286 0.00267941
0.192802 0.207283 0.00267946
0.193350 0.221282 0.00267369
0.193897 0.231026 0.00267547
0.194444 0.231572 0.00266991
0.194992 0.233141 0.00266764
0.195539 0.242261 0.0026676
0.196086 0.242696 0.00266115
0.196634 0.208563 0.00266177
0.197181 0.191952 0.00265472
0.197728 0.205545 0.00265672
0.198275 0.24073 0.00265477
0.198823 0.264931 0.00264866
0.199370 0.227944 0.00265079
0.199917 0.215042 0.00266713
0.200465 0.217064 0.00272186
0.201012 0.215608 0.0027478
0.201559 0.236386 0.00277271
0.202106 0.210614 0.00279552
0.202654 0.202931 0.00280847
0.203201 0.202136 0.002826
0.203748 0.195089 0.00283801
0.204295 0.223397 0.00285459
0.204843 0.262867 0.00286989
0.205390 0.250216 0.00287772
0.205937 0.219847 0.0028917
0.206484 0.219291 0.00289971
0.207031 0.195342 0.00291809
0.207579 0.190331 0.00293035
0.208126 0.208884 0.00293314
0.208673 0.223388 0.00294246
0.209220 0.199495 0.00294139
0.209768 0.198338 0.00294833
0.210315 0.175623 0.00294455
0.210862 0.201642 0.00298265
0.211409 0.210867 0.00306446
0.211956 0.207291 0.00311174
0.212504 0.223046 0.00315758
0.213051 0.197873 0.00318973
0.213598 0.201834 0.00323037
0.214145 0.211531 0.00325834
0.214692 0.233592 0.00328806
0.215239 0.21832 0.00332096
0.215787 0.225587 0.00334293
0.216334 0.223159 0.00337743
0.216881 0.191568 0.00339615
0.217428 0.176499 0.00342593
0.217975 0.186908 0.00345935
0.218522 0.182841 0.00347511
0.219070 0.180244 0.00351161
0.219617 0.192154 0.00351986
0.220164 0.16448 0.00354426
0.220711 0.1405 0.00350078
0.221258 0.192659 0.00338686
0.221805 0.210982 0.00333156
0.222352 0.177556 0.00327764
0.222899 0.157576 0.00324937
0.223447 0.151316 0.00321471
0.223994 0.144327 0.00318791
0.224541 0.167464 0.00316667
0.225088 0.166005 0.00313851
0.225635 0.145428 0.00312526
0.226182 0.142943 0.00309954
0.226729 0.15336 0.00308306
0.227276 0.188073 0.00306891
0.227823 0.194376 0.00304901
0.228370 0.158855 0.00303844
0.228917 0.153912 0.0030161
0.229464 0.146414 0.00301268
0.230012 0.134131 0.00300676
0.230559 0.134129 0.00299868
0.231106 0.158784 0.00299619
0.231653 0.156098 0.00297937
0.232200 0.171337 0.00297342
0.232747 0.181443 0.00295845
0.233294 0.168302 0.00294639
0.233841 0.160727 0.00293713
0.234388 0.179178 0.00292235
0.234935 0.17567 0.00291644
0.235482 0.160243 0.00290187
0.236029 0.109446 0.00289394
0.236576 0.103504 0.00288252
0.237123 0.158214 0.00287195
0.237670 0.147896 0.00286593
0.238217 0.130692 0.00285085
0.238764 0.110047 0.00284604
0.239311 0.098126 0.00283468
0.239858 0.116246 0.00282516
0.240405 0.144278 0.00281853
0.240952 0.150214 0.00280757
0.241499 0.149212 0.00280388
0.242046 0.135421 0.00279114
0.242593 0.148198 0.00278596
0.243140 0.132054 0.00277683
0.243687 0.113145 0.00276567
0.244234 0.142603 0.00276465
0.244781 0.173117 0.00275103
0.245328 0.155987 0.00274883
0.245874 0.137127 0.00273843
0.246421 0.14658 0.00273019
0.246968 0.147702 0.0027263
0.247515 0.12139 0.00271408
0.248062 0.099132 0.00271192
0.248609 0.133635 0.00270144
0.249156 0.14139 0.00269763
0.249703 0.131002 0.0026914
0.250250 0.119153 0.00268068
0.250797 0.124065 0.00267887
0.251344 0.122587 0.00266884
0.251890 0.106867 0.00266531
0.252437 0.0947024 0.00265783
0.252984 0.0784661 0.00264902
0.253531 0.0908518 0.00264703
0.254078 0.105191 0.00263704
0.254625 0.11162 0.00263481
0.255172 0.11002 0.00262535
0.255719 0.104261 0.00262146
0.256265 0.109315 0.00261636
0.256812 0.0910494 0.00260654
0.257359 0.0777077 0.00260525
0.257906 0.0889124 0.00259722
0.258453 0.0707258 0.0025951
0.259000 0.0684372 0.00258822
0.259546 0.0846777 0.00258087
0.260093 0.0952964 0.00257938
0.260640 0.0934842 0.00257059
0.261187 0.0966492 0.00256918
0.261734 0.101364 0.00256259
0.262280 0.0934518 0.00255725
0.262827 0.0972206 0.00255525
0.263374 0.103117 0.0025464
0.263921 0.0943655 0.00254409
0.264468 0.0948931 0.00253602
0.265014 0.100046 0.00253316
0.265561 0.0982756 0.0025293
0.266108 0.10876 0.00252146
0.266655 0.113091 0.00252155
0.267201 0.106743 0.0025126
0.267748 0.0862284 0.00251189
0.268295 0.085496 0.00250642
0.268842 0.0679738 0.00249857
0.269388 0.0610817 0.00249695
0.269935 0.0671924 0.00249006
0.270482 0.10051 0.00248849
0.271029 0.112219 0.00248343
0.271575 0.10443 0.0024785
0.272122 0.0739814 0.00247674
0.272669 0.0756599 0.0024684
0.273215 0.10028 0.00246738
0.273762 0.109573 0.0024597
0.274309 0.0919283 0.00245759
0.274855 0.103315 0.00245391
0.275402 0.0890744 0.00244804
0.275949 0.075535 0.00244618
0.276495 0.089225 0.00243903
0.277042 0.0817249 0.00243751
0.277589 0.0682677 0.00243165
0.278135 0.0688945 0.00242787
0.278682 0.065672 0.0024237
0.279229 0.0931195 0.00241981
0.279775 0.0858406 0.00241774
0.280322 0.0851103 0.00241073
0.280869 0.0904992 0.00240735
0.281415 0.0910252 0.00240526
0.281962 0.0908438 0.00240007
0.282508 0.0907319 0.00239687
0.283055 0.0690924 0.00239167
0.283602 0.0812607 0.00238927
0.284148 0.0813603 0.0023857
0.284695 0.06856 0.00238078
0.285241 0.0643497 0.00237736
0.285788 0.064446 0.00237397
0.286335 0.0795954 0.00237064
0.286881 0.0884316 0.00236643
0.287428 0.110214 0.00236191
0.287974 0.119115 0.00236033
0.288521 0.110557 0.00235656
0.289067 0.0909916 0.00235179
0.289614 0.0664134 0.00234783
0.290161 0.0767563 0.00234408
0.290707 0.088263 0.00234184
0.291254 0.102379 0.00233614
0.291800 0.0955578 0.00232931
0.292347 0.0809961 0.00232397
0.292893 0.0962482 0.00232063
0.293440 0.0711661 0.00231515
0.293986 0.0806902 0.00230821
0.294533 0.0870015 0.00230411
0.295079 0.0836598 0.00229942
0.295626 0.0923306 0.00229497
0.296172 0.0988025 0.00229102
0.296719 0.0876901 0.00228353
0.297265 0.0817255 0.00228126
0.297812 0.0991449 0.00227704
0.298358 0.092137 0.00227679
0.298904 0.100373 0.00227511
0.299451 0.0913938 0.00227327
0.299997 0.0907262 0.00227283
0.300544 0.112776 0.00227038
0.301090 0.102035 0.00226868
0.301637 0.0934193 0.00226825
0.302183 0.112921 0.00226711
0.302729 0.0993723 0.00226551
0.303276 0.0736948 0.00226393
0.303822 0.0741077 0.00226115
0.304369 0.0780289 0.00226092
0.304915 0.101578 0.00225945
0.305461 0.0973706 0.00225915
0.306008 0.103408 0.00225679
0.306554 0.10986 0.00225582
0.307101 0.111729 0.00225515
0.307647 0.0947946 0.00225237
0.308193 0.0836607 0.00225091
0.308740 0.0899734 0.00224981
0.309286 0.100352 0.00224995
0.309832 0.093823 0.00224767
0.310379 0.0789116 0.00224631
0.310925 0.0812853 0.00224356
0.311471 0.079706 0.00224384
0.312018 0.0882413 0.00224298
0.312564 0.10857 0.00224004
0.313110 0.0842373 0.00223982
0.313657 0.0818219 0.00223625
0.314203 0.0882137 0.00223692
0.314749 0.0778874 0.00223458
0.315296 0.0850994 0.00223335
0.315842 0.105866 0.00223454
0.316388 0.113516 0.00223107
0.316934 0.0827843 0.00223146
0.317481 0.077707 0.00222729
0.318027 0.0928555 0.00222755
0.318573 0.10218 0.0022273
0.319119 0.0959944 0.0022238
0.319666 0.102159 0.00222543
0.320212 0.100172 0.00222004
0.320758 0.105441 0.0022219
0.321304 0.100659 0.00221967
0.321851 0.10693 0.0022163
0.322397 0.100616 0.00221787
0.322943 0.0851879 0.00221391
0.323489 0.103798 0.00221516
0.324035 0.115506 0.00221204
0.324582 0.0965424 0.00221027
0.325128 0.0970352 0.00221132
0.325674 0.101723 0.00220779
0.326220 0.106729 0.00220876
0.326766 0.0987236 0.00220439
0.327312 0.100908 0.00220593
0.327859 0.102638 0.00220534
0.328405 0.0973854 0.0022018
0.328951 0.0874937 0.00220213
0.329497 0.0714356 0.00219691
0.330043 0.0604014 0.00219959
0.330589 0.0600664 0.00219639
0.331135 0.0880303 0.00219467
0.331681 0.0890101 0.00220551
0.332228 0.0854669 0.00224437
0.332774 0.0912595 0.00227141
0.333320 0.093479 0.00228753
0.333866 0.0943682 0.00230379
0.334412 0.100672 0.00231978
0.334958 0.0831671 0.00232974
0.335504 0.0829583 0.00234334
0.336050 0.105248 0.00235123
0.336596 0.0936534 0.00236364
0.337142 0.0855731 0.00236784
0.337688 0.129688 0.00237012
0.338234 0.117796 0.00237668
0.338780 0.0878243 0.00237544
0.339326 0.108903 0.00238306
0.339872 0.119171 0.00238364
0.340418 0.118036 0.00238641
0.340964 0.0916708 0.00239075
0.341510 0.0902422 0.00239171
0.342056 0.100507 0.00239793
0.342602 0.103083 0.00239634
0.343148 0.11105 0.00240184
0.343694 0.0830275 0.0024046
0.344240 0.0761366 0.00240465
0.344786 0.0696604 0.00240943
0.345332 0.081857 0.00240794
0.345878 0.0801824 0.00241334
0.346424 0.0912082 0.00241426
0.346970 0.072152 0.00241531
0.347516 0.0790304 0.00241972
0.348062 0.10031 0.00241886
0.348608 0.122842 0.00242546
0.349154 0.103457 0.00242296
0.349700 0.0758868 0.00242588
0.350246 0.0976692 0.00242933
0.350791 0.116742 0.00242997
0.351337 0.123531 0.00243466
0.351883 0.112805 0.00243136
0.352429 0.102889 0.00243624
0.352975 0.107261 0.00243877
0.353521 0.103557 0.00243857
0.354067 0.0683083 0.00244077
0.354613 0.0794593 0.00243835
0.355158 0.0945683 0.00244548
0.355704 0.109883 0.00244494
0.356250 0.121338 0.00244759
0.356796 0.121757 0.00245
0.357342 0.100312 0.00244747
0.357888 0.094949 0.00245485
0.358433 0.0953128 0.00245047
0.358979 0.11881 0.00245536
0.359525 0.123904 0.0024552
0.360071 0.0933259 0.00245467
0.360617 0.0873461 0.00245955
0.361162 0.105825 0.00245575
0.361708 0.113211 0.00246145
0.362254 0.105422 0.00246206
0.362800 0.0990847 0.00246318
0.363345 0.0914633 0.00246505
0.363891 0.0883211 0.00246297
0.364437 0.0760267 0.00246895
0.364982 0.0811663 0.00246733
0.365528 0.0942869 0.00247057
0.366074 0.113558 0.00247223
0.366620 0.121377 0.0024706
0.367165 0.0987135 0.00247567
0.367711 0.0863464 0.00247106
0.368257 0.0955278 0.00247579
0.368802 0.0766065 0.00247549
0.369348 0.0837521 0.00247749
0.369894 0.0868141 0.00248032
0.370439 0.0999292 0.00247695
0.370985 0.113555 0.0024829
0.371531 0.110459 0.00248082
0.372076 0.0936507 0.00248336
0.372622 0.071697 0.00248324
0.373168 0.0656714 0.00248215
0.373713 0.0679772 0.00248876
0.374259 0.0805162 0.00248572
0.374804 0.0589687 0.00248843
0.375350 0.0569643 0.00248877
0.375896 0.0732115 0.00248932
0.376441 0.0780461 0.00249461
0.376987 0.0729301 0.00248937
0.377532 0.0773728 0.00249507
0.378078 0.0921732 0.00249454
0.378623 0.0804323 0.0024959
0.379169 0.0606852 0.00249773
0.379715 0.0493867 0.00249392
0.380260 0.0671973 0.00250105
0.380806 0.0592983 0.00249749
0.381351 0.0364432 0.00250034
0.381897 0.0466479 0.00250132
0.382442 0.0697832 0.00249962
0.382988 0.0889156 0.00250662
0.383533 0.0870172 0.00250207
0.384079 0.0570028 0.00250383
0.384624 0.0518669 0.00250357
0.385170 0.0477942 0.00250424
0.385715 0.0562512 0.00250936
0.386261 0.068661 0.00250568
0.386806 0.081202 0.0025109
0.387351 0.100874 0.00250938
0.387897 0.0917613 0.00251129
0.388442 0.0353228 0.0025114
