0.00547940351585 169.674 0.062179
0.00602734348212 166.067 0.0225127
0.00657528333829 165.106 0.016607
0.00712322307437 163.027 0.013974
0.00767116268034 161.778 0.0124572
0.00821910214619 159.927 0.0112715
0.00876704146192 157.602 0.0104093
0.00931498061752 155.452 0.00979762
0.00986291960298 152.276 0.00908038
0.0104108584083 149.971 0.00837312
0.0109587970234 147.031 0.00761704
0.0115067354384 144.273 0.00719238
0.0120546736433 141.44 0.0069031
0.0126026116279 138.413 0.00659186
0.0131505493823 135.091 0.00636767
0.0136984868966 132.075 0.00609007
0.0142464241606 129.067 0.00593098
0.0147943611645 125.795 0.00571526
0.0153422978981 122.539 0.00552647
0.0158902343515 119.281 0.00537692
0.0164381705146 116.135 0.00517716
0.0169861063775 112.985 0.00505712
0.0175340419302 109.376 0.00487626
0.0180819771626 106.111 0.00472584
0.0186299120647 103.14 0.00459884
0.0191778466266 99.9679 0.00444493
0.0197257808382 96.6776 0.00433895
0.0202737146894 93.5519 0.00418468
0.0208216481704 90.3197 0.0040597
0.0213695812711 87.3702 0.00393955
0.0219175139815 84.2014 0.00382469
0.0224654462915 81.209 0.00371331
0.0230133781912 78.56 0.00359125
0.0235613096706 75.544 0.00349951
0.0241092407197 72.7245 0.00338547
0.0246571713284 69.932 0.00327826
0.0252051014867 67.1728 0.00318403
0.0257530311847 64.5826 0.00307852
0.0263009604123 61.9317 0.00300467
0.0268488891595 59.5511 0.00289945
0.0273968174163 57.0177 0.00282818
0.0279447451728 54.6091 0.00275169
0.0284926724188 52.3044 0.00266672
0.0290405991445 50.1324 0.00260639
0.0295885253397 47.9502 0.00251589
0.0301364509945 45.8398 0.00245129
0.0306843760989 43.7986 0.00237664
0.0312323006428 41.9112 0.00231473
0.0317802246163 39.9798 0.00225526
0.0323281480094 38.2201 0.00218425
0.032876070812 36.391 0.00213047
0.0334239930142 34.7197 0.00206632
0.0339719146059 33.0589 0.0020112
0.0345198355771 31.4271 0.00195566
0.0350677559178 29.9878 0.00189339
0.0356156756181 28.5244 0.00185082
0.0361635946678 27.1855 0.00179579
0.0367115130571 25.7988 0.00175331
0.0372594307758 24.5048 0.00170374
0.0378073478141 23.264 0.0016557
0.0383552641618 22.148 0.00162108
0.0389031798091 21.0045 0.00157032
0.0394510947458 19.9103 0.00152883
0.0399990089619 18.9109 0.00148546
0.0405469224475 17.9335 0.0014501
0.0410948351926 17.0059 0.00141716
0.0416427471872 16.0973 0.00137776
0.0421906584211 15.2776 0.00134924
0.0427385688846 14.5025 0.00131465
0.0432864785674 13.7117 0.00128746
0.0438343874597 12.9578 0.00125779
0.0443822955515 12.2746 0.00122734
0.0449302028326 11.6009 0.00120507
0.0454781092932 10.9926 0.00117651
0.0460260149231 10.3834 0.00115378
0.0465739197125 9.80395 0.00112815
0.0471218236513 9.26759 0.00110657
0.0476697267295 8.75017 0.00108687
0.0482176289371 8.26886 0.00106165
0.048765530264 7.79668 0.00104215
0.0493134307004 7.35015 0.00101874
0.0498613302361 6.93651 0.00100226
0.0504092288613 6.54518 0.000983997
0.0509571265657 6.17884 0.000965764
0.0515050233396 5.82878 0.000952433
0.0520529191728 5.49463 0.000934638
0.0526008140554 5.18398 0.000922138
0.0531487079774 4.89784 0.000907005
0.0536966009287 4.60598 0.000892295
0.0542444928993 4.34621 0.000882309
0.0547923838794 4.09491 0.000866616
0.0553402738587 3.87238 0.00085736
0.0558881628274 3.65633 0.000844825
0.0564360507754 3.43981 0.00083779
0.0569839376928 3.24962 0.000843562
0.0575318235695 3.07692 0.000841015
0.0580797083956 2.90353 0.000840244
0.058627592161 2.75181 0.000833235
0.0591754748557 2.6116 0.000831604
0.0597233564697 2.47235 0.000826949
0.0602712369931 2.33734 0.000821745
0.0608191164157 2.22221 0.00082279
0.0613669947277 2.11297 0.000831842
0.061914871919 2.01488 0.000836922
0.0624627479797 1.91101 0.000833964
0.0630106228996 1.82392 0.000833836
0.0635584966689 1.75727 0.000835566
0.0641063692774 1.68787 0.000830863
0.0646542407153 1.61931 0.000833321
0.0652021109725 1.55084 0.000829632
0.065749980039 1.4854 0.000830448
0.0662978479048 1.4393 0.000830572
0.06684571456 1.38835 0.000829146
0.0673935799944 1.3449 0.000833818
0.0679414441981 1.30841 0.000830935
0.0684893071611 1.27562 0.000834938
0.0690371688735 1.24484 0.000830308
0.0695850293251 1.21065 0.000812566
0.0701328885061 1.17591 0.000808024
0.0706807464064 1.15956 0.000801355
0.0712286030159 1.13648 0.000800903
0.0717764583248 1.11252 0.000795538
0.072324312323 1.10461 0.000795675
0.0728721650005 1.09243 0.000794677
0.0734200163473 1.0863 0.000790152
0.0739678663534 1.07648 0.000791598
0.0745157150088 1.06014 0.000786969
0.0750635623036 1.05433 0.000786662
0.0756114082276 1.05145 0.000783589
0.076159252771 1.05449 0.00077908
0.0767070959237 1.0456 0.000778701
0.0772549376757 1.03034 0.000773105
0.077802778017 1.02265 0.00077403
0.0783506169377 1.02373 0.000768735
0.0788984544277 1.0244 0.000767189
0.079446290477 1.0211 0.000766074
0.0799941250756 1.01782 0.000762333
0.0805419582136 1.01314 0.000761429
0.0810897898809 1.0169 0.000757659
0.0816376200676 1.01736 0.00075723
0.0821854487636 1.01767 0.000754537
0.082733275959 1.01891 0.000751759
0.0832811016437 1.02002 0.000750405
0.0838289258077 1.01425 0.000746292
0.0843767484411 1.01005 0.000744673
0.0849245695339 1.0067 0.000739728
0.0854723890761 0.994582 0.000737576
0.0860202070576 0.997871 0.000734139
0.0865680234685 0.998228 0.000731171
0.0871158382988 1.00631 0.000729653
0.0876636515384 0.995568 0.000724569
0.0882114631775 0.98149 0.000722488
0.0887592732059 0.966546 0.00071913
0.0893070816138 0.962105 0.000716348
0.089854888391 0.959655 0.000714513
0.0904026935277 0.961365 0.000712614
0.0909504970138 0.947692 0.00071153
0.0914982988393 0.932345 0.000708264
0.0920460989943 0.92152 0.000707593
0.0925938974687 0.917541 0.000705301
0.0931416942525 0.904142 0.000703086
0.0936894893358 0.89457 0.000702144
0.0942372827085 0.889237 0.000699552
0.0947850743607 0.87557 0.000698048
0.0953328642824 0.869629 0.000695474
0.0958806524635 0.864134 0.000694187
0.0964284388942 0.849096 0.000693087
0.0969762235643 0.831777 0.00069024
0.097524006464 0.823708 0.00068924
0.0980717875831 0.81109 0.000686832
0.0986195669118 0.79953 0.000685693
0.09916734444 0.792904 0.000684096
0.0997151201577 0.786907 0.000681203
0.100262894055 0.782171 0.000680913
0.100810666122 0.765466 0.000677737
0.101358436348 0.750966 0.000677917
0.101906204724 0.738853 0.00067619
0.10245397124 0.72785 0.000675212
0.103001735885 0.722 0.000676034
0.10354949865 0.710601 0.000673552
0.104097259524 0.690917 0.000673078
0.104645018498 0.680869 0.000671771
0.105192775562 0.668037 0.000671599
0.105740530705 0.65578 0.000670653
0.106288283918 0.646037 0.00066866
0.106836035191 0.641896 0.000669048
0.107383784513 0.636108 0.000667935
0.107931531875 0.62515 0.000667394
0.108479277267 0.618527 0.000666124
0.109027020678 0.599837 0.000665301
0.109574762099 0.583468 0.000664862
0.11012250152 0.575261 0.000663831
0.110670238931 0.575399 0.000663527
0.111217974321 0.566101 0.000661837
0.111765707681 0.553734 0.00066166
0.112313439001 0.549195 0.000661552
0.112861168271 0.548158 0.000659619
0.113408895481 0.542126 0.000659555
0.11395662062 0.538687 0.000658304
0.114504343679 0.532259 0.000658583
0.115052064649 0.516828 0.000656766
0.115599783518 0.507268 0.000655577
0.116147500277 0.504078 0.000655982
0.116695214915 0.499871 0.000654065
0.117242927424 0.492025 0.000654366
0.117790637793 0.481475 0.000652748
0.118338346012 0.484005 0.000652449
0.11888605207 0.478057 0.000652205
0.119433755959 0.466765 0.000650561
0.119981457668 0.459477 0.00065081
0.120529157186 0.451967 0.000648886
0.121076854505 0.444523 0.000648826
0.121624549614 0.439166 0.000648446
0.122172242502 0.436307 0.000646839
0.122719933161 0.435224 0.000647051
0.12326762158 0.431873 0.000645575
0.12381530775 0.423038 0.000645503
0.124362991659 0.415869 0.000644183
0.124910673298 0.408141 0.000643288
0.125458352658 0.404083 0.000642964
0.126006029728 0.393433 0.000641375
0.126553704498 0.381523 0.000642
0.127101376958 0.38222 0.000640369
0.127649047099 0.381853 0.000639902
0.12819671491 0.382432 0.000639684
0.128744380381 0.376314 0.000638249
0.129292043502 0.366974 0.000637841
0.129839704264 0.360651 0.000635943
0.130387362656 0.349622 0.000636504
0.130935018669 0.341867 0.000635243
0.131482672292 0.339587 0.000634235
0.132030323515 0.338913 0.000634097
0.132577972329 0.328939 0.000632608
0.133125618723 0.3261 0.000633124
0.133673262688 0.317112 0.000631467
0.134220904214 0.316941 0.000631239
0.13476854329 0.317596 0.000630764
0.135316179906 0.305231 0.000629296
0.135863814053 0.301396 0.000629569
0.136411445721 0.297978 0.000627857
0.136959074899 0.29327 0.000627756
0.137506701578 0.294602 0.000627503
0.138054325748 0.289142 0.000626653
0.138601947398 0.287954 0.000626329
0.139149566519 0.285703 0.000624689
0.139697183101 0.285065 0.000625059
0.140244797133 0.278232 0.000623898
0.140792408607 0.277149 0.000623431
0.141340017511 0.274226 0.000623033
0.141887623836 0.27735 0.000621718
0.142435227572 0.270494 0.00062202
0.142982828709 0.260895 0.000620275
0.143530427237 0.258402 0.000620564
0.144078023146 0.256494 0.000619787
0.144625616426 0.252702 0.000618845
0.145173207067 0.246798 0.00061852
0.145720795059 0.248003 0.000617241
0.146268380392 0.254512 0.000617516
0.146815963056 0.248848 0.000617159
0.147363543041 0.246465 0.000615942
0.147911120338 0.249281 0.000615774
0.148458694935 0.25052 0.000615255
0.149006266824 0.244811 0.000614894
0.149553835994 0.240415 0.000613383
0.150101402436 0.241541 0.000613412
0.150648966139 0.240877 0.000613139
0.151196527093 0.234864 0.000611951
0.151744085288 0.234581 0.000612233
0.152291640715 0.239556 0.000610549
0.152839193364 0.233763 0.000610654
0.153386743224 0.232683 0.000609925
0.153934290285 0.235147 0.00060966
0.154481834538 0.235303 0.000609399
0.155029375972 0.236113 0.000608149
0.155576914579 0.236725 0.000608202
0.156124450346 0.238787 0.000607097
0.156671983266 0.230892 0.000606754
0.157219513327 0.229003 0.000606413
0.15776704052 0.225491 0.000605431
0.158314564835 0.222304 0.000605679
0.158862086261 0.223473 0.000604369
0.15940960479 0.220121 0.000604307
0.15995712041 0.219328 0.000603337
0.160504633112 0.223036 0.000602388
0.161052142887 0.221766 0.000603002
0.161599649723 0.223121 0.000601206
0.162147153611 0.219671 0.000601367
0.162694654541 0.216809 0.000600547
0.163242152504 0.212526 0.000599925
0.163789647488 0.208155 0.000599683
0.164337139485 0.209871 0.000598337
0.164884628484 0.211654 0.000599108
0.165432114476 0.207478 0.000597698
0.165979597449 0.206368 0.000597495
0.166527077395 0.203041 0.000596767
0.167074554304 0.202251 0.000595853
0.167622028164 0.19773 0.000596163
0.168169498968 0.193712 0.000594615
0.168716966703 0.192975 0.000594384
0.169264431362 0.19212 0.000593953
0.169811892933 0.194379 0.000593241
0.170359351406 0.202299 0.00059368
0.170906806773 0.193771 0.000591536
0.171454259022 0.186038 0.000592015
0.172001708143 0.185002 0.00059046
0.172549154128 0.185203 0.000589997
0.173096596965 0.182361 0.000589198
0.173644036645 0.180173 0.000588237
0.174191473159 0.185758 0.000588848
0.174738906495 0.186807 0.000587271
0.175286336644 0.181037 0.000586835
0.175833763596 0.176655 0.000585928
0.176381187342 0.179612 0.000585539
0.17692860787 0.177403 0.000585755
0.177476025172 0.173259 0.000584099
0.178023439237 0.169854 0.000583905
0.178570850056 0.176457 0.000583427
0.179118257617 0.178905 0.000582941
0.179665661912 0.174843 0.00058233
0.180213062931 0.16796 0.00058075
0.180760460663 0.162634 0.000580906
0.181307855099 0.164792 0.000579897
0.181855246228 0.169251 0.000579818
0.182402634041 0.167008 0.000579075
0.182950018527 0.173049 0.00057841
0.183497399678 0.171306 0.00057818
0.184044777482 0.160547 0.000576626
0.184592151929 0.148452 0.000576425
0.185139523011 0.150025 0.000575454
0.185686890717 0.157463 0.000575584
0.186234255037 0.157322 0.000575164
0.186781615961 0.155248 0.0005739
0.187328973478 0.155764 0.000574188
0.18787632758 0.155062 0.000572753
0.188423678257 0.156152 0.000572653
0.188971025497 0.156587 0.000572199
0.189518369292 0.152881 0.000571016
0.190065709631 0.146331 0.000570819
0.190613046505 0.151196 0.00056972
0.191160379903 0.151472 0.000570098
0.191707709816 0.146129 0.000569026
0.192255036233 0.148627 0.000568461
0.192802359145 0.150172 0.00056833
0.193349678541 0.147667 0.000567098
0.193896994412 0.13879 0.000567437
0.194444306749 0.13565 0.00056621
0.19499161554 0.138358 0.000565806
0.195538920776 0.14011 0.000565763
0.196086222446 0.142389 0.000564275
0.196633520542 0.145201 0.000564508
0.197180815053 0.141675 0.000562985
0.19772810597 0.135016 0.000563294
0.198275393281 0.140715 0.000562874
0.198822676978 0.139392 0.000561547
0.19936995705 0.13351 0.00056212
0.199917233487 0.134495 0.000565647
0.20046450628 0.130643 0.00057716
0.201011775419 0.133477 0.000582786
0.201559040893 0.137114 0.000587875
0.202106302693 0.136619 0.000592533
0.202653560808 0.134917 0.000595188
0.203200815229 0.129731 0.000598973
0.203748065946 0.128616 0.000601724
0.204295312949 0.130979 0.000605143
0.204842556228 0.124852 0.000608053
0.205389795773 0.124504 0.000609756
0.205937031575 0.120727 0.000612623
0.206484263622 0.115197 0.000614255
0.207031491905 0.117254 0.000618368
0.207578716415 0.117742 0.000621095
0.208125937141 0.123056 0.00062169
0.208673154074 0.124953 0.000623625
0.209220367203 0.124707 0.00062345
0.209767576519 0.124152 0.000624852
0.210314782011 0.127517 0.000624133
0.21086198367 0.119458 0.000632221
0.211409181486 0.11554 0.000649556
0.211956375448 0.123355 0.000659729
0.212503565548 0.11915 0.0006691
0.213050751774 0.114676 0.000675812
0.213597934118 0.112411 0.000684141
0.214145112568 0.11717 0.000690182
0.214692287116 0.114726 0.000696147
0.215239457751 0.111888 0.000703261
0.215786624464 0.110957 0.000708177
0.216333787244 0.116001 0.000715689
0.216880946081 0.11346 0.000719796
0.217428100966 0.115156 0.000726021
0.217975251889 0.123477 0.000733005
0.218522398839 0.124708 0.000736414
0.219069541807 0.116705 0.00074399
0.219616680783 0.112476 0.000745442
0.220163815757 0.111108 0.000750963
0.220710946719 0.1121 0.000741974
0.221258073659 0.117072 0.000717779
0.221805196567 0.111895 0.000705775
0.222352315433 0.105845 0.000694461
0.222899430248 0.104249 0.000688487
0.223446541001 0.112881 0.000681286
0.223993647683 0.113644 0.000675683
0.224540750283 0.115005 0.000671088
0.225087848791 0.112534 0.00066489
0.225634943199 0.10967 0.000662219
0.226182033495 0.112127 0.000656954
0.22672911967 0.112341 0.000653248
0.227276201714 0.105037 0.000649942
0.227823279617 0.106337 0.000645816
0.22837035337 0.106438 0.000643603
0.228917422961 0.103798 0.000638906
0.229464488382 0.1097 0.000638496
0.230011549622 0.109367 0.000637179
0.230558606671 0.108674 0.000635496
0.23110565952 0.106828 0.000634905
0.231652708159 0.107527 0.000631227
0.232199752577 0.108531 0.000629932
0.232746792766 0.106149 0.000626705
0.233293828714 0.101413 0.000624307
0.233840860412 0.0990631 0.000622254
0.23438788785 0.0972587 0.000618964
0.234934911018 0.101474 0.00061777
0.235481929906 0.106525 0.000614592
0.236028944505 0.0957439 0.000612961
0.236575954804 0.0972716 0.000610838
0.237122960794 0.104086 0.000608668
0.237669962464 0.104472 0.000607315
0.238216959805 0.104294 0.0006041
0.238763952807 0.106309 0.000603203
0.239310941459 0.104991 0.000600908
0.239857925752 0.10252 0.000598825
0.240404905677 0.102928 0.000597271
0.240951881222 0.0996555 0.000594802
0.241498852379 0.0954793 0.000593966
0.242045819137 0.0886733 0.00059115
0.242592781487 0.0860488 0.00058991
0.243139739418 0.0835851 0.000588003
0.243686692921 0.087824 0.000585875
0.244233641985 0.0982671 0.000585598
0.244780586601 0.0926126 0.000582583
0.245327526759 0.0886925 0.000582143
0.245874462449 0.0913905 0.000579823
0.246421393661 0.0916649 0.000578094
0.246968320385 0.0880439 0.000577362
0.247515242611 0.088274 0.000574958
0.24806216033 0.0891712 0.0005746
0.248609073531 0.0920512 0.000572331
0.249155982205 0.0868624 0.000571347
0.249702886342 0.0851375 0.000569969
0.250249785931 0.090708 0.000567796
0.250796680963 0.0856862 0.00056716
0.251343571428 0.0780619 0.000564986
0.251890457316 0.0746898 0.000564275
0.252437338618 0.0819527 0.000562782
0.252984215322 0.085171 0.00056099
0.25353108742 0.0805688 0.000560488
0.254077954902 0.0798773 0.000558388
0.254624817757 0.0804667 0.000557869
0.255171675976 0.0848836 0.000555806
0.255718529548 0.0891184 0.000555073
0.256265378464 0.0877697 0.000554272
0.256812222715 0.0840794 0.000552193
0.257359062289 0.0839593 0.000551836
0.257905897178 0.0768675 0.000549707
0.258452727371 0.072986 0.000549309
0.258999552859 0.0749499 0.000548039
0.259546373631 0.0725411 0.000546487
0.260093189677 0.0765082 0.000546238
0.260640000989 0.0711446 0.000544166
0.261186807555 0.0694444 0.00054367
0.261733609366 0.0711639 0.000542381
0.262280406413 0.0734086 0.000541341
0.262827198684 0.0741975 0.000540884
0.263373986171 0.0742063 0.000538994
0.263920768863 0.0729637 0.000538527
0.264467546751 0.0698487 0.000536825
0.265014319825 0.0725896 0.000536323
0.265561088074 0.0735268 0.000535442
0.266107851489 0.0736904 0.000533758
0.26665461006 0.0752135 0.000533581
0.267201363777 0.0686263 0.000531667
0.267748112631 0.0614164 0.00053156
0.26829485661 0.0608919 0.000530385
0.268841595707 0.0611956 0.00052886
0.269388329909 0.0636349 0.000528565
0.269935059209 0.0661262 0.000527145
0.270481783595 0.0661116 0.000526758
0.271028503058 0.0649822 0.000525651
0.271575217589 0.0654606 0.000524587
0.272121927176 0.0639698 0.000524143
0.272668631811 0.0634849 0.000522323
0.273215331483 0.0644129 0.000522141
0.273762026183 0.0679994 0.000520623
0.2743087159 0.0658767 0.00052011
0.274855400625 0.0601577 0.000519175
0.275402080348 0.0611089 0.000517998
0.275948755059 0.0594072 0.000517696
0.276495424748 0.0568101 0.000516201
0.277042089406 0.059552 0.000515936
0.277588749021 0.060643 0.000514659
0.278135403586 0.061859 0.000513874
0.278682053089 0.0584107 0.000513043
0.27922869752 0.0587389 0.000512072
0.279775336871 0.0575333 0.000511492
0.280321971131 0.0582268 0.000510007
0.28086860029 0.0596178 0.000509437
0.281415224338 0.0584954 0.000508946
0.281961843265 0.0565882 0.000507784
0.282508457062 0.0540939 0.000507121
0.283055065719 0.0541165 0.000505948
0.283601669226 0.0569871 0.000505488
0.284148267572 0.0602148 0.00050482
0.284694860749 0.0599317 0.000503885
0.285241448746 0.0587686 0.000503114
0.285788031553 0.0592911 0.000502349
0.28633460916 0.0581522 0.00050159
0.286881181558 0.0613749 0.00050069
0.287427748737 0.0626972 0.000499563
0.287974310687 0.0627862 0.000499195
0.288520867398 0.0597699 0.000498383
0.28906741886 0.058731 0.000497525
0.289613965063 0.0554796 0.000496743
0.290160505998 0.0508197 0.000495736
0.290707041654 0.0527327 0.00049525
0.291253572022 0.0538637 0.000494075
0.291800097091 0.0584932 0.000492866
0.292346616853 0.0579996 0.000491802
0.292893131297 0.0559859 0.000490911
0.293439640413 0.0562913 0.000489746
0.293986144191 0.0579728 0.0004884
0.294532642622 0.0567676 0.000487464
0.295079135696 0.0544725 0.000486453
0.295625623403 0.059358 0.000485625
0.296172105732 0.0604963 0.00048473
0.296718582675 0.0567507 0.000483107
0.29726505422 0.0518672 0.000482572
0.29781152036 0.0501672 0.000481597
0.298357981082 0.0589261 0.000481667
0.298904436379 0.0580119 0.000481291
0.299450886239 0.0512305 0.000480841
0.299997330653 0.0484214 0.000480733
0.300543769612 0.0484697 0.000480122
0.301090203104 0.0535239 0.000479886
0.301636631122 0.0614411 0.000479854
0.302183053653 0.0635351 0.000479496
0.30272947069 0.0591886 0.000479134
0.303275882221 0.0583251 0.000478912
0.303822288237 0.0588148 0.000478318
0.304368688729 0.0584541 0.000478355
0.304915083686 0.0597832 0.000477976
0.305461473098 0.057061 0.000477824
0.306007856956 0.0514469 0.00047726
0.30655423525 0.0515022 0.000477091
0.30710060797 0.0571631 0.000477047
0.307646975106 0.0600142 0.000476548
0.308193336648 0.0565842 0.000476306
0.308739692586 0.0557854 0.000475927
0.309286042912 0.0538015 0.000475796
0.309832387613 0.0494382 0.000475266
0.310378726682 0.0519834 0.000475101
0.310925060108 0.0531563 0.000474622
0.311471387881 0.0544625 0.000474607
0.312017709992 0.0578701 0.000474379
0.31256402643 0.0560591 0.000473733
0.313110337185 0.050572 0.000473761
0.313656642249 0.0487676 0.000473021
0.31420294161 0.0518624 0.000473175
0.31474923526 0.0543599 0.000472729
0.315295523188 0.0533709 0.000472473
0.315841805385 0.0529012 0.00047255
0.31638808184 0.0514434 0.000471695
0.316934352544 0.0468882 0.000471868
0.317480617487 0.0486426 0.000471043
0.318026876659 0.0533047 0.000471084
0.318573130051 0.0521642 0.00047099
0.319119377652 0.0540045 0.000470285
0.319665619453 0.054266 0.000470601
0.320211855444 0.0484323 0.000469435
0.320758085614 0.0504853 0.000469955
0.321304309955 0.052787 0.000469458
0.321850528457 0.0543307 0.000468747
0.322396741108 0.0570107 0.000469116
0.322942947901 0.0557182 0.000468198
0.323489148824 0.0537675 0.000468365
0.324035343868 0.0527832 0.000467734
0.324581533024 0.0521437 0.000467453
0.325127716281 0.0533213 0.000467717
0.32567389363 0.0581292 0.000466997
0.32622006506 0.0571785 0.000467181
0.326766230562 0.0551544 0.00046624
0.327312390127 0.0536707 0.000466499
0.327858543743 0.051474 0.000466203
0.328404691402 0.0521339 0.000465566
0.328950833094 0.0515246 0.000465794
0.329496968809 0.0541546 0.000464829
0.330043098536 0.0565512 0.000465333
0.330589222267 0.0529868 0.000464584
0.331135339991 0.0536156 0.000464204
0.331681451699 0.0529897 0.000466375
0.33222755738 0.0489293 0.000474556
0.332773657025 0.0524479 0.000480309
0.333319750624 0.0537686 0.000483775
0.333865838168 0.0540794 0.000487194
0.334411919646 0.0532806 0.000490518
0.334957995049 0.0495702 0.000492612
0.335504064366 0.0506402 0.00049551
0.336050127589 0.0501062 0.00049717
0.336596184707 0.0502166 0.000499851
0.33714223571 0.0520336 0.000500763
0.337688280589 0.0510019 0.000501075
0.338234319333 0.0482409 0.000502422
0.338780351934 0.0493889 0.000502275
0.33932637838 0.0490728 0.000503883
0.339872398663 0.0459776 0.000503945
0.340418412773 0.0437714 0.000504484
0.340964420699 0.0468514 0.000505446
0.341510422432 0.0486694 0.000505655
0.342056417962 0.0470644 0.000506942
0.34260240728 0.0461748 0.000506644
0.343148390375 0.0500448 0.000507819
0.343694367238 0.0544293 0.00050843
0.344240337859 0.0505937 0.000508493
0.344786302227 0.0516625 0.00050953
0.345332260334 0.0515619 0.000509086
0.34587821217 0.0498134 0.000510282
0.346424157724 0.0508065 0.000510545
0.346970096987 0.0594425 0.000511008
0.34751602995 0.057438 0.000511797
0.348061956601 0.0538059 0.000511451
0.348607876932 0.0485647 0.000512668
0.349153790933 0.0497762 0.00051226
0.349699698594 0.0508904 0.00051298
0.350245599904 0.0474644 0.000513531
0.350791494855 0.0453245 0.000513578
0.351337383437 0.0412123 0.000514563
0.351883265639 0.0440925 0.000513915
0.352429141453 0.0461511 0.000514807
0.352975010867 0.0463417 0.000515355
0.353520873873 0.0436883 0.000515355
0.35406673046 0.0435454 0.000516134
0.354612580619 0.0464569 0.000515713
0.35515842434 0.0515129 0.000517183
0.355704261613 0.0463304 0.000516849
0.356250092429 0.046204 0.000517307
0.356795916777 0.0469725 0.000517849
0.357341734648 0.0521638 0.000517488
0.357887546032 0.0498774 0.000518887
0.358433350919 0.0496 0.000518033
0.3589791493 0.0535366 0.000519054
0.359524941164 0.0499386 0.00051905
0.360070726502 0.0453457 0.000519246
0.360616505304 0.053587 0.000520296
0.361162277561 0.0490054 0.000519162
0.361708043262 0.0465328 0.000520316
0.362253802398 0.0524576 0.000520565
0.362799554959 0.0488358 0.000520744
0.363345300935 0.0440825 0.000521165
0.363891040317 0.0512683 0.000520815
0.364436773094 0.0503295 0.000522056
0.364982499257 0.0476604 0.000521737
0.365528218796 0.0466173 0.000522403
0.366073931702 0.0508158 0.000522847
0.366619637964 0.0475272 0.000522414
0.367165337572 0.0463056 0.000523519
0.367711030518 0.0480223 0.000522614
0.368256716791 0.0493738 0.00052361
0.368802396381 0.049797 0.00052348
0.369348069279 0.0488635 0.000523965
0.369893735475 0.0450023 0.000524539
0.370439394959 0.0461262 0.000523738
0.370985047721 0.0456199 0.000524957
0.371530693752 0.0441812 0.000524495
0.372076333042 0.0484635 0.000525031
0.372621965581 0.044138 0.000525149
0.373167591359 0.0461938 0.000525208
0.373713210366 0.0479995 0.000526585
0.374258822594 0.0420398 0.000525584
0.374804428031 0.0431456 0.000526209
0.375350026668 0.0401402 0.000526295
0.375895618496 0.0435079 0.000526506
0.376441203505 0.0482552 0.000527655
0.376986781684 0.0480845 0.000526415
0.377532353025 0.0534066 0.000527635
0.378077917517 0.0541788 0.000527518
0.378623475151 0.0521912 0.000527879
0.379169025916 0.0481017 0.000528254
0.379714569804 0.0506368 0.000527531
0.380260106804 0.0511899 0.000529036
0.380805636906 0.0487331 0.000528354
0.381351160102 0.0450957 0.000528927
0.38189667638 0.0490948 0.000529019
0.382442185732 0.0537349 0.000528745
0.382987688148 0.0526392 0.000530068
0.383533183617 0.0466321 0.000529088
0.38407867213 0.0439334 0.000529667
0.384624153678 0.0388101 0.000529589
0.38516962825 0.0407858 0.00052972
0.385715095837 0.045954 0.00053073
0.386260556429 0.0514365 0.000529886
0.386806010017 0.0475451 0.000530941
0.387351456589 0.045635 0.000530617
0.387896896138 0.0445332 0.00053107
0.388442328653 0.0458478 0.000531297
0.388987754124 0.0486693 0.000530847
0.389533172542 0.051123 0.00053205
0.390078583896 0.0483036 0.0005314
0.390623988178 0.0431861 0.000532088
0.391169385377 0.0499066 0.00053192
0.391714775483 0.0492824 0.000531874
0.392260158488 0.0487469 0.000532879
0.39280553438 0.0516264 0.000532021
0.393350903151 0.0532382 0.000532474
0.393896264791 0.0542176 0.000531783
0.394441619289 0.0552641 0.000531515
0.394986966636 0.0532461 0.000531382
0.395532306823 0.0458915 0.000530157
0.39607763984 0.0463102 0.000530516
0.396622965677 0.0487924 0.000529476
0.397168284323 0.0469817 0.000529693
0.39771359577 0.0436873 0.000528961
0.398258900008 0.0424531 0.000528373
0.398804197027 0.0439852 0.000529128
0.399349486817 0.0460547 0.000528308
0.399894769369 0.0486855 0.000529298
0.400440044673 0.0509475 0.000528693
0.400985312718 0.0528519 0.000529177
0.401530573496 0.0526489 0.000529775
0.402075826997 0.0545226 0.000528831
0.40262107321 0.0479775 0.000529753
0.403166312127 0.0435659 0.000529238
0.403711543737 0.0436834 0.000530064
0.40425676803 0.0445614 0.000530255
0.404801984998 0.0458107 0.000529295
0.40534719463 0.0446435 0.000530572
0.405892396917 0.0444438 0.000529652
0.406437591848 0.0460196 0.000530928
0.406982779414 0.0539304 0.000530773
0.407527959606 0.0486659 0.000530329
0.408073132413 0.0483268 0.000531317
0.408618297826 0.0482064 0.000530482
0.409163455836 0.0492874 0.000531353
0.409708606432 0.0493101 0.000530853
0.410253749605 0.0459055 0.000531208
0.410798885344 0.0413618 0.000531602
0.411344013641 0.0462955 0.000531009
0.411889134486 0.0499333 0.000531902
0.412434247869 0.052684 0.000531192
0.412979353779 0.0440271 0.000531961
0.413524452209 0.0443106 0.000531945
0.414069543147 0.045761 0.000531414
0.414614626584 0.0457769 0.000532419
0.41515970251 0.0440077 0.000531586
0.415704770916 0.0401889 0.000532533
0.416249831792 0.044152 0.000532001
0.416794885128 0.0457343 0.000532019
0.417339930915 0.0436949 0.000532836
0.417884969142 0.0498565 0.000532369
0.418429999801 0.0491412 0.000533285
0.418975022881 0.0443419 0.000532074
0.419520038372 0.044154 0.000532831
0.420065046266 0.0445056 0.00053293
0.420610046552 0.0519178 0.000532702
0.42115503922 0.0454345 0.000533344
0.421700024262 0.0448104 0.000532408
0.422245001666 0.0484653 0.000533424
0.422789971424 0.0457375 0.000533204
0.423334933526 0.0420886 0.000533104
0.423879887961 0.0454996 0.000533846
0.424424834721 0.0485837 0.000533042
0.424969773796 0.0481598 0.000533968
0.425514705176 0.0478598 0.000533112
0.426059628851 0.0481962 0.000533611
0.426604544812 0.0503826 0.000534193
0.427149453048 0.0509104 0.000533545
0.427694353551 0.0489014 0.000534326
0.42823924631 0.0490484 0.000533181
0.428784131316 0.0505991 0.000534413
0.42932900856 0.0506862 0.000534152
0.42987387803 0.0507757 0.000533847
0.430418739719 0.0444026 0.000534264
0.430963593615 0.0426706 0.000533402
0.43150843971 0.0455865 0.000534768
0.432053277994 0.0484991 0.000534126
0.432598108456 0.0444161 0.000533989
0.433142931088 0.0429898 0.000534602
0.43368774588 0.0428555 0.000533843
0.434232552821 0.0417338 0.000535209
0.434777351903 0.0403978 0.000533921
0.435322143115 0.0471182 0.000534628
0.435866926448 0.0448572 0.000535027
0.436411701893 0.0452457 0.000534344
0.436956469439 0.0478955 0.000535161
0.437501229077 0.0479181 0.000534311
0.438045980797 0.0481268 0.000535357
0.438590724589 0.0496998 0.000535115
0.439135460445 0.0487846 0.000534575
0.439680188353 0.0481423 0.000535193
0.440224908305 0.0473826 0.000534555
0.440769620291 0.0461128 0.000535687
0.441314324301 0.0375009 0.000534706
0.441859020326 0.0431822 0.000534947
0.442403708355 0.0512483 0.000535436
0.44294838838 0.0466614 0.00053491
0.44349306039 0.0419667 0.000535913
0.444037724375 0.0450678 0.000535009
0.444582380327 0.0452282 0.000535514
0.445127028236 0.0417992 0.000535428
0.445671668091 0.040628 0.000535257
0.446216299883 0.0465961 0.000535954
0.446760923603 0.0441055 0.000534955
0.44730553924 0.043809 0.00053606
0.447850146786 0.0420525 0.000535479
0.44839474623 0.0384652 0.000535716
0.448939337563 0.0494561 0.00053585
0.449483920775 0.0498484 0.000535625
0.450028495857 0.0439543 0.000536715
0.450573062798 0.0426991 0.000535687
0.45111762159 0.0394563 0.000536096
0.451662172222 0.0490884 0.000536161
0.452206714685 0.0424601 0.000535873
0.452751248969 0.0385872 0.00053732
0.453295775065 0.0386707 0.000536677
0.453840292963 0.0369257 0.000537112
0.454384802653 0.0391919 0.000536427
0.454929304125 0.0446655 0.000536404
0.455473797371 0.0500032 0.000537065
0.45601828238 0.0471433 0.000535676
0.456562759142 0.0486595 0.000537274
0.457107227649 0.0460523 0.000536047
0.45765168789 0.0390043 0.000536737
0.458196139855 0.0440336 0.000536618
0.458740583536 0.0482731 0.00053607
0.459285018922 0.0524183 0.000537296
0.459829446004 0.0422736 0.000535901
0.460373864772 0.0444058 0.000537307
0.460918275216 0.0541173 0.000536736
0.461462677327 0.0511495 0.000536764
0.462007071096 0.0455243 0.000537445
0.462551456512 0.0390973 0.00053633
0.463095833566 0.0430017 0.000537549
0.463640202248 0.0471552 0.000536813
0.464184562549 0.0502919 0.000537391
0.464728914459 0.0484725 0.000537443
0.465273257969 0.0424788 0.000536704
0.465817593068 0.0470364 0.000537567
0.466361919747 0.0432213 0.000536579
0.466906237997 0.0418879 0.000537086
0.467450547807 0.0454488 0.000536856
0.467994849169 0.0516181 0.000536945
0.468539142073 0.0446914 0.000537687
0.469083426508 0.0403891 0.000537203
0.469627702466 0.0424974 0.000537525
0.470171969936 0.0443542 0.000537597
0.470716228909 0.0443549 0.000537294
0.471260479376 0.0433779 0.000537814
0.471804721327 0.0463457 0.000537456
0.472348954752 0.0508352 0.000537717
0.472893179641 0.051256 0.000537821
0.473437395986 0.0501392 0.000537875
0.473981603776 0.0501535 0.000538011
0.474525803001 0.0487095 0.000537647
0.475069993653 0.0471265 0.000537919
0.475614175721 0.0475938 0.000538026
0.476158349196 0.0505289 0.000538009
0.476702514068 0.0504765 0.000538064
0.477246670328 0.047904 0.000538059
0.477790817966 0.0443927 0.000538168
0.478334956972 0.0480306 0.000538198
0.478879087337 0.0424389 0.000538036
0.479423209051 0.0427487 0.000538312
0.479967322105 0.0446435 0.000538277
0.480511426489 0.0543027 0.000538434
0.481055522193 0.0525499 0.000538403
0.481599609207 0.053041 0.000538182
0.482143687523 0.0541134 0.000538488
0.482687757131 0.0488488 0.000538621
0.48323181802 0.0523707 0.000538455
0.483775870181 0.0491142 0.000538479
0.484319913606 0.0452999 0.000545588
0.484863948283 0.0454919 0.000563223
0.485407974204 0.0486521 0.000573844
0.485951991359 0.0448515 0.000581863
0.486495999738 0.047609 0.0005899
0.487039999332 0.0495081 0.000597271
0.48758399013 0.0434582 0.000603445
0.488127972125 0.0400665 0.000609157
0.488671945305 0.0428921 0.000612486
0.489215909661 0.0437431 0.000615834
0.489759865185 0.0510429 0.000621544
0.490303811865 0.0462368 0.000626533
0.490847749693 0.0357801 0.00063185
0.491391678658 0.0409558 0.000637496
0.491935598752 0.0486007 0.000642639
0.492479509965 0.0466126 0.000647984
0.493023412287 0.045634 0.000652963
0.493567305709 0.04466 0.000658035
0.49411119022 0.0478524 0.000663484
0.494655065812 0.057364 0.000668707
0.495198932475 0.0572232 0.000673441
0.495742790199 0.0487913 0.000678519
0.496286638974 0.0498318 0.000684074
0.496830478792 0.0464034 0.000688968
0.497374309642 0.0540088 0.000694182
0.497918131514 0.0502417 0.000699616
0.498461944401 0.048616 0.000704213
0.49900574829 0.0507568 0.000709837
0.499549543174 0.0402052 0.00071442
0.500093329043 0.0390979 0.000719643
0.500637105886 0.0395971 0.000725737
0.501180873695 0.0411843 0.000730656
0.50172463246 0.0443449 0.000735469
0.502268382171 0.0390694 0.000740758
0.502812122819 0.0413587 0.000746541
0.503355854394 0.0365781 0.000752164
0.503899576886 0.0387323 0.00075743
0.504443290286 0.0472207 0.000763329
0.504986994585 0.0436519 0.000769143
0.505530689773 0.0381205 0.000774939
0.50607437584 0.0444915 0.000781091
0.506618052776 0.0429409 0.000785654
0.507161720573 0.0498015 0.000792917
0.50770537922 0.0598251 0.000799476
0.508249028708 0.062655 0.00080531
0.508792669028 0.0503485 0.000811303
0.509336300169 0.0532037 0.000816842
0.509879922123 0.047417 0.000823698
0.51042353488 0.0405405 0.000830568
0.510967138429 0.045005 0.000836345
0.511510732763 0.0489421 0.000843204
0.51205431787 0.0518706 0.000850441
0.512597893742 0.0482359 0.000857596
0.513141460369 0.0477329 0.000864092
0.513685017741 0.050402 0.000869745
0.51422856585 0.0454447 0.000878215
0.514772104684 0.0423337 0.000885598
0.515315634235 0.0477162 0.000893522
0.515859154494 0.0457189 0.000900557
0.51640266545 0.0471081 0.000908389
0.516946167094 0.0516144 0.000916853
0.517489659417 0.0552932 0.000924438
0.518033142409 0.0495455 0.000931787
0.51857661606 0.0374059 0.000941204
0.519120080361 0.0390221 0.000949657
0.519663535302 0.0368123 0.000959217
0.520206980875 0.034211 0.000967032
0.520750417068 0.0516545 0.000976381
0.521293843874 0.0545048 0.000987428
0.521837261281 0.0526563 0.000996087
0.522380669281 0.0541526 0.00100618
0.522924067865 0.0493161 0.00101507
0.523467457022 0.0531779 0.00102638
0.524010836743 0.0579084 0.0010348
0.524554207018 0.0462203 0.0010393
0.525097567839 0.0399184 0.00104361
0.525640919194 0.0340477 0.00105007
0.526184261076 0.0387806 0.00105546
0.526727593474 0.0519697 0.00106215
0.52727091638 0.0637237 0.0010669
0.527814229782 0.0669163 0.00107415
0.528357533672 0.0524606 0.00107907
0.528900828041 0.0354044 0.00108434
0.529444112878 0.0295687 0.00108966
0.529987388174 0.0377088 0.00109584
0.53053065392 0.0480263 0.00110379
0.531073910106 0.0485639 0.00111
0.531617156723 0.0500723 0.00111498
0.532160393761 0.0454092 0.00112113
0.532703621211 0.0427361 0.00112887
0.533246839062 0.0321512 0.00113517
0.533790047307 0.0503001 0.00114247
0.534333245934 0.0462816 0.00114653
0.534876434935 0.0331954 0.0011553
0.5354196143 0.0413615 0.00116258
0.535962784019 0.0456409 0.00117018
0.536505944083 0.0496823 0.0011751
0.537049094483 0.0656289 0.00118485
0.537592235208 0.0647998 0.00119378
0.538135366251 0.0622829 0.00120182
0.5386784876 0.0613618 0.00120656
0.539221599246 0.0591814 0.00121662
0.53976470118 0.0526836 0.00122427
0.540307793393 0.045094 0.00123198
0.540850875875 0.0547911 0.00123997
0.541393948616 0.0579002 0.00124714
0.541937011607 0.0559139 0.00125637
0.542480064838 0.0519208 0.00126397
0.543023108301 0.0564677 0.00127475
0.543566141984 0.0570749 0.00128358
0.54410916588 0.0476524 0.00129109
0.544652179978 0.040635 0.00130328
0.545195184269 0.0355112 0.00131243
0.545738178743 0.0395913 0.00132233
0.546281163391 0.0414836 0.00133096
0.546824138203 0.0451469 0.00133928
0.547367103171 0.0433572 0.00135203
0.547910058284 0.044078 0.00136034
0.548453003532 0.0389224 0.00137035
0.548995938907 0.0392758 0.00138327
0.5495388644 0.0264796 0.00139073
0.550081779999 0.0344427 0.00140346
0.550624685697 0.04676 0.00141455
0.551167581483 0.0516236 0.00142837
0.551710467348 0.0522219 0.00144022
0.552253343282 0.0472603 0.00144993
0.552796209277 0.0500599 0.00146577
0.553339065322 0.028497 0.00147753
0.553881911408 0.0239495 0.00149104
0.554424747525 0.037828 0.00150614
0.554967573665 0.0452131 0.00151672
0.555510389817 0.0487348 0.00153279
0.556053195973 0.0530241 0.00154725
0.556595992122 0.0536197 0.00156159
0.557138778255 0.0583221 0.00157925
0.557681554363 0.0587852 0.00159345
0.558224320437 0.0451232 0.0016104
0.558767076466 0.0415955 0.00162613
0.559309822441 0.0479125 0.00164092
0.559852558353 0.0547077 0.00166178
0.560395284193 0.0381276 0.00167864
0.56093799995 0.0410165 0.00170001
0.561480705616 0.0520684 0.00171792
0.562023401181 0.0597713 0.00173728
0.562566086635 0.0633598 0.0017612
0.563108761969 0.0546583 0.00177897
0.563651427174 0.0520693 0.00180248
0.56419408224 0.055336 0.00182495
0.564736727158 0.0576231 0.00184542
0.565279361917 0.0514936 0.00187563
0.56582198651 0.0527644 0.00189738
0.566364600925 0.0642113 0.00192627
0.566907205155 0.0696222 0.00195949
0.567449799189 0.0637417 0.00198201
0.567992383017 0.0736561 0.00201767
0.568534956631 0.0727357 0.00204447
0.569077520021 0.0529892 0.00208051
0.569620073178 0.0416705 0.0021145
0.570162616092 0.0598923 0.00214551
0.570705148753 0.061233 0.00219134
